0 0 car -1 -1 -10 295 163 456 289 -1 -1 -1 -1000 -1000 -1000 -10 0.999755
0 1 pedestrian -1 -1 -10 1111 149 1201 325 -1 -1 -1 -1000 -1000 -1000 -10 0.522389
1 2 car -1 -1 -10 296 162 454 285 -1 -1 -1 -1000 -1000 -1000 -10 0.999824
1 3 pedestrian -1 -1 -10 1140 154 1220 321 -1 -1 -1 -1000 -1000 -1000 -10 0.746384
2 4 car -1 -1 -10 296 156 450 276 -1 -1 -1 -1000 -1000 -1000 -10 0.999915
2 5 pedestrian -1 -1 -10 1164 155 1236 317 -1 -1 -1 -1000 -1000 -1000 -10 0.585336
3 6 car -1 -1 -10 289 148 447 272 -1 -1 -1 -1000 -1000 -1000 -10 0.999843
4 6 car -1 -1 -10 289 148 445 271 -1 -1 -1 -1000 -1000 -1000 -10 0.999725
5 7 car -1 -1 -10 289 150 439 268 -1 -1 -1 -1000 -1000 -1000 -10 0.999655
6 7 car -1 -1 -10 291 152 435 268 -1 -1 -1 -1000 -1000 -1000 -10 0.999702
7 7 car -1 -1 -10 287 155 434 267 -1 -1 -1 -1000 -1000 -1000 -10 0.99959
8 7 car -1 -1 -10 286 157 432 267 -1 -1 -1 -1000 -1000 -1000 -10 0.999477
9 7 car -1 -1 -10 284 156 429 267 -1 -1 -1 -1000 -1000 -1000 -10 0.99947
10 7 car -1 -1 -10 284 160 425 268 -1 -1 -1 -1000 -1000 -1000 -10 0.999621
11 7 car -1 -1 -10 282 162 425 268 -1 -1 -1 -1000 -1000 -1000 -10 0.999695
12 7 car -1 -1 -10 280 160 423 264 -1 -1 -1 -1000 -1000 -1000 -10 0.998724
13 7 car -1 -1 -10 280 161 415 261 -1 -1 -1 -1000 -1000 -1000 -10 0.988193
14 7 car -1 -1 -10 277 154 415 265 -1 -1 -1 -1000 -1000 -1000 -10 0.996664
15 8 car -1 -1 -10 277 164 416 258 -1 -1 -1 -1000 -1000 -1000 -10 0.988695
16 8 car -1 -1 -10 272 152 417 257 -1 -1 -1 -1000 -1000 -1000 -10 0.988817
17 8 car -1 -1 -10 277 162 413 258 -1 -1 -1 -1000 -1000 -1000 -10 0.996844
18 8 car -1 -1 -10 278 168 410 260 -1 -1 -1 -1000 -1000 -1000 -10 0.995872
19 8 car -1 -1 -10 278 176 411 266 -1 -1 -1 -1000 -1000 -1000 -10 0.996723
20 8 car -1 -1 -10 279 183 413 269 -1 -1 -1 -1000 -1000 -1000 -10 0.996835
21 8 car -1 -1 -10 281 182 412 269 -1 -1 -1 -1000 -1000 -1000 -10 0.984404
21 9 car -1 -1 -10 981 200 1114 274 -1 -1 -1 -1000 -1000 -1000 -10 0.417257
22 8 car -1 -1 -10 283 177 413 264 -1 -1 -1 -1000 -1000 -1000 -10 0.996159
23 8 car -1 -1 -10 288 173 418 259 -1 -1 -1 -1000 -1000 -1000 -10 0.969634
24 8 car -1 -1 -10 293 175 416 262 -1 -1 -1 -1000 -1000 -1000 -10 0.99759
25 8 car -1 -1 -10 303 174 416 261 -1 -1 -1 -1000 -1000 -1000 -10 0.999302
25 10 car -1 -1 -10 1074 193 1242 289 -1 -1 -1 -1000 -1000 -1000 -10 0.978997
26 8 car -1 -1 -10 309 166 414 255 -1 -1 -1 -1000 -1000 -1000 -10 0.997257
26 10 car -1 -1 -10 1103 190 1242 289 -1 -1 -1 -1000 -1000 -1000 -10 0.981048
27 8 car -1 -1 -10 314 161 418 246 -1 -1 -1 -1000 -1000 -1000 -10 0.996698
27 10 car -1 -1 -10 1131 189 1242 288 -1 -1 -1 -1000 -1000 -1000 -10 0.976759
28 8 car -1 -1 -10 322 159 424 245 -1 -1 -1 -1000 -1000 -1000 -10 0.991033
29 8 car -1 -1 -10 332 161 424 247 -1 -1 -1 -1000 -1000 -1000 -10 0.974667
30 8 car -1 -1 -10 335 166 431 253 -1 -1 -1 -1000 -1000 -1000 -10 0.986284
31 8 car -1 -1 -10 338 164 435 254 -1 -1 -1 -1000 -1000 -1000 -10 0.967496
32 8 car -1 -1 -10 351 163 439 247 -1 -1 -1 -1000 -1000 -1000 -10 0.981697
33 11 car -1 -1 -10 357 167 453 250 -1 -1 -1 -1000 -1000 -1000 -10 0.997078
34 8 car -1 -1 -10 362 165 467 246 -1 -1 -1 -1000 -1000 -1000 -10 0.998089
35 8 car -1 -1 -10 375 163 475 243 -1 -1 -1 -1000 -1000 -1000 -10 0.996761
36 8 car -1 -1 -10 381 158 491 238 -1 -1 -1 -1000 -1000 -1000 -10 0.999538
37 8 car -1 -1 -10 395 158 502 239 -1 -1 -1 -1000 -1000 -1000 -10 0.998975
37 12 car -1 -1 -10 635 152 748 211 -1 -1 -1 -1000 -1000 -1000 -10 0.446113
38 8 car -1 -1 -10 408 159 518 242 -1 -1 -1 -1000 -1000 -1000 -10 0.99964
38 12 car -1 -1 -10 640 154 758 211 -1 -1 -1 -1000 -1000 -1000 -10 0.652216
39 8 car -1 -1 -10 420 160 525 241 -1 -1 -1 -1000 -1000 -1000 -10 0.997449
40 8 car -1 -1 -10 435 162 544 243 -1 -1 -1 -1000 -1000 -1000 -10 0.999761
41 8 car -1 -1 -10 451 162 562 244 -1 -1 -1 -1000 -1000 -1000 -10 0.999944
41 12 car -1 -1 -10 689 154 811 215 -1 -1 -1 -1000 -1000 -1000 -10 0.815868
42 8 car -1 -1 -10 467 165 581 246 -1 -1 -1 -1000 -1000 -1000 -10 0.999868
43 8 car -1 -1 -10 482 168 600 245 -1 -1 -1 -1000 -1000 -1000 -10 0.999791
43 12 car -1 -1 -10 718 157 846 222 -1 -1 -1 -1000 -1000 -1000 -10 0.829249
44 8 car -1 -1 -10 499 168 632 245 -1 -1 -1 -1000 -1000 -1000 -10 0.999365
44 12 car -1 -1 -10 733 159 866 222 -1 -1 -1 -1000 -1000 -1000 -10 0.951737
45 8 car -1 -1 -10 516 168 651 244 -1 -1 -1 -1000 -1000 -1000 -10 0.999294
45 12 car -1 -1 -10 752 157 885 222 -1 -1 -1 -1000 -1000 -1000 -10 0.987596
46 8 car -1 -1 -10 541 165 651 247 -1 -1 -1 -1000 -1000 -1000 -10 0.998995
46 12 car -1 -1 -10 770 158 898 221 -1 -1 -1 -1000 -1000 -1000 -10 0.850875
47 8 car -1 -1 -10 558 164 674 246 -1 -1 -1 -1000 -1000 -1000 -10 0.999097
47 12 car -1 -1 -10 788 161 902 221 -1 -1 -1 -1000 -1000 -1000 -10 0.728881
48 8 car -1 -1 -10 578 163 699 240 -1 -1 -1 -1000 -1000 -1000 -10 0.997975
48 12 car -1 -1 -10 809 148 943 223 -1 -1 -1 -1000 -1000 -1000 -10 0.968271
49 8 car -1 -1 -10 599 160 721 238 -1 -1 -1 -1000 -1000 -1000 -10 0.999583
49 12 car -1 -1 -10 961 148 1066 220 -1 -1 -1 -1000 -1000 -1000 -10 0.891088
49 13 car -1 -1 -10 827 150 968 221 -1 -1 -1 -1000 -1000 -1000 -10 0.764329
50 8 car -1 -1 -10 619 159 742 237 -1 -1 -1 -1000 -1000 -1000 -10 0.99969
50 12 car -1 -1 -10 985 147 1119 216 -1 -1 -1 -1000 -1000 -1000 -10 0.921133
50 13 car -1 -1 -10 847 158 969 223 -1 -1 -1 -1000 -1000 -1000 -10 0.995548
51 8 car -1 -1 -10 637 156 766 239 -1 -1 -1 -1000 -1000 -1000 -10 0.999568
51 12 car -1 -1 -10 1011 148 1167 214 -1 -1 -1 -1000 -1000 -1000 -10 0.924362
51 13 car -1 -1 -10 866 157 989 225 -1 -1 -1 -1000 -1000 -1000 -10 0.999669
52 8 car -1 -1 -10 661 157 794 235 -1 -1 -1 -1000 -1000 -1000 -10 0.995589
52 12 car -1 -1 -10 1030 141 1224 222 -1 -1 -1 -1000 -1000 -1000 -10 0.820126
52 13 car -1 -1 -10 884 157 1014 226 -1 -1 -1 -1000 -1000 -1000 -10 0.999635
53 8 car -1 -1 -10 673 158 813 238 -1 -1 -1 -1000 -1000 -1000 -10 0.998136
53 12 car -1 -1 -10 1056 142 1242 226 -1 -1 -1 -1000 -1000 -1000 -10 0.968405
53 13 car -1 -1 -10 904 155 1039 228 -1 -1 -1 -1000 -1000 -1000 -10 0.999033
54 8 car -1 -1 -10 705 157 839 236 -1 -1 -1 -1000 -1000 -1000 -10 0.999458
54 12 car -1 -1 -10 1088 145 1222 225 -1 -1 -1 -1000 -1000 -1000 -10 0.945641
54 13 car -1 -1 -10 921 155 1080 229 -1 -1 -1 -1000 -1000 -1000 -10 0.992152
55 8 car -1 -1 -10 732 156 861 238 -1 -1 -1 -1000 -1000 -1000 -10 0.999899
55 13 car -1 -1 -10 941 150 1113 234 -1 -1 -1 -1000 -1000 -1000 -10 0.998633
55 14 car -1 -1 -10 1112 136 1242 233 -1 -1 -1 -1000 -1000 -1000 -10 0.864306
56 8 car -1 -1 -10 757 156 884 237 -1 -1 -1 -1000 -1000 -1000 -10 0.999936
56 13 car -1 -1 -10 967 149 1137 238 -1 -1 -1 -1000 -1000 -1000 -10 0.997966
56 14 car -1 -1 -10 1143 130 1242 237 -1 -1 -1 -1000 -1000 -1000 -10 0.909365
57 8 car -1 -1 -10 777 155 909 235 -1 -1 -1 -1000 -1000 -1000 -10 0.999881
57 13 car -1 -1 -10 985 148 1159 237 -1 -1 -1 -1000 -1000 -1000 -10 0.994135
57 15 car -1 -1 -10 1172 121 1242 242 -1 -1 -1 -1000 -1000 -1000 -10 0.908261
58 8 car -1 -1 -10 800 154 936 236 -1 -1 -1 -1000 -1000 -1000 -10 0.999817
58 13 car -1 -1 -10 1009 147 1179 237 -1 -1 -1 -1000 -1000 -1000 -10 0.998685
58 15 car -1 -1 -10 1198 101 1242 253 -1 -1 -1 -1000 -1000 -1000 -10 0.569839
59 8 car -1 -1 -10 821 156 967 233 -1 -1 -1 -1000 -1000 -1000 -10 0.999435
59 13 car -1 -1 -10 1040 146 1221 235 -1 -1 -1 -1000 -1000 -1000 -10 0.959157
59 16 pedestrian -1 -1 -10 750 162 815 325 -1 -1 -1 -1000 -1000 -1000 -10 0.87115
60 8 car -1 -1 -10 842 157 993 234 -1 -1 -1 -1000 -1000 -1000 -10 0.999722
60 14 car -1 -1 -10 1038 152 1236 231 -1 -1 -1 -1000 -1000 -1000 -10 0.804338
60 17 pedestrian -1 -1 -10 766 161 832 323 -1 -1 -1 -1000 -1000 -1000 -10 0.938788
61 8 car -1 -1 -10 866 156 1017 236 -1 -1 -1 -1000 -1000 -1000 -10 0.999788
61 14 car -1 -1 -10 1067 148 1242 238 -1 -1 -1 -1000 -1000 -1000 -10 0.993589
62 8 car -1 -1 -10 891 156 1043 234 -1 -1 -1 -1000 -1000 -1000 -10 0.999873
62 14 car -1 -1 -10 1082 149 1242 243 -1 -1 -1 -1000 -1000 -1000 -10 0.999827
62 18 pedestrian -1 -1 -10 793 163 877 323 -1 -1 -1 -1000 -1000 -1000 -10 0.544458
63 8 car -1 -1 -10 910 150 1071 238 -1 -1 -1 -1000 -1000 -1000 -10 0.999782
63 14 car -1 -1 -10 1095 147 1242 247 -1 -1 -1 -1000 -1000 -1000 -10 0.999936
64 8 car -1 -1 -10 931 150 1096 239 -1 -1 -1 -1000 -1000 -1000 -10 0.999513
64 14 car -1 -1 -10 1106 148 1242 252 -1 -1 -1 -1000 -1000 -1000 -10 0.999882
65 8 car -1 -1 -10 948 150 1118 239 -1 -1 -1 -1000 -1000 -1000 -10 0.999687
65 14 car -1 -1 -10 1115 148 1242 255 -1 -1 -1 -1000 -1000 -1000 -10 0.999902
66 8 car -1 -1 -10 967 153 1143 240 -1 -1 -1 -1000 -1000 -1000 -10 0.999441
66 14 car -1 -1 -10 1127 148 1242 257 -1 -1 -1 -1000 -1000 -1000 -10 0.999159
67 8 car -1 -1 -10 988 155 1162 242 -1 -1 -1 -1000 -1000 -1000 -10 0.999672
67 14 car -1 -1 -10 1141 150 1242 261 -1 -1 -1 -1000 -1000 -1000 -10 0.998267
68 8 car -1 -1 -10 1006 158 1189 242 -1 -1 -1 -1000 -1000 -1000 -10 0.999269
68 14 car -1 -1 -10 1147 152 1242 269 -1 -1 -1 -1000 -1000 -1000 -10 0.986835
69 8 car -1 -1 -10 1022 158 1212 244 -1 -1 -1 -1000 -1000 -1000 -10 0.99904
69 14 car -1 -1 -10 1159 148 1242 276 -1 -1 -1 -1000 -1000 -1000 -10 0.981006
70 8 car -1 -1 -10 1036 156 1228 244 -1 -1 -1 -1000 -1000 -1000 -10 0.996139
70 14 car -1 -1 -10 1163 145 1242 282 -1 -1 -1 -1000 -1000 -1000 -10 0.877896
71 14 car -1 -1 -10 1176 141 1242 289 -1 -1 -1 -1000 -1000 -1000 -10 0.773613
71 19 car -1 -1 -10 1052 154 1242 245 -1 -1 -1 -1000 -1000 -1000 -10 0.998236
71 20 pedestrian -1 -1 -10 1168 142 1242 288 -1 -1 -1 -1000 -1000 -1000 -10 0.311591
72 14 car -1 -1 -10 1174 143 1242 283 -1 -1 -1 -1000 -1000 -1000 -10 0.951047
72 19 car -1 -1 -10 1069 153 1242 246 -1 -1 -1 -1000 -1000 -1000 -10 0.985062
73 14 car -1 -1 -10 1173 142 1242 286 -1 -1 -1 -1000 -1000 -1000 -10 0.983187
73 19 car -1 -1 -10 1074 151 1242 244 -1 -1 -1 -1000 -1000 -1000 -10 0.996869
74 14 car -1 -1 -10 1169 143 1242 284 -1 -1 -1 -1000 -1000 -1000 -10 0.969533
74 19 car -1 -1 -10 1083 150 1242 244 -1 -1 -1 -1000 -1000 -1000 -10 0.994313
74 21 pedestrian -1 -1 -10 973 157 1051 315 -1 -1 -1 -1000 -1000 -1000 -10 0.432948
75 14 car -1 -1 -10 1164 147 1242 282 -1 -1 -1 -1000 -1000 -1000 -10 0.98125
75 19 car -1 -1 -10 1092 152 1242 245 -1 -1 -1 -1000 -1000 -1000 -10 0.991002
76 14 car -1 -1 -10 1157 146 1242 287 -1 -1 -1 -1000 -1000 -1000 -10 0.99203
76 19 car -1 -1 -10 1095 152 1242 248 -1 -1 -1 -1000 -1000 -1000 -10 0.956228
76 22 pedestrian -1 -1 -10 977 154 1050 310 -1 -1 -1 -1000 -1000 -1000 -10 0.65176
77 14 car -1 -1 -10 1152 151 1242 293 -1 -1 -1 -1000 -1000 -1000 -10 0.990901
77 19 car -1 -1 -10 1094 153 1242 251 -1 -1 -1 -1000 -1000 -1000 -10 0.888297
77 22 pedestrian -1 -1 -10 984 160 1060 310 -1 -1 -1 -1000 -1000 -1000 -10 0.891793
78 14 car -1 -1 -10 1146 152 1242 297 -1 -1 -1 -1000 -1000 -1000 -10 0.988232
78 19 car -1 -1 -10 1104 159 1242 250 -1 -1 -1 -1000 -1000 -1000 -10 0.303798
79 14 car -1 -1 -10 1135 148 1242 303 -1 -1 -1 -1000 -1000 -1000 -10 0.994092
79 19 car -1 -1 -10 1100 157 1242 251 -1 -1 -1 -1000 -1000 -1000 -10 0.46975
79 22 pedestrian -1 -1 -10 986 162 1056 318 -1 -1 -1 -1000 -1000 -1000 -10 0.815167
80 14 car -1 -1 -10 1130 146 1242 307 -1 -1 -1 -1000 -1000 -1000 -10 0.992696
80 19 car -1 -1 -10 1102 156 1242 250 -1 -1 -1 -1000 -1000 -1000 -10 0.316851
80 22 pedestrian -1 -1 -10 990 164 1053 311 -1 -1 -1 -1000 -1000 -1000 -10 0.370063
81 14 car -1 -1 -10 1128 144 1242 320 -1 -1 -1 -1000 -1000 -1000 -10 0.994835
81 22 pedestrian -1 -1 -10 971 170 1044 302 -1 -1 -1 -1000 -1000 -1000 -10 0.851557
81 23 car -1 -1 -10 467 187 492 206 -1 -1 -1 -1000 -1000 -1000 -10 0.63918
82 14 car -1 -1 -10 1110 151 1242 320 -1 -1 -1 -1000 -1000 -1000 -10 0.9972
82 22 pedestrian -1 -1 -10 967 173 1040 299 -1 -1 -1 -1000 -1000 -1000 -10 0.452729
82 23 car -1 -1 -10 448 189 473 207 -1 -1 -1 -1000 -1000 -1000 -10 0.80099
83 14 car -1 -1 -10 1104 149 1242 322 -1 -1 -1 -1000 -1000 -1000 -10 0.994934
83 24 car -1 -1 -10 425 189 454 209 -1 -1 -1 -1000 -1000 -1000 -10 0.588233
84 14 car -1 -1 -10 1093 147 1242 325 -1 -1 -1 -1000 -1000 -1000 -10 0.995338
84 24 car -1 -1 -10 401 189 433 210 -1 -1 -1 -1000 -1000 -1000 -10 0.661116
84 25 pedestrian -1 -1 -10 947 165 1022 306 -1 -1 -1 -1000 -1000 -1000 -10 0.882667
85 14 car -1 -1 -10 1085 141 1242 325 -1 -1 -1 -1000 -1000 -1000 -10 0.994536
86 14 car -1 -1 -10 1077 142 1242 326 -1 -1 -1 -1000 -1000 -1000 -10 0.996617
86 26 pedestrian -1 -1 -10 939 179 998 284 -1 -1 -1 -1000 -1000 -1000 -10 0.417544
87 14 car -1 -1 -10 1066 149 1242 325 -1 -1 -1 -1000 -1000 -1000 -10 0.998472
88 14 car -1 -1 -10 1062 151 1242 327 -1 -1 -1 -1000 -1000 -1000 -10 0.992651
89 14 car -1 -1 -10 1051 150 1242 334 -1 -1 -1 -1000 -1000 -1000 -10 0.992826
89 27 car -1 -1 -10 962 184 1015 218 -1 -1 -1 -1000 -1000 -1000 -10 0.524778
90 14 car -1 -1 -10 1050 140 1242 340 -1 -1 -1 -1000 -1000 -1000 -10 0.99233
91 14 car -1 -1 -10 1046 136 1242 349 -1 -1 -1 -1000 -1000 -1000 -10 0.996666
92 14 car -1 -1 -10 1037 135 1242 354 -1 -1 -1 -1000 -1000 -1000 -10 0.998587
92 28 car -1 -1 -10 992 171 1068 229 -1 -1 -1 -1000 -1000 -1000 -10 0.79079
93 14 car -1 -1 -10 1034 130 1242 361 -1 -1 -1 -1000 -1000 -1000 -10 0.997754
93 28 car -1 -1 -10 978 172 1063 227 -1 -1 -1 -1000 -1000 -1000 -10 0.430768
94 14 car -1 -1 -10 1027 122 1242 368 -1 -1 -1 -1000 -1000 -1000 -10 0.996606
94 28 car -1 -1 -10 970 169 1031 223 -1 -1 -1 -1000 -1000 -1000 -10 0.851497
95 14 car -1 -1 -10 1011 132 1242 358 -1 -1 -1 -1000 -1000 -1000 -10 0.99611
95 28 car -1 -1 -10 956 170 1018 227 -1 -1 -1 -1000 -1000 -1000 -10 0.959814
96 14 car -1 -1 -10 997 133 1242 373 -1 -1 -1 -1000 -1000 -1000 -10 0.998927
96 28 car -1 -1 -10 939 171 999 228 -1 -1 -1 -1000 -1000 -1000 -10 0.996076
97 14 car -1 -1 -10 996 136 1242 373 -1 -1 -1 -1000 -1000 -1000 -10 0.999431
97 28 car -1 -1 -10 922 172 981 229 -1 -1 -1 -1000 -1000 -1000 -10 0.997111
97 29 car -1 -1 -10 20 180 100 209 -1 -1 -1 -1000 -1000 -1000 -10 0.770281
98 14 car -1 -1 -10 995 137 1242 374 -1 -1 -1 -1000 -1000 -1000 -10 0.999045
98 28 car -1 -1 -10 907 173 964 227 -1 -1 -1 -1000 -1000 -1000 -10 0.996775
99 14 car -1 -1 -10 985 135 1242 375 -1 -1 -1 -1000 -1000 -1000 -10 0.997938
99 28 car -1 -1 -10 887 174 949 226 -1 -1 -1 -1000 -1000 -1000 -10 0.995194
100 14 car -1 -1 -10 981 128 1242 375 -1 -1 -1 -1000 -1000 -1000 -10 0.990713
100 28 car -1 -1 -10 870 174 930 224 -1 -1 -1 -1000 -1000 -1000 -10 0.989614
100 30 car -1 -1 -10 936 182 1002 221 -1 -1 -1 -1000 -1000 -1000 -10 0.369932
101 14 car -1 -1 -10 977 122 1242 367 -1 -1 -1 -1000 -1000 -1000 -10 0.980732
101 28 car -1 -1 -10 862 170 912 221 -1 -1 -1 -1000 -1000 -1000 -10 0.917867
101 30 car -1 -1 -10 952 179 1029 233 -1 -1 -1 -1000 -1000 -1000 -10 0.372759
102 14 car -1 -1 -10 982 121 1242 363 -1 -1 -1 -1000 -1000 -1000 -10 0.986101
102 28 car -1 -1 -10 848 172 897 217 -1 -1 -1 -1000 -1000 -1000 -10 0.421681
102 30 car -1 -1 -10 936 184 1006 228 -1 -1 -1 -1000 -1000 -1000 -10 0.934968
102 31 pedestrian -1 -1 -10 268 168 329 318 -1 -1 -1 -1000 -1000 -1000 -10 0.522789
103 14 car -1 -1 -10 979 125 1242 355 -1 -1 -1 -1000 -1000 -1000 -10 0.966287
103 28 car -1 -1 -10 893 181 940 217 -1 -1 -1 -1000 -1000 -1000 -10 0.484534
103 30 car -1 -1 -10 919 185 998 228 -1 -1 -1 -1000 -1000 -1000 -10 0.988085
103 32 car -1 -1 -10 959 178 1056 246 -1 -1 -1 -1000 -1000 -1000 -10 0.586675
103 33 pedestrian -1 -1 -10 209 155 275 336 -1 -1 -1 -1000 -1000 -1000 -10 0.855655
104 14 car -1 -1 -10 970 121 1242 348 -1 -1 -1 -1000 -1000 -1000 -10 0.919264
104 30 car -1 -1 -10 905 187 976 227 -1 -1 -1 -1000 -1000 -1000 -10 0.684078
104 32 car -1 -1 -10 933 189 1030 235 -1 -1 -1 -1000 -1000 -1000 -10 0.948128
104 33 pedestrian -1 -1 -10 160 138 228 374 -1 -1 -1 -1000 -1000 -1000 -10 0.509574
104 34 car -1 -1 -10 811 171 864 216 -1 -1 -1 -1000 -1000 -1000 -10 0.823315
105 14 car -1 -1 -10 964 85 1242 375 -1 -1 -1 -1000 -1000 -1000 -10 0.983069
105 30 car -1 -1 -10 889 186 968 227 -1 -1 -1 -1000 -1000 -1000 -10 0.713771
105 32 car -1 -1 -10 921 186 1038 241 -1 -1 -1 -1000 -1000 -1000 -10 0.991205
105 33 pedestrian -1 -1 -10 91 138 171 375 -1 -1 -1 -1000 -1000 -1000 -10 0.491641
105 34 car -1 -1 -10 793 171 850 217 -1 -1 -1 -1000 -1000 -1000 -10 0.997988
106 14 car -1 -1 -10 963 82 1242 371 -1 -1 -1 -1000 -1000 -1000 -10 0.996071
106 30 car -1 -1 -10 874 185 955 229 -1 -1 -1 -1000 -1000 -1000 -10 0.92393
106 32 car -1 -1 -10 908 186 1020 241 -1 -1 -1 -1000 -1000 -1000 -10 0.999835
106 34 car -1 -1 -10 775 171 828 217 -1 -1 -1 -1000 -1000 -1000 -10 0.999135
107 14 car -1 -1 -10 971 76 1242 375 -1 -1 -1 -1000 -1000 -1000 -10 0.991004
107 30 car -1 -1 -10 861 188 933 231 -1 -1 -1 -1000 -1000 -1000 -10 0.345591
107 32 car -1 -1 -10 895 184 1001 243 -1 -1 -1 -1000 -1000 -1000 -10 0.998505
107 34 car -1 -1 -10 759 172 811 218 -1 -1 -1 -1000 -1000 -1000 -10 0.999146
108 14 car -1 -1 -10 976 64 1242 375 -1 -1 -1 -1000 -1000 -1000 -10 0.888189
108 32 car -1 -1 -10 883 185 995 244 -1 -1 -1 -1000 -1000 -1000 -10 0.999698
108 34 car -1 -1 -10 743 171 796 218 -1 -1 -1 -1000 -1000 -1000 -10 0.999146
109 14 car -1 -1 -10 990 94 1242 362 -1 -1 -1 -1000 -1000 -1000 -10 0.978499
109 32 car -1 -1 -10 872 185 984 244 -1 -1 -1 -1000 -1000 -1000 -10 0.999934
109 34 car -1 -1 -10 726 172 779 217 -1 -1 -1 -1000 -1000 -1000 -10 0.99943
110 14 car -1 -1 -10 1015 85 1242 365 -1 -1 -1 -1000 -1000 -1000 -10 0.944085
110 32 car -1 -1 -10 862 184 970 244 -1 -1 -1 -1000 -1000 -1000 -10 0.9998
110 34 car -1 -1 -10 711 171 764 215 -1 -1 -1 -1000 -1000 -1000 -10 0.99712
111 14 car -1 -1 -10 1039 74 1242 362 -1 -1 -1 -1000 -1000 -1000 -10 0.983293
111 32 car -1 -1 -10 849 184 960 245 -1 -1 -1 -1000 -1000 -1000 -10 0.999946
111 34 car -1 -1 -10 694 170 746 213 -1 -1 -1 -1000 -1000 -1000 -10 0.996896
111 35 car -1 -1 -10 769 180 823 219 -1 -1 -1 -1000 -1000 -1000 -10 0.855134
112 14 car -1 -1 -10 1076 59 1242 337 -1 -1 -1 -1000 -1000 -1000 -10 0.873207
112 32 car -1 -1 -10 837 183 952 244 -1 -1 -1 -1000 -1000 -1000 -10 0.999835
112 34 car -1 -1 -10 679 168 731 212 -1 -1 -1 -1000 -1000 -1000 -10 0.982216
112 35 car -1 -1 -10 756 179 811 219 -1 -1 -1 -1000 -1000 -1000 -10 0.982257
112 36 car -1 -1 -10 0 186 247 262 -1 -1 -1 -1000 -1000 -1000 -10 0.908291
113 14 car -1 -1 -10 1117 103 1242 353 -1 -1 -1 -1000 -1000 -1000 -10 0.933672
113 32 car -1 -1 -10 828 181 941 246 -1 -1 -1 -1000 -1000 -1000 -10 0.999959
113 34 car -1 -1 -10 666 167 710 212 -1 -1 -1 -1000 -1000 -1000 -10 0.986818
113 35 car -1 -1 -10 743 178 799 219 -1 -1 -1 -1000 -1000 -1000 -10 0.971665
113 36 car -1 -1 -10 0 177 253 272 -1 -1 -1 -1000 -1000 -1000 -10 0.882427
114 32 car -1 -1 -10 816 182 936 248 -1 -1 -1 -1000 -1000 -1000 -10 0.999846
114 34 car -1 -1 -10 651 168 697 212 -1 -1 -1 -1000 -1000 -1000 -10 0.990378
114 35 car -1 -1 -10 731 178 786 219 -1 -1 -1 -1000 -1000 -1000 -10 0.991
114 36 car -1 -1 -10 0 181 238 286 -1 -1 -1 -1000 -1000 -1000 -10 0.971328
114 37 car -1 -1 -10 766 182 843 230 -1 -1 -1 -1000 -1000 -1000 -10 0.494424
115 32 car -1 -1 -10 809 182 925 250 -1 -1 -1 -1000 -1000 -1000 -10 0.999893
115 34 car -1 -1 -10 637 167 682 212 -1 -1 -1 -1000 -1000 -1000 -10 0.994352
115 35 car -1 -1 -10 719 178 775 219 -1 -1 -1 -1000 -1000 -1000 -10 0.9715
115 36 car -1 -1 -10 0 171 213 304 -1 -1 -1 -1000 -1000 -1000 -10 0.976027
115 37 car -1 -1 -10 758 184 830 236 -1 -1 -1 -1000 -1000 -1000 -10 0.506705
116 32 car -1 -1 -10 802 184 918 252 -1 -1 -1 -1000 -1000 -1000 -10 0.999883
116 34 car -1 -1 -10 624 168 667 213 -1 -1 -1 -1000 -1000 -1000 -10 0.996857
116 35 car -1 -1 -10 709 178 764 221 -1 -1 -1 -1000 -1000 -1000 -10 0.99389
116 36 car -1 -1 -10 0 193 207 300 -1 -1 -1 -1000 -1000 -1000 -10 0.634369
116 37 car -1 -1 -10 745 184 836 237 -1 -1 -1 -1000 -1000 -1000 -10 0.871046
117 32 car -1 -1 -10 793 185 911 254 -1 -1 -1 -1000 -1000 -1000 -10 0.999852
117 34 car -1 -1 -10 608 168 652 213 -1 -1 -1 -1000 -1000 -1000 -10 0.983176
117 35 car -1 -1 -10 696 178 751 223 -1 -1 -1 -1000 -1000 -1000 -10 0.997762
117 36 car -1 -1 -10 0 203 179 310 -1 -1 -1 -1000 -1000 -1000 -10 0.882508
117 37 car -1 -1 -10 736 186 825 239 -1 -1 -1 -1000 -1000 -1000 -10 0.950134
118 32 car -1 -1 -10 787 184 901 259 -1 -1 -1 -1000 -1000 -1000 -10 0.999967
118 34 car -1 -1 -10 594 169 638 212 -1 -1 -1 -1000 -1000 -1000 -10 0.991611
118 35 car -1 -1 -10 684 178 742 226 -1 -1 -1 -1000 -1000 -1000 -10 0.997455
118 36 car -1 -1 -10 0 214 146 334 -1 -1 -1 -1000 -1000 -1000 -10 0.945868
118 37 car -1 -1 -10 725 185 814 239 -1 -1 -1 -1000 -1000 -1000 -10 0.91714
119 32 car -1 -1 -10 778 185 897 260 -1 -1 -1 -1000 -1000 -1000 -10 0.999948
119 34 car -1 -1 -10 580 170 623 212 -1 -1 -1 -1000 -1000 -1000 -10 0.990099
119 35 car -1 -1 -10 671 178 729 225 -1 -1 -1 -1000 -1000 -1000 -10 0.999354
119 37 car -1 -1 -10 713 182 812 244 -1 -1 -1 -1000 -1000 -1000 -10 0.980999
120 32 car -1 -1 -10 769 184 885 265 -1 -1 -1 -1000 -1000 -1000 -10 0.999904
120 34 car -1 -1 -10 566 169 606 211 -1 -1 -1 -1000 -1000 -1000 -10 0.986551
120 35 car -1 -1 -10 658 179 718 226 -1 -1 -1 -1000 -1000 -1000 -10 0.999785
120 36 car -1 -1 -10 0 198 85 372 -1 -1 -1 -1000 -1000 -1000 -10 0.906126
120 37 car -1 -1 -10 697 186 815 244 -1 -1 -1 -1000 -1000 -1000 -10 0.994229
120 38 car -1 -1 -10 435 179 502 229 -1 -1 -1 -1000 -1000 -1000 -10 0.409643
121 32 car -1 -1 -10 763 184 881 266 -1 -1 -1 -1000 -1000 -1000 -10 0.999972
121 34 car -1 -1 -10 550 169 591 212 -1 -1 -1 -1000 -1000 -1000 -10 0.993843
121 35 car -1 -1 -10 645 178 707 227 -1 -1 -1 -1000 -1000 -1000 -10 0.999509
121 37 car -1 -1 -10 689 184 796 246 -1 -1 -1 -1000 -1000 -1000 -10 0.981369
121 38 car -1 -1 -10 415 178 483 231 -1 -1 -1 -1000 -1000 -1000 -10 0.783625
122 32 car -1 -1 -10 752 186 877 268 -1 -1 -1 -1000 -1000 -1000 -10 0.999942
122 34 car -1 -1 -10 535 167 574 211 -1 -1 -1 -1000 -1000 -1000 -10 0.988242
122 35 car -1 -1 -10 631 178 698 227 -1 -1 -1 -1000 -1000 -1000 -10 0.999388
122 37 car -1 -1 -10 677 185 791 248 -1 -1 -1 -1000 -1000 -1000 -10 0.998772
122 38 car -1 -1 -10 393 179 468 232 -1 -1 -1 -1000 -1000 -1000 -10 0.925911
123 32 car -1 -1 -10 743 185 870 270 -1 -1 -1 -1000 -1000 -1000 -10 0.999841
123 34 car -1 -1 -10 520 168 560 211 -1 -1 -1 -1000 -1000 -1000 -10 0.96722
123 35 car -1 -1 -10 619 177 689 228 -1 -1 -1 -1000 -1000 -1000 -10 0.999698
123 37 car -1 -1 -10 667 186 775 250 -1 -1 -1 -1000 -1000 -1000 -10 0.999733
123 38 car -1 -1 -10 377 177 451 233 -1 -1 -1 -1000 -1000 -1000 -10 0.922567
124 32 car -1 -1 -10 735 187 864 274 -1 -1 -1 -1000 -1000 -1000 -10 0.999878
124 34 car -1 -1 -10 505 168 542 211 -1 -1 -1 -1000 -1000 -1000 -10 0.982832
124 35 car -1 -1 -10 606 177 680 230 -1 -1 -1 -1000 -1000 -1000 -10 0.995592
124 37 car -1 -1 -10 654 187 768 249 -1 -1 -1 -1000 -1000 -1000 -10 0.999661
124 38 car -1 -1 -10 351 179 435 234 -1 -1 -1 -1000 -1000 -1000 -10 0.951935
124 39 car -1 -1 -10 583 179 643 220 -1 -1 -1 -1000 -1000 -1000 -10 0.413345
125 32 car -1 -1 -10 725 186 859 274 -1 -1 -1 -1000 -1000 -1000 -10 0.999767
125 34 car -1 -1 -10 488 168 526 210 -1 -1 -1 -1000 -1000 -1000 -10 0.955003
125 35 car -1 -1 -10 591 178 666 227 -1 -1 -1 -1000 -1000 -1000 -10 0.997636
125 37 car -1 -1 -10 644 184 753 251 -1 -1 -1 -1000 -1000 -1000 -10 0.999707
125 38 car -1 -1 -10 320 182 415 237 -1 -1 -1 -1000 -1000 -1000 -10 0.974207
125 39 car -1 -1 -10 569 180 626 219 -1 -1 -1 -1000 -1000 -1000 -10 0.71517
126 32 car -1 -1 -10 720 183 850 278 -1 -1 -1 -1000 -1000 -1000 -10 0.999828
126 34 car -1 -1 -10 472 167 511 210 -1 -1 -1 -1000 -1000 -1000 -10 0.892349
126 35 car -1 -1 -10 576 177 654 228 -1 -1 -1 -1000 -1000 -1000 -10 0.998538
126 37 car -1 -1 -10 634 184 746 250 -1 -1 -1 -1000 -1000 -1000 -10 0.999833
126 38 car -1 -1 -10 296 180 397 244 -1 -1 -1 -1000 -1000 -1000 -10 0.998764
126 39 car -1 -1 -10 555 178 613 220 -1 -1 -1 -1000 -1000 -1000 -10 0.862413
127 32 car -1 -1 -10 714 184 850 278 -1 -1 -1 -1000 -1000 -1000 -10 0.999812
127 34 car -1 -1 -10 458 168 495 210 -1 -1 -1 -1000 -1000 -1000 -10 0.826426
127 35 car -1 -1 -10 566 175 640 230 -1 -1 -1 -1000 -1000 -1000 -10 0.986459
127 37 car -1 -1 -10 620 183 737 254 -1 -1 -1 -1000 -1000 -1000 -10 0.99995
127 38 car -1 -1 -10 273 182 377 249 -1 -1 -1 -1000 -1000 -1000 -10 0.999152
127 39 car -1 -1 -10 539 178 603 220 -1 -1 -1 -1000 -1000 -1000 -10 0.631214
127 40 car -1 -1 -10 318 178 388 232 -1 -1 -1 -1000 -1000 -1000 -10 0.521008
128 32 car -1 -1 -10 709 180 852 284 -1 -1 -1 -1000 -1000 -1000 -10 0.999684
128 34 car -1 -1 -10 447 169 484 209 -1 -1 -1 -1000 -1000 -1000 -10 0.731006
128 35 car -1 -1 -10 556 178 633 231 -1 -1 -1 -1000 -1000 -1000 -10 0.975377
128 37 car -1 -1 -10 612 183 730 254 -1 -1 -1 -1000 -1000 -1000 -10 0.999971
128 38 car -1 -1 -10 248 183 358 253 -1 -1 -1 -1000 -1000 -1000 -10 0.99983
128 39 car -1 -1 -10 531 179 593 221 -1 -1 -1 -1000 -1000 -1000 -10 0.887786
128 40 car -1 -1 -10 299 179 373 234 -1 -1 -1 -1000 -1000 -1000 -10 0.656565
129 32 car -1 -1 -10 709 180 854 288 -1 -1 -1 -1000 -1000 -1000 -10 0.999795
129 34 car -1 -1 -10 437 170 474 211 -1 -1 -1 -1000 -1000 -1000 -10 0.779937
129 35 car -1 -1 -10 551 178 631 234 -1 -1 -1 -1000 -1000 -1000 -10 0.935829
129 37 car -1 -1 -10 607 185 726 259 -1 -1 -1 -1000 -1000 -1000 -10 0.999983
129 38 car -1 -1 -10 229 184 341 262 -1 -1 -1 -1000 -1000 -1000 -10 0.999882
129 39 car -1 -1 -10 523 180 585 225 -1 -1 -1 -1000 -1000 -1000 -10 0.973385
129 40 car -1 -1 -10 285 183 360 240 -1 -1 -1 -1000 -1000 -1000 -10 0.96475
130 32 car -1 -1 -10 710 181 860 293 -1 -1 -1 -1000 -1000 -1000 -10 0.999912
130 34 car -1 -1 -10 429 171 466 212 -1 -1 -1 -1000 -1000 -1000 -10 0.623138
130 35 car -1 -1 -10 546 178 622 235 -1 -1 -1 -1000 -1000 -1000 -10 0.97287
130 37 car -1 -1 -10 601 185 727 264 -1 -1 -1 -1000 -1000 -1000 -10 0.99997
130 38 car -1 -1 -10 204 191 331 264 -1 -1 -1 -1000 -1000 -1000 -10 0.999704
130 39 car -1 -1 -10 517 181 582 227 -1 -1 -1 -1000 -1000 -1000 -10 0.970513
130 40 car -1 -1 -10 272 184 347 245 -1 -1 -1 -1000 -1000 -1000 -10 0.964647
131 32 car -1 -1 -10 711 181 872 300 -1 -1 -1 -1000 -1000 -1000 -10 0.999932
131 34 car -1 -1 -10 422 174 459 213 -1 -1 -1 -1000 -1000 -1000 -10 0.458624
131 35 car -1 -1 -10 547 181 620 238 -1 -1 -1 -1000 -1000 -1000 -10 0.984484
131 37 car -1 -1 -10 598 186 731 268 -1 -1 -1 -1000 -1000 -1000 -10 0.999901
131 38 car -1 -1 -10 186 195 317 271 -1 -1 -1 -1000 -1000 -1000 -10 0.999962
131 39 car -1 -1 -10 512 184 574 229 -1 -1 -1 -1000 -1000 -1000 -10 0.826888
131 40 car -1 -1 -10 254 189 337 252 -1 -1 -1 -1000 -1000 -1000 -10 0.9829
131 41 car -1 -1 -10 289 190 350 235 -1 -1 -1 -1000 -1000 -1000 -10 0.608177
132 32 car -1 -1 -10 718 180 887 309 -1 -1 -1 -1000 -1000 -1000 -10 0.99978
132 34 car -1 -1 -10 421 176 457 213 -1 -1 -1 -1000 -1000 -1000 -10 0.659185
132 35 car -1 -1 -10 549 181 617 239 -1 -1 -1 -1000 -1000 -1000 -10 0.992055
132 37 car -1 -1 -10 599 188 738 273 -1 -1 -1 -1000 -1000 -1000 -10 0.999884
132 38 car -1 -1 -10 175 197 302 280 -1 -1 -1 -1000 -1000 -1000 -10 0.999956
132 39 car -1 -1 -10 505 185 577 234 -1 -1 -1 -1000 -1000 -1000 -10 0.538675
132 40 car -1 -1 -10 240 192 341 255 -1 -1 -1 -1000 -1000 -1000 -10 0.994654
132 41 car -1 -1 -10 280 191 342 239 -1 -1 -1 -1000 -1000 -1000 -10 0.951603
133 32 car -1 -1 -10 725 178 907 329 -1 -1 -1 -1000 -1000 -1000 -10 0.999778
133 34 car -1 -1 -10 420 177 456 214 -1 -1 -1 -1000 -1000 -1000 -10 0.777042
133 35 car -1 -1 -10 544 182 620 241 -1 -1 -1 -1000 -1000 -1000 -10 0.997344
133 37 car -1 -1 -10 601 190 743 276 -1 -1 -1 -1000 -1000 -1000 -10 0.99991
133 38 car -1 -1 -10 154 198 293 288 -1 -1 -1 -1000 -1000 -1000 -10 0.999941
133 39 car -1 -1 -10 512 184 588 236 -1 -1 -1 -1000 -1000 -1000 -10 0.93485
133 40 car -1 -1 -10 233 194 330 258 -1 -1 -1 -1000 -1000 -1000 -10 0.998249
133 41 car -1 -1 -10 278 193 340 240 -1 -1 -1 -1000 -1000 -1000 -10 0.946803
133 42 car -1 -1 -10 489 184 536 226 -1 -1 -1 -1000 -1000 -1000 -10 0.66983
134 32 car -1 -1 -10 745 175 925 339 -1 -1 -1 -1000 -1000 -1000 -10 0.999626
134 34 car -1 -1 -10 421 174 457 213 -1 -1 -1 -1000 -1000 -1000 -10 0.89569
134 35 car -1 -1 -10 539 180 627 242 -1 -1 -1 -1000 -1000 -1000 -10 0.996559
134 37 car -1 -1 -10 606 184 755 283 -1 -1 -1 -1000 -1000 -1000 -10 0.999883
134 38 car -1 -1 -10 141 199 288 288 -1 -1 -1 -1000 -1000 -1000 -10 0.999926
134 39 car -1 -1 -10 511 182 588 232 -1 -1 -1 -1000 -1000 -1000 -10 0.904776
134 40 car -1 -1 -10 221 191 326 260 -1 -1 -1 -1000 -1000 -1000 -10 0.999689
134 41 car -1 -1 -10 272 191 337 240 -1 -1 -1 -1000 -1000 -1000 -10 0.975357
134 42 car -1 -1 -10 494 186 543 223 -1 -1 -1 -1000 -1000 -1000 -10 0.530807
135 32 car -1 -1 -10 762 168 960 353 -1 -1 -1 -1000 -1000 -1000 -10 0.999932
135 34 car -1 -1 -10 424 171 458 211 -1 -1 -1 -1000 -1000 -1000 -10 0.911994
135 35 car -1 -1 -10 544 178 639 244 -1 -1 -1 -1000 -1000 -1000 -10 0.999315
135 37 car -1 -1 -10 615 182 768 287 -1 -1 -1 -1000 -1000 -1000 -10 0.999987
135 38 car -1 -1 -10 125 195 280 292 -1 -1 -1 -1000 -1000 -1000 -10 0.999952
135 39 car -1 -1 -10 517 181 587 230 -1 -1 -1 -1000 -1000 -1000 -10 0.821667
135 40 car -1 -1 -10 217 186 324 259 -1 -1 -1 -1000 -1000 -1000 -10 0.999822
135 41 car -1 -1 -10 270 190 338 239 -1 -1 -1 -1000 -1000 -1000 -10 0.986802
136 32 car -1 -1 -10 786 168 1006 367 -1 -1 -1 -1000 -1000 -1000 -10 0.999925
136 34 car -1 -1 -10 430 169 464 208 -1 -1 -1 -1000 -1000 -1000 -10 0.844807
136 35 car -1 -1 -10 550 173 644 245 -1 -1 -1 -1000 -1000 -1000 -10 0.999567
136 37 car -1 -1 -10 616 178 789 289 -1 -1 -1 -1000 -1000 -1000 -10 0.999993
136 38 car -1 -1 -10 112 193 277 297 -1 -1 -1 -1000 -1000 -1000 -10 0.999995
136 39 car -1 -1 -10 526 178 597 229 -1 -1 -1 -1000 -1000 -1000 -10 0.866281
136 40 car -1 -1 -10 214 184 324 259 -1 -1 -1 -1000 -1000 -1000 -10 0.999884
136 41 car -1 -1 -10 268 189 342 240 -1 -1 -1 -1000 -1000 -1000 -10 0.988123
137 32 car -1 -1 -10 815 164 1070 375 -1 -1 -1 -1000 -1000 -1000 -10 0.999822
137 34 car -1 -1 -10 434 167 470 205 -1 -1 -1 -1000 -1000 -1000 -10 0.557878
137 35 car -1 -1 -10 559 171 657 242 -1 -1 -1 -1000 -1000 -1000 -10 0.999915
137 37 car -1 -1 -10 629 176 812 294 -1 -1 -1 -1000 -1000 -1000 -10 0.999996
137 38 car -1 -1 -10 97 192 280 302 -1 -1 -1 -1000 -1000 -1000 -10 0.999994
137 39 car -1 -1 -10 528 175 603 230 -1 -1 -1 -1000 -1000 -1000 -10 0.977732
137 40 car -1 -1 -10 211 183 325 261 -1 -1 -1 -1000 -1000 -1000 -10 0.999881
137 41 car -1 -1 -10 275 188 343 241 -1 -1 -1 -1000 -1000 -1000 -10 0.990896
137 42 car -1 -1 -10 507 177 561 215 -1 -1 -1 -1000 -1000 -1000 -10 0.361297
138 32 car -1 -1 -10 854 169 1146 368 -1 -1 -1 -1000 -1000 -1000 -10 0.999701
138 34 car -1 -1 -10 445 166 478 204 -1 -1 -1 -1000 -1000 -1000 -10 0.915523
138 35 car -1 -1 -10 566 171 670 247 -1 -1 -1 -1000 -1000 -1000 -10 0.999848
138 37 car -1 -1 -10 641 175 841 303 -1 -1 -1 -1000 -1000 -1000 -10 0.999996
138 38 car -1 -1 -10 80 194 280 309 -1 -1 -1 -1000 -1000 -1000 -10 0.999971
138 39 car -1 -1 -10 538 173 611 230 -1 -1 -1 -1000 -1000 -1000 -10 0.991791
138 40 car -1 -1 -10 210 180 328 262 -1 -1 -1 -1000 -1000 -1000 -10 0.999936
138 41 car -1 -1 -10 274 187 349 243 -1 -1 -1 -1000 -1000 -1000 -10 0.999038
138 43 pedestrian -1 -1 -10 707 153 735 232 -1 -1 -1 -1000 -1000 -1000 -10 0.88941
139 32 car -1 -1 -10 887 166 1242 375 -1 -1 -1 -1000 -1000 -1000 -10 0.999924
139 34 car -1 -1 -10 453 166 486 204 -1 -1 -1 -1000 -1000 -1000 -10 0.981335
139 35 car -1 -1 -10 576 173 686 246 -1 -1 -1 -1000 -1000 -1000 -10 0.999972
139 37 car -1 -1 -10 654 174 865 317 -1 -1 -1 -1000 -1000 -1000 -10 0.999929
139 38 car -1 -1 -10 67 190 280 314 -1 -1 -1 -1000 -1000 -1000 -10 0.999977
139 39 car -1 -1 -10 546 175 623 232 -1 -1 -1 -1000 -1000 -1000 -10 0.996909
139 40 car -1 -1 -10 204 180 326 265 -1 -1 -1 -1000 -1000 -1000 -10 0.999875
139 41 car -1 -1 -10 275 188 354 243 -1 -1 -1 -1000 -1000 -1000 -10 0.999532
139 42 car -1 -1 -10 523 175 581 216 -1 -1 -1 -1000 -1000 -1000 -10 0.544848
139 44 car -1 -1 -10 308 184 363 228 -1 -1 -1 -1000 -1000 -1000 -10 0.781251
139 45 pedestrian -1 -1 -10 724 153 753 235 -1 -1 -1 -1000 -1000 -1000 -10 0.929507
140 32 car -1 -1 -10 956 179 1242 370 -1 -1 -1 -1000 -1000 -1000 -10 0.998271
140 34 car -1 -1 -10 462 166 495 204 -1 -1 -1 -1000 -1000 -1000 -10 0.990484
140 35 car -1 -1 -10 587 171 700 250 -1 -1 -1 -1000 -1000 -1000 -10 0.999965
140 37 car -1 -1 -10 668 175 901 331 -1 -1 -1 -1000 -1000 -1000 -10 0.999982
140 38 car -1 -1 -10 40 191 279 325 -1 -1 -1 -1000 -1000 -1000 -10 0.999928
140 39 car -1 -1 -10 557 175 634 234 -1 -1 -1 -1000 -1000 -1000 -10 0.998499
140 40 car -1 -1 -10 208 179 331 268 -1 -1 -1 -1000 -1000 -1000 -10 0.99989
140 41 car -1 -1 -10 282 192 359 242 -1 -1 -1 -1000 -1000 -1000 -10 0.978819
140 44 car -1 -1 -10 317 184 369 230 -1 -1 -1 -1000 -1000 -1000 -10 0.989558
140 46 car -1 -1 -10 536 177 593 224 -1 -1 -1 -1000 -1000 -1000 -10 0.700229
140 47 pedestrian -1 -1 -10 743 153 774 239 -1 -1 -1 -1000 -1000 -1000 -10 0.834776
141 32 car -1 -1 -10 1008 175 1242 368 -1 -1 -1 -1000 -1000 -1000 -10 0.999306
141 34 car -1 -1 -10 472 167 505 205 -1 -1 -1 -1000 -1000 -1000 -10 0.97962
141 35 car -1 -1 -10 598 173 712 253 -1 -1 -1 -1000 -1000 -1000 -10 0.999978
141 37 car -1 -1 -10 682 174 947 345 -1 -1 -1 -1000 -1000 -1000 -10 0.999957
141 38 car -1 -1 -10 28 194 278 334 -1 -1 -1 -1000 -1000 -1000 -10 0.999949
141 39 car -1 -1 -10 565 177 646 236 -1 -1 -1 -1000 -1000 -1000 -10 0.995632
141 40 car -1 -1 -10 202 179 335 271 -1 -1 -1 -1000 -1000 -1000 -10 0.99975
141 41 car -1 -1 -10 283 190 365 245 -1 -1 -1 -1000 -1000 -1000 -10 0.996926
141 44 car -1 -1 -10 322 186 378 232 -1 -1 -1 -1000 -1000 -1000 -10 0.979342
141 46 car -1 -1 -10 545 178 602 226 -1 -1 -1 -1000 -1000 -1000 -10 0.961048
141 48 pedestrian -1 -1 -10 763 154 796 245 -1 -1 -1 -1000 -1000 -1000 -10 0.92715
142 32 car -1 -1 -10 1088 172 1242 375 -1 -1 -1 -1000 -1000 -1000 -10 0.999738
142 34 car -1 -1 -10 482 168 513 204 -1 -1 -1 -1000 -1000 -1000 -10 0.917607
142 35 car -1 -1 -10 609 173 732 258 -1 -1 -1 -1000 -1000 -1000 -10 0.999977
142 37 car -1 -1 -10 694 181 998 359 -1 -1 -1 -1000 -1000 -1000 -10 0.999983
142 38 car -1 -1 -10 1 200 272 341 -1 -1 -1 -1000 -1000 -1000 -10 0.999967
142 39 car -1 -1 -10 576 179 661 240 -1 -1 -1 -1000 -1000 -1000 -10 0.996581
142 40 car -1 -1 -10 197 180 339 274 -1 -1 -1 -1000 -1000 -1000 -10 0.998632
142 41 car -1 -1 -10 291 192 370 250 -1 -1 -1 -1000 -1000 -1000 -10 0.988635
142 44 car -1 -1 -10 328 186 385 234 -1 -1 -1 -1000 -1000 -1000 -10 0.996597
142 46 car -1 -1 -10 556 179 612 226 -1 -1 -1 -1000 -1000 -1000 -10 0.986427
142 48 pedestrian -1 -1 -10 783 155 819 247 -1 -1 -1 -1000 -1000 -1000 -10 0.980792
143 32 car -1 -1 -10 1167 188 1242 375 -1 -1 -1 -1000 -1000 -1000 -10 0.972522
143 34 car -1 -1 -10 492 167 524 204 -1 -1 -1 -1000 -1000 -1000 -10 0.926092
143 35 car -1 -1 -10 618 172 753 265 -1 -1 -1 -1000 -1000 -1000 -10 0.999923
143 37 car -1 -1 -10 707 179 1062 373 -1 -1 -1 -1000 -1000 -1000 -10 0.999951
143 38 car -1 -1 -10 0 198 270 356 -1 -1 -1 -1000 -1000 -1000 -10 0.999949
143 39 car -1 -1 -10 586 179 678 242 -1 -1 -1 -1000 -1000 -1000 -10 0.997427
143 40 car -1 -1 -10 190 182 338 279 -1 -1 -1 -1000 -1000 -1000 -10 0.999153
143 41 car -1 -1 -10 290 192 373 251 -1 -1 -1 -1000 -1000 -1000 -10 0.997445
143 44 car -1 -1 -10 334 187 389 234 -1 -1 -1 -1000 -1000 -1000 -10 0.999571
143 46 car -1 -1 -10 567 180 622 227 -1 -1 -1 -1000 -1000 -1000 -10 0.983645
143 48 pedestrian -1 -1 -10 806 155 843 250 -1 -1 -1 -1000 -1000 -1000 -10 0.98833
144 34 car -1 -1 -10 501 168 534 204 -1 -1 -1 -1000 -1000 -1000 -10 0.912468
144 35 car -1 -1 -10 632 173 767 270 -1 -1 -1 -1000 -1000 -1000 -10 0.999892
144 37 car -1 -1 -10 731 181 1143 375 -1 -1 -1 -1000 -1000 -1000 -10 0.999992
144 38 car -1 -1 -10 0 194 267 371 -1 -1 -1 -1000 -1000 -1000 -10 0.999784
144 39 car -1 -1 -10 595 179 692 242 -1 -1 -1 -1000 -1000 -1000 -10 0.999668
144 40 car -1 -1 -10 181 179 344 285 -1 -1 -1 -1000 -1000 -1000 -10 0.999948
144 41 car -1 -1 -10 286 191 381 253 -1 -1 -1 -1000 -1000 -1000 -10 0.99944
144 44 car -1 -1 -10 337 186 398 236 -1 -1 -1 -1000 -1000 -1000 -10 0.999308
144 46 car -1 -1 -10 576 180 633 229 -1 -1 -1 -1000 -1000 -1000 -10 0.997793
144 48 pedestrian -1 -1 -10 828 157 869 251 -1 -1 -1 -1000 -1000 -1000 -10 0.873082
145 34 car -1 -1 -10 509 167 541 203 -1 -1 -1 -1000 -1000 -1000 -10 0.976118
145 35 car -1 -1 -10 646 170 792 277 -1 -1 -1 -1000 -1000 -1000 -10 0.999746
145 37 car -1 -1 -10 751 184 1242 375 -1 -1 -1 -1000 -1000 -1000 -10 0.999993
145 38 car -1 -1 -10 0 198 257 375 -1 -1 -1 -1000 -1000 -1000 -10 0.999817
145 39 car -1 -1 -10 606 177 705 245 -1 -1 -1 -1000 -1000 -1000 -10 0.999905
145 40 car -1 -1 -10 167 177 347 290 -1 -1 -1 -1000 -1000 -1000 -10 0.999994
145 41 car -1 -1 -10 285 190 386 254 -1 -1 -1 -1000 -1000 -1000 -10 0.99991
145 44 car -1 -1 -10 339 185 404 235 -1 -1 -1 -1000 -1000 -1000 -10 0.999646
145 46 car -1 -1 -10 587 179 645 230 -1 -1 -1 -1000 -1000 -1000 -10 0.997351
145 48 pedestrian -1 -1 -10 856 155 901 254 -1 -1 -1 -1000 -1000 -1000 -10 0.969785
146 34 car -1 -1 -10 519 166 548 201 -1 -1 -1 -1000 -1000 -1000 -10 0.980162
146 35 car -1 -1 -10 660 167 811 283 -1 -1 -1 -1000 -1000 -1000 -10 0.999953
146 37 car -1 -1 -10 776 179 1242 375 -1 -1 -1 -1000 -1000 -1000 -10 0.999955
146 38 car -1 -1 -10 0 197 251 375 -1 -1 -1 -1000 -1000 -1000 -10 0.999126
146 39 car -1 -1 -10 616 178 718 244 -1 -1 -1 -1000 -1000 -1000 -10 0.999891
146 40 car -1 -1 -10 158 173 347 296 -1 -1 -1 -1000 -1000 -1000 -10 0.999992
146 41 car -1 -1 -10 282 189 390 254 -1 -1 -1 -1000 -1000 -1000 -10 0.999907
146 44 car -1 -1 -10 338 185 411 234 -1 -1 -1 -1000 -1000 -1000 -10 0.999727
146 46 car -1 -1 -10 596 178 655 230 -1 -1 -1 -1000 -1000 -1000 -10 0.999249
146 48 pedestrian -1 -1 -10 884 155 936 264 -1 -1 -1 -1000 -1000 -1000 -10 0.834856
147 34 car -1 -1 -10 528 163 557 199 -1 -1 -1 -1000 -1000 -1000 -10 0.938769
147 35 car -1 -1 -10 673 165 839 288 -1 -1 -1 -1000 -1000 -1000 -10 0.999967
147 37 car -1 -1 -10 806 185 1242 371 -1 -1 -1 -1000 -1000 -1000 -10 0.999884
147 38 car -1 -1 -10 0 190 234 375 -1 -1 -1 -1000 -1000 -1000 -10 0.998814
147 39 car -1 -1 -10 626 175 732 248 -1 -1 -1 -1000 -1000 -1000 -10 0.999963
147 40 car -1 -1 -10 149 171 348 298 -1 -1 -1 -1000 -1000 -1000 -10 0.99992
147 41 car -1 -1 -10 281 187 392 254 -1 -1 -1 -1000 -1000 -1000 -10 0.999961
147 44 car -1 -1 -10 341 180 414 233 -1 -1 -1 -1000 -1000 -1000 -10 0.999907
147 46 car -1 -1 -10 606 177 666 229 -1 -1 -1 -1000 -1000 -1000 -10 0.999734
147 48 pedestrian -1 -1 -10 917 145 977 288 -1 -1 -1 -1000 -1000 -1000 -10 0.935476
148 34 car -1 -1 -10 535 161 566 197 -1 -1 -1 -1000 -1000 -1000 -10 0.957069
148 35 car -1 -1 -10 682 162 866 293 -1 -1 -1 -1000 -1000 -1000 -10 0.99986
148 37 car -1 -1 -10 832 183 1242 375 -1 -1 -1 -1000 -1000 -1000 -10 0.999953
148 38 car -1 -1 -10 0 188 215 375 -1 -1 -1 -1000 -1000 -1000 -10 0.999649
148 39 car -1 -1 -10 636 175 749 247 -1 -1 -1 -1000 -1000 -1000 -10 0.999955
148 40 car -1 -1 -10 135 168 342 303 -1 -1 -1 -1000 -1000 -1000 -10 0.999907
148 41 car -1 -1 -10 278 186 395 255 -1 -1 -1 -1000 -1000 -1000 -10 0.99997
148 44 car -1 -1 -10 344 178 419 235 -1 -1 -1 -1000 -1000 -1000 -10 0.999925
148 48 pedestrian -1 -1 -10 944 143 1018 303 -1 -1 -1 -1000 -1000 -1000 -10 0.986454
148 49 car -1 -1 -10 613 175 680 229 -1 -1 -1 -1000 -1000 -1000 -10 0.999654
149 35 car -1 -1 -10 699 162 901 308 -1 -1 -1 -1000 -1000 -1000 -10 0.999789
149 37 car -1 -1 -10 872 182 1242 369 -1 -1 -1 -1000 -1000 -1000 -10 0.999347
149 38 car -1 -1 -10 0 194 195 375 -1 -1 -1 -1000 -1000 -1000 -10 0.998224
149 39 car -1 -1 -10 645 171 759 253 -1 -1 -1 -1000 -1000 -1000 -10 0.999954
149 40 car -1 -1 -10 114 168 346 312 -1 -1 -1 -1000 -1000 -1000 -10 0.999886
149 41 car -1 -1 -10 274 187 397 259 -1 -1 -1 -1000 -1000 -1000 -10 0.99997
149 42 car -1 -1 -10 543 161 575 197 -1 -1 -1 -1000 -1000 -1000 -10 0.885381
149 44 car -1 -1 -10 344 178 423 236 -1 -1 -1 -1000 -1000 -1000 -10 0.999887
149 48 pedestrian -1 -1 -10 987 147 1059 294 -1 -1 -1 -1000 -1000 -1000 -10 0.968142
149 49 car -1 -1 -10 623 175 689 231 -1 -1 -1 -1000 -1000 -1000 -10 0.999791
150 34 car -1 -1 -10 552 163 580 200 -1 -1 -1 -1000 -1000 -1000 -10 0.837257
150 35 car -1 -1 -10 711 164 933 324 -1 -1 -1 -1000 -1000 -1000 -10 0.999908
150 37 car -1 -1 -10 947 188 1242 367 -1 -1 -1 -1000 -1000 -1000 -10 0.972103
150 38 car -1 -1 -10 0 195 175 375 -1 -1 -1 -1000 -1000 -1000 -10 0.999304
150 39 car -1 -1 -10 656 175 781 260 -1 -1 -1 -1000 -1000 -1000 -10 0.999946
150 40 car -1 -1 -10 89 168 344 324 -1 -1 -1 -1000 -1000 -1000 -10 0.99958
150 41 car -1 -1 -10 270 187 397 265 -1 -1 -1 -1000 -1000 -1000 -10 0.999947
150 44 car -1 -1 -10 343 181 427 239 -1 -1 -1 -1000 -1000 -1000 -10 0.999959
150 48 pedestrian -1 -1 -10 1027 140 1103 307 -1 -1 -1 -1000 -1000 -1000 -10 0.965237
150 49 car -1 -1 -10 634 176 700 236 -1 -1 -1 -1000 -1000 -1000 -10 0.999577
151 34 car -1 -1 -10 555 164 588 203 -1 -1 -1 -1000 -1000 -1000 -10 0.94488
151 35 car -1 -1 -10 727 167 979 339 -1 -1 -1 -1000 -1000 -1000 -10 0.999964
151 37 car -1 -1 -10 1032 198 1242 362 -1 -1 -1 -1000 -1000 -1000 -10 0.632709
151 38 car -1 -1 -10 0 206 144 375 -1 -1 -1 -1000 -1000 -1000 -10 0.998828
151 39 car -1 -1 -10 663 180 798 267 -1 -1 -1 -1000 -1000 -1000 -10 0.999937
151 40 car -1 -1 -10 45 173 332 340 -1 -1 -1 -1000 -1000 -1000 -10 0.999981
151 41 car -1 -1 -10 257 190 396 273 -1 -1 -1 -1000 -1000 -1000 -10 0.999716
151 44 car -1 -1 -10 343 183 429 243 -1 -1 -1 -1000 -1000 -1000 -10 0.999978
151 46 car -1 -1 -10 641 178 713 243 -1 -1 -1 -1000 -1000 -1000 -10 0.999541
151 50 pedestrian -1 -1 -10 1078 144 1170 327 -1 -1 -1 -1000 -1000 -1000 -10 0.915504
152 34 car -1 -1 -10 564 168 596 203 -1 -1 -1 -1000 -1000 -1000 -10 0.73135
152 35 car -1 -1 -10 736 170 1026 354 -1 -1 -1 -1000 -1000 -1000 -10 0.999962
152 38 car -1 -1 -10 0 216 103 375 -1 -1 -1 -1000 -1000 -1000 -10 0.99791
152 39 car -1 -1 -10 673 180 812 274 -1 -1 -1 -1000 -1000 -1000 -10 0.999652
152 40 car -1 -1 -10 16 177 317 354 -1 -1 -1 -1000 -1000 -1000 -10 0.999927
152 41 car -1 -1 -10 250 193 396 280 -1 -1 -1 -1000 -1000 -1000 -10 0.999652
152 44 car -1 -1 -10 340 185 431 246 -1 -1 -1 -1000 -1000 -1000 -10 0.999928
152 46 car -1 -1 -10 648 182 723 246 -1 -1 -1 -1000 -1000 -1000 -10 0.999866
152 51 pedestrian -1 -1 -10 1146 145 1236 336 -1 -1 -1 -1000 -1000 -1000 -10 0.989474
153 34 car -1 -1 -10 568 167 598 204 -1 -1 -1 -1000 -1000 -1000 -10 0.752343
153 35 car -1 -1 -10 747 161 1087 375 -1 -1 -1 -1000 -1000 -1000 -10 0.999931
153 39 car -1 -1 -10 684 180 832 282 -1 -1 -1 -1000 -1000 -1000 -10 0.999899
153 40 car -1 -1 -10 0 169 323 375 -1 -1 -1 -1000 -1000 -1000 -10 0.999921
153 41 car -1 -1 -10 232 189 395 290 -1 -1 -1 -1000 -1000 -1000 -10 0.99981
153 44 car -1 -1 -10 334 187 433 251 -1 -1 -1 -1000 -1000 -1000 -10 0.999893
153 46 car -1 -1 -10 656 182 736 250 -1 -1 -1 -1000 -1000 -1000 -10 0.999535
