0 0 car -1 -1 -10 97 170 218 226 -1 -1 -1 -1000 -1000 -1000 -10 0.999964
0 1 car -1 -1 -10 0 182 109 235 -1 -1 -1 -1000 -1000 -1000 -10 0.999751
0 2 car -1 -1 -10 205 178 297 214 -1 -1 -1 -1000 -1000 -1000 -10 0.967279
1 0 car -1 -1 -10 65 171 194 226 -1 -1 -1 -1000 -1000 -1000 -10 0.999986
1 1 car -1 -1 -10 0 179 77 241 -1 -1 -1 -1000 -1000 -1000 -10 0.971658
1 2 car -1 -1 -10 183 176 272 217 -1 -1 -1 -1000 -1000 -1000 -10 0.9963
2 0 car -1 -1 -10 21 174 188 229 -1 -1 -1 -1000 -1000 -1000 -10 0.99994
2 1 car -1 -1 -10 0 184 30 244 -1 -1 -1 -1000 -1000 -1000 -10 0.664288
2 3 car -1 -1 -10 158 181 254 220 -1 -1 -1 -1000 -1000 -1000 -10 0.999267
3 0 car -1 -1 -10 0 176 148 235 -1 -1 -1 -1000 -1000 -1000 -10 0.999969
3 3 car -1 -1 -10 138 180 236 223 -1 -1 -1 -1000 -1000 -1000 -10 0.999938
4 0 car -1 -1 -10 0 171 118 242 -1 -1 -1 -1000 -1000 -1000 -10 0.999553
4 3 car -1 -1 -10 110 181 217 228 -1 -1 -1 -1000 -1000 -1000 -10 0.999931
5 0 car -1 -1 -10 0 169 85 243 -1 -1 -1 -1000 -1000 -1000 -10 0.999482
5 3 car -1 -1 -10 82 181 190 228 -1 -1 -1 -1000 -1000 -1000 -10 0.999954
6 0 car -1 -1 -10 0 170 49 240 -1 -1 -1 -1000 -1000 -1000 -10 0.969616
6 3 car -1 -1 -10 49 181 167 229 -1 -1 -1 -1000 -1000 -1000 -10 0.999983
7 3 car -1 -1 -10 3 179 144 231 -1 -1 -1 -1000 -1000 -1000 -10 0.999963
8 3 car -1 -1 -10 0 178 113 235 -1 -1 -1 -1000 -1000 -1000 -10 0.999505
9 3 car -1 -1 -10 0 174 89 234 -1 -1 -1 -1000 -1000 -1000 -10 0.995014
39 4 car -1 -1 -10 572 173 599 188 -1 -1 -1 -1000 -1000 -1000 -10 0.991772
41 5 car -1 -1 -10 562 172 589 189 -1 -1 -1 -1000 -1000 -1000 -10 0.98647
42 6 car -1 -1 -10 557 172 584 191 -1 -1 -1 -1000 -1000 -1000 -10 0.998863
43 7 car -1 -1 -10 550 173 579 191 -1 -1 -1 -1000 -1000 -1000 -10 0.994726
44 6 car -1 -1 -10 544 174 573 192 -1 -1 -1 -1000 -1000 -1000 -10 0.987295
45 7 car -1 -1 -10 536 175 568 194 -1 -1 -1 -1000 -1000 -1000 -10 0.999659
46 7 car -1 -1 -10 528 178 561 197 -1 -1 -1 -1000 -1000 -1000 -10 0.996554
47 8 car -1 -1 -10 521 177 555 199 -1 -1 -1 -1000 -1000 -1000 -10 0.9986
48 7 car -1 -1 -10 512 178 548 197 -1 -1 -1 -1000 -1000 -1000 -10 0.994103
49 7 car -1 -1 -10 502 177 541 200 -1 -1 -1 -1000 -1000 -1000 -10 0.998515
50 7 car -1 -1 -10 491 177 533 200 -1 -1 -1 -1000 -1000 -1000 -10 0.998595
51 7 car -1 -1 -10 479 176 523 200 -1 -1 -1 -1000 -1000 -1000 -10 0.996996
52 7 car -1 -1 -10 465 176 514 201 -1 -1 -1 -1000 -1000 -1000 -10 0.998969
52 9 car -1 -1 -10 888 166 927 184 -1 -1 -1 -1000 -1000 -1000 -10 0.89051
53 9 car -1 -1 -10 887 167 926 185 -1 -1 -1 -1000 -1000 -1000 -10 0.970244
53 10 car -1 -1 -10 453 178 501 203 -1 -1 -1 -1000 -1000 -1000 -10 0.998539
53 11 car -1 -1 -10 711 175 736 198 -1 -1 -1 -1000 -1000 -1000 -10 0.992826
54 9 car -1 -1 -10 886 166 926 185 -1 -1 -1 -1000 -1000 -1000 -10 0.98515
54 10 car -1 -1 -10 436 178 490 204 -1 -1 -1 -1000 -1000 -1000 -10 0.99824
54 11 car -1 -1 -10 709 174 734 198 -1 -1 -1 -1000 -1000 -1000 -10 0.996192
55 9 car -1 -1 -10 885 167 929 184 -1 -1 -1 -1000 -1000 -1000 -10 0.93062
55 10 car -1 -1 -10 421 178 477 205 -1 -1 -1 -1000 -1000 -1000 -10 0.999588
55 11 car -1 -1 -10 707 173 734 199 -1 -1 -1 -1000 -1000 -1000 -10 0.997927
56 9 car -1 -1 -10 885 165 929 183 -1 -1 -1 -1000 -1000 -1000 -10 0.802591
56 11 car -1 -1 -10 706 173 734 199 -1 -1 -1 -1000 -1000 -1000 -10 0.997226
56 12 car -1 -1 -10 404 178 465 208 -1 -1 -1 -1000 -1000 -1000 -10 0.999365
57 9 car -1 -1 -10 881 166 929 184 -1 -1 -1 -1000 -1000 -1000 -10 0.952992
57 11 car -1 -1 -10 705 173 734 200 -1 -1 -1 -1000 -1000 -1000 -10 0.994958
57 12 car -1 -1 -10 382 177 451 211 -1 -1 -1 -1000 -1000 -1000 -10 0.999981
58 9 car -1 -1 -10 883 166 931 185 -1 -1 -1 -1000 -1000 -1000 -10 0.70223
58 11 car -1 -1 -10 702 175 732 203 -1 -1 -1 -1000 -1000 -1000 -10 0.999637
58 12 car -1 -1 -10 365 182 433 214 -1 -1 -1 -1000 -1000 -1000 -10 0.999799
59 9 car -1 -1 -10 881 168 934 187 -1 -1 -1 -1000 -1000 -1000 -10 0.833219
59 11 car -1 -1 -10 701 175 731 204 -1 -1 -1 -1000 -1000 -1000 -10 0.999758
59 12 car -1 -1 -10 340 181 416 218 -1 -1 -1 -1000 -1000 -1000 -10 0.999817
59 13 car -1 -1 -10 819 170 869 186 -1 -1 -1 -1000 -1000 -1000 -10 0.481036
60 9 car -1 -1 -10 881 168 932 186 -1 -1 -1 -1000 -1000 -1000 -10 0.787584
60 11 car -1 -1 -10 699 174 732 204 -1 -1 -1 -1000 -1000 -1000 -10 0.999767
60 13 car -1 -1 -10 818 170 864 185 -1 -1 -1 -1000 -1000 -1000 -10 0.848807
60 14 car -1 -1 -10 313 179 397 220 -1 -1 -1 -1000 -1000 -1000 -10 0.999927
61 9 car -1 -1 -10 881 165 930 186 -1 -1 -1 -1000 -1000 -1000 -10 0.982788
61 11 car -1 -1 -10 698 173 732 204 -1 -1 -1 -1000 -1000 -1000 -10 0.999235
61 14 car -1 -1 -10 282 178 377 222 -1 -1 -1 -1000 -1000 -1000 -10 0.999918
61 15 car -1 -1 -10 813 170 862 185 -1 -1 -1 -1000 -1000 -1000 -10 0.782293
62 9 car -1 -1 -10 882 165 931 184 -1 -1 -1 -1000 -1000 -1000 -10 0.970255
62 11 car -1 -1 -10 695 173 731 203 -1 -1 -1 -1000 -1000 -1000 -10 0.999292
62 13 car -1 -1 -10 1037 159 1095 183 -1 -1 -1 -1000 -1000 -1000 -10 0.957715
62 14 car -1 -1 -10 245 179 352 224 -1 -1 -1 -1000 -1000 -1000 -10 0.999896
62 15 car -1 -1 -10 810 167 857 183 -1 -1 -1 -1000 -1000 -1000 -10 0.944897
63 9 car -1 -1 -10 880 165 936 183 -1 -1 -1 -1000 -1000 -1000 -10 0.952591
63 11 car -1 -1 -10 694 172 731 204 -1 -1 -1 -1000 -1000 -1000 -10 0.999661
63 13 car -1 -1 -10 1040 158 1102 181 -1 -1 -1 -1000 -1000 -1000 -10 0.931707
63 14 car -1 -1 -10 207 179 322 230 -1 -1 -1 -1000 -1000 -1000 -10 0.999986
63 15 car -1 -1 -10 806 167 855 183 -1 -1 -1 -1000 -1000 -1000 -10 0.613676
64 9 car -1 -1 -10 881 165 936 183 -1 -1 -1 -1000 -1000 -1000 -10 0.980948
64 11 car -1 -1 -10 693 171 732 205 -1 -1 -1 -1000 -1000 -1000 -10 0.999836
64 13 car -1 -1 -10 1044 159 1106 181 -1 -1 -1 -1000 -1000 -1000 -10 0.972956
64 14 car -1 -1 -10 159 181 294 237 -1 -1 -1 -1000 -1000 -1000 -10 0.99998
64 16 car -1 -1 -10 803 166 851 183 -1 -1 -1 -1000 -1000 -1000 -10 0.780707
65 9 car -1 -1 -10 883 165 937 184 -1 -1 -1 -1000 -1000 -1000 -10 0.988529
65 11 car -1 -1 -10 694 173 732 207 -1 -1 -1 -1000 -1000 -1000 -10 0.999884
65 13 car -1 -1 -10 1044 159 1118 183 -1 -1 -1 -1000 -1000 -1000 -10 0.939829
65 14 car -1 -1 -10 97 183 263 249 -1 -1 -1 -1000 -1000 -1000 -10 0.999846
65 15 car -1 -1 -10 796 169 847 186 -1 -1 -1 -1000 -1000 -1000 -10 0.91139
66 9 car -1 -1 -10 883 165 939 185 -1 -1 -1 -1000 -1000 -1000 -10 0.976723
66 13 car -1 -1 -10 1053 160 1113 183 -1 -1 -1 -1000 -1000 -1000 -10 0.991572
66 14 car -1 -1 -10 24 183 227 259 -1 -1 -1 -1000 -1000 -1000 -10 0.999847
66 15 car -1 -1 -10 796 169 844 185 -1 -1 -1 -1000 -1000 -1000 -10 0.867962
66 17 car -1 -1 -10 694 174 733 209 -1 -1 -1 -1000 -1000 -1000 -10 0.999863
67 9 car -1 -1 -10 880 164 942 184 -1 -1 -1 -1000 -1000 -1000 -10 0.961675
67 13 car -1 -1 -10 1059 157 1122 181 -1 -1 -1 -1000 -1000 -1000 -10 0.985789
67 14 car -1 -1 -10 0 183 178 270 -1 -1 -1 -1000 -1000 -1000 -10 0.999879
67 16 car -1 -1 -10 793 168 841 184 -1 -1 -1 -1000 -1000 -1000 -10 0.786247
67 17 car -1 -1 -10 694 172 736 210 -1 -1 -1 -1000 -1000 -1000 -10 0.999933
68 9 car -1 -1 -10 883 163 947 181 -1 -1 -1 -1000 -1000 -1000 -10 0.992918
68 13 car -1 -1 -10 1059 155 1128 181 -1 -1 -1 -1000 -1000 -1000 -10 0.994026
68 14 car -1 -1 -10 0 184 123 277 -1 -1 -1 -1000 -1000 -1000 -10 0.980093
68 17 car -1 -1 -10 694 169 738 209 -1 -1 -1 -1000 -1000 -1000 -10 0.999969
68 18 car -1 -1 -10 785 166 835 184 -1 -1 -1 -1000 -1000 -1000 -10 0.927089
69 9 car -1 -1 -10 883 162 948 181 -1 -1 -1 -1000 -1000 -1000 -10 0.973618
69 13 car -1 -1 -10 1073 153 1129 177 -1 -1 -1 -1000 -1000 -1000 -10 0.861823
69 17 car -1 -1 -10 694 168 741 210 -1 -1 -1 -1000 -1000 -1000 -10 0.999979
69 18 car -1 -1 -10 778 163 831 181 -1 -1 -1 -1000 -1000 -1000 -10 0.958539
70 9 car -1 -1 -10 883 161 948 181 -1 -1 -1 -1000 -1000 -1000 -10 0.973822
70 13 car -1 -1 -10 1071 152 1143 178 -1 -1 -1 -1000 -1000 -1000 -10 0.918626
70 17 car -1 -1 -10 694 170 744 211 -1 -1 -1 -1000 -1000 -1000 -10 0.99991
70 18 car -1 -1 -10 775 164 827 182 -1 -1 -1 -1000 -1000 -1000 -10 0.990772
71 9 car -1 -1 -10 881 162 948 183 -1 -1 -1 -1000 -1000 -1000 -10 0.914986
71 13 car -1 -1 -10 1078 154 1155 181 -1 -1 -1 -1000 -1000 -1000 -10 0.984344
71 17 car -1 -1 -10 696 171 748 214 -1 -1 -1 -1000 -1000 -1000 -10 0.999718
71 18 car -1 -1 -10 768 164 825 183 -1 -1 -1 -1000 -1000 -1000 -10 0.888851
72 9 car -1 -1 -10 878 162 952 185 -1 -1 -1 -1000 -1000 -1000 -10 0.912802
72 13 car -1 -1 -10 1083 154 1152 181 -1 -1 -1 -1000 -1000 -1000 -10 0.99448
72 16 car -1 -1 -10 762 167 820 184 -1 -1 -1 -1000 -1000 -1000 -10 0.897782
72 17 car -1 -1 -10 699 172 752 214 -1 -1 -1 -1000 -1000 -1000 -10 0.999747
73 9 car -1 -1 -10 889 163 947 184 -1 -1 -1 -1000 -1000 -1000 -10 0.898002
73 13 car -1 -1 -10 1090 154 1162 183 -1 -1 -1 -1000 -1000 -1000 -10 0.996958
73 16 car -1 -1 -10 760 170 821 187 -1 -1 -1 -1000 -1000 -1000 -10 0.617596
73 17 car -1 -1 -10 699 175 755 217 -1 -1 -1 -1000 -1000 -1000 -10 0.999913
74 9 car -1 -1 -10 881 165 941 186 -1 -1 -1 -1000 -1000 -1000 -10 0.875781
74 13 car -1 -1 -10 1099 155 1168 183 -1 -1 -1 -1000 -1000 -1000 -10 0.997021
74 16 car -1 -1 -10 750 171 810 188 -1 -1 -1 -1000 -1000 -1000 -10 0.961409
74 19 car -1 -1 -10 700 177 760 220 -1 -1 -1 -1000 -1000 -1000 -10 0.99994
75 9 car -1 -1 -10 883 163 940 186 -1 -1 -1 -1000 -1000 -1000 -10 0.983486
75 13 car -1 -1 -10 1103 155 1176 183 -1 -1 -1 -1000 -1000 -1000 -10 0.998239
75 16 car -1 -1 -10 741 170 805 187 -1 -1 -1 -1000 -1000 -1000 -10 0.775462
75 19 car -1 -1 -10 702 177 766 221 -1 -1 -1 -1000 -1000 -1000 -10 0.999932
76 13 car -1 -1 -10 1109 154 1187 182 -1 -1 -1 -1000 -1000 -1000 -10 0.998465
76 16 car -1 -1 -10 739 168 797 187 -1 -1 -1 -1000 -1000 -1000 -10 0.888123
76 18 car -1 -1 -10 879 163 941 185 -1 -1 -1 -1000 -1000 -1000 -10 0.972548
76 19 car -1 -1 -10 705 175 771 222 -1 -1 -1 -1000 -1000 -1000 -10 0.999971
77 13 car -1 -1 -10 1115 153 1194 181 -1 -1 -1 -1000 -1000 -1000 -10 0.995609
77 16 car -1 -1 -10 729 168 789 187 -1 -1 -1 -1000 -1000 -1000 -10 0.875905
77 18 car -1 -1 -10 878 162 943 182 -1 -1 -1 -1000 -1000 -1000 -10 0.963518
77 19 car -1 -1 -10 708 175 776 222 -1 -1 -1 -1000 -1000 -1000 -10 0.999904
78 13 car -1 -1 -10 1121 154 1200 181 -1 -1 -1 -1000 -1000 -1000 -10 0.997389
78 18 car -1 -1 -10 874 160 936 183 -1 -1 -1 -1000 -1000 -1000 -10 0.97818
78 19 car -1 -1 -10 711 174 782 223 -1 -1 -1 -1000 -1000 -1000 -10 0.999889
78 20 car -1 -1 -10 358 175 409 197 -1 -1 -1 -1000 -1000 -1000 -10 0.992444
78 21 car -1 -1 -10 728 166 788 186 -1 -1 -1 -1000 -1000 -1000 -10 0.788729
79 13 car -1 -1 -10 1127 155 1208 185 -1 -1 -1 -1000 -1000 -1000 -10 0.997159
79 16 car -1 -1 -10 721 167 778 188 -1 -1 -1 -1000 -1000 -1000 -10 0.620108
79 18 car -1 -1 -10 868 166 926 186 -1 -1 -1 -1000 -1000 -1000 -10 0.937389
79 19 car -1 -1 -10 712 175 787 227 -1 -1 -1 -1000 -1000 -1000 -10 0.999974
79 20 car -1 -1 -10 355 177 411 199 -1 -1 -1 -1000 -1000 -1000 -10 0.872874
80 13 car -1 -1 -10 1131 156 1220 187 -1 -1 -1 -1000 -1000 -1000 -10 0.997028
80 16 car -1 -1 -10 711 167 771 190 -1 -1 -1 -1000 -1000 -1000 -10 0.920073
80 18 car -1 -1 -10 859 168 927 187 -1 -1 -1 -1000 -1000 -1000 -10 0.899613
80 19 car -1 -1 -10 717 177 790 230 -1 -1 -1 -1000 -1000 -1000 -10 0.999988
80 20 car -1 -1 -10 356 179 411 199 -1 -1 -1 -1000 -1000 -1000 -10 0.919937
81 13 car -1 -1 -10 1137 157 1224 187 -1 -1 -1 -1000 -1000 -1000 -10 0.998665
81 16 car -1 -1 -10 702 169 764 190 -1 -1 -1 -1000 -1000 -1000 -10 0.947137
81 18 car -1 -1 -10 857 167 921 188 -1 -1 -1 -1000 -1000 -1000 -10 0.951582
81 19 car -1 -1 -10 718 178 799 234 -1 -1 -1 -1000 -1000 -1000 -10 0.999981
81 20 car -1 -1 -10 361 180 411 200 -1 -1 -1 -1000 -1000 -1000 -10 0.989377
82 13 car -1 -1 -10 1143 157 1232 188 -1 -1 -1 -1000 -1000 -1000 -10 0.999125
82 16 car -1 -1 -10 691 170 752 193 -1 -1 -1 -1000 -1000 -1000 -10 0.977353
82 18 car -1 -1 -10 850 167 922 190 -1 -1 -1 -1000 -1000 -1000 -10 0.967751
82 19 car -1 -1 -10 718 177 811 241 -1 -1 -1 -1000 -1000 -1000 -10 0.999761
82 20 car -1 -1 -10 360 180 413 201 -1 -1 -1 -1000 -1000 -1000 -10 0.996861
83 13 car -1 -1 -10 1148 158 1242 188 -1 -1 -1 -1000 -1000 -1000 -10 0.996091
83 16 car -1 -1 -10 681 171 745 195 -1 -1 -1 -1000 -1000 -1000 -10 0.988861
83 18 car -1 -1 -10 837 169 912 192 -1 -1 -1 -1000 -1000 -1000 -10 0.642196
83 19 car -1 -1 -10 723 178 818 241 -1 -1 -1 -1000 -1000 -1000 -10 0.999957
83 20 car -1 -1 -10 358 178 418 201 -1 -1 -1 -1000 -1000 -1000 -10 0.999333
83 22 car -1 -1 -10 975 170 1051 191 -1 -1 -1 -1000 -1000 -1000 -10 0.350389
84 13 car -1 -1 -10 1152 157 1242 189 -1 -1 -1 -1000 -1000 -1000 -10 0.993937
84 16 car -1 -1 -10 673 171 733 195 -1 -1 -1 -1000 -1000 -1000 -10 0.99491
84 18 car -1 -1 -10 841 168 904 190 -1 -1 -1 -1000 -1000 -1000 -10 0.642883
84 19 car -1 -1 -10 728 179 826 244 -1 -1 -1 -1000 -1000 -1000 -10 0.999984
84 20 car -1 -1 -10 363 179 421 202 -1 -1 -1 -1000 -1000 -1000 -10 0.997429
84 22 car -1 -1 -10 984 168 1064 190 -1 -1 -1 -1000 -1000 -1000 -10 0.561257
85 13 car -1 -1 -10 1151 157 1242 188 -1 -1 -1 -1000 -1000 -1000 -10 0.988721
85 16 car -1 -1 -10 665 170 724 196 -1 -1 -1 -1000 -1000 -1000 -10 0.986043
85 18 car -1 -1 -10 833 167 899 190 -1 -1 -1 -1000 -1000 -1000 -10 0.911599
85 19 car -1 -1 -10 731 179 838 248 -1 -1 -1 -1000 -1000 -1000 -10 0.999992
85 20 car -1 -1 -10 364 179 422 203 -1 -1 -1 -1000 -1000 -1000 -10 0.998806
85 22 car -1 -1 -10 982 168 1066 191 -1 -1 -1 -1000 -1000 -1000 -10 0.627602
86 13 car -1 -1 -10 1161 154 1242 191 -1 -1 -1 -1000 -1000 -1000 -10 0.973263
86 16 car -1 -1 -10 654 171 715 196 -1 -1 -1 -1000 -1000 -1000 -10 0.928593
86 18 car -1 -1 -10 823 167 892 192 -1 -1 -1 -1000 -1000 -1000 -10 0.957828
86 19 car -1 -1 -10 737 181 848 250 -1 -1 -1 -1000 -1000 -1000 -10 0.99999
86 20 car -1 -1 -10 368 178 424 204 -1 -1 -1 -1000 -1000 -1000 -10 0.997537
86 22 car -1 -1 -10 980 167 1064 190 -1 -1 -1 -1000 -1000 -1000 -10 0.933668
87 13 car -1 -1 -10 1160 154 1242 187 -1 -1 -1 -1000 -1000 -1000 -10 0.799659
87 16 car -1 -1 -10 640 174 702 196 -1 -1 -1 -1000 -1000 -1000 -10 0.555194
87 19 car -1 -1 -10 741 179 860 256 -1 -1 -1 -1000 -1000 -1000 -10 0.999993
87 20 car -1 -1 -10 369 179 426 204 -1 -1 -1 -1000 -1000 -1000 -10 0.998479
87 21 car -1 -1 -10 818 165 889 193 -1 -1 -1 -1000 -1000 -1000 -10 0.995966
87 22 car -1 -1 -10 979 166 1065 190 -1 -1 -1 -1000 -1000 -1000 -10 0.931475
87 23 car -1 -1 -10 253 182 311 205 -1 -1 -1 -1000 -1000 -1000 -10 0.836624
87 24 car -1 -1 -10 1177 142 1242 201 -1 -1 -1 -1000 -1000 -1000 -10 0.362041
88 13 car -1 -1 -10 1166 154 1242 189 -1 -1 -1 -1000 -1000 -1000 -10 0.988691
88 16 car -1 -1 -10 631 174 690 196 -1 -1 -1 -1000 -1000 -1000 -10 0.70077
88 18 car -1 -1 -10 805 166 882 194 -1 -1 -1 -1000 -1000 -1000 -10 0.986194
88 19 car -1 -1 -10 742 180 872 261 -1 -1 -1 -1000 -1000 -1000 -10 0.99998
88 20 car -1 -1 -10 373 180 432 203 -1 -1 -1 -1000 -1000 -1000 -10 0.997487
88 22 car -1 -1 -10 975 163 1064 188 -1 -1 -1 -1000 -1000 -1000 -10 0.949973
88 23 car -1 -1 -10 253 182 305 205 -1 -1 -1 -1000 -1000 -1000 -10 0.977075
89 13 car -1 -1 -10 1168 152 1242 188 -1 -1 -1 -1000 -1000 -1000 -10 0.995724
89 16 car -1 -1 -10 615 172 685 198 -1 -1 -1 -1000 -1000 -1000 -10 0.835874
89 19 car -1 -1 -10 750 182 886 262 -1 -1 -1 -1000 -1000 -1000 -10 0.999986
89 20 car -1 -1 -10 375 179 436 203 -1 -1 -1 -1000 -1000 -1000 -10 0.998828
89 21 car -1 -1 -10 794 166 880 192 -1 -1 -1 -1000 -1000 -1000 -10 0.990781
89 22 car -1 -1 -10 968 163 1059 188 -1 -1 -1 -1000 -1000 -1000 -10 0.863244
89 23 car -1 -1 -10 252 182 304 205 -1 -1 -1 -1000 -1000 -1000 -10 0.988902
90 13 car -1 -1 -10 1170 153 1242 188 -1 -1 -1 -1000 -1000 -1000 -10 0.995005
90 16 car -1 -1 -10 605 172 674 199 -1 -1 -1 -1000 -1000 -1000 -10 0.976072
90 19 car -1 -1 -10 752 180 902 271 -1 -1 -1 -1000 -1000 -1000 -10 0.999682
90 20 car -1 -1 -10 380 179 441 203 -1 -1 -1 -1000 -1000 -1000 -10 0.990915
90 21 car -1 -1 -10 795 165 868 193 -1 -1 -1 -1000 -1000 -1000 -10 0.979953
90 22 car -1 -1 -10 966 161 1050 189 -1 -1 -1 -1000 -1000 -1000 -10 0.89073
90 23 car -1 -1 -10 246 182 302 206 -1 -1 -1 -1000 -1000 -1000 -10 0.991856
91 13 car -1 -1 -10 1171 154 1242 188 -1 -1 -1 -1000 -1000 -1000 -10 0.975428
91 16 car -1 -1 -10 590 173 662 199 -1 -1 -1 -1000 -1000 -1000 -10 0.983654
91 19 car -1 -1 -10 754 176 919 278 -1 -1 -1 -1000 -1000 -1000 -10 0.999878
91 20 car -1 -1 -10 383 178 448 203 -1 -1 -1 -1000 -1000 -1000 -10 0.994456
91 21 car -1 -1 -10 788 165 860 196 -1 -1 -1 -1000 -1000 -1000 -10 0.919862
91 22 car -1 -1 -10 956 164 1050 188 -1 -1 -1 -1000 -1000 -1000 -10 0.964176
91 23 car -1 -1 -10 241 182 298 207 -1 -1 -1 -1000 -1000 -1000 -10 0.995617
92 13 car -1 -1 -10 1168 155 1242 190 -1 -1 -1 -1000 -1000 -1000 -10 0.98227
92 16 car -1 -1 -10 576 173 652 199 -1 -1 -1 -1000 -1000 -1000 -10 0.862825
92 19 car -1 -1 -10 763 179 933 285 -1 -1 -1 -1000 -1000 -1000 -10 0.999972
92 20 car -1 -1 -10 391 179 455 203 -1 -1 -1 -1000 -1000 -1000 -10 0.98167
92 21 car -1 -1 -10 781 165 850 196 -1 -1 -1 -1000 -1000 -1000 -10 0.998843
92 22 car -1 -1 -10 944 162 1043 189 -1 -1 -1 -1000 -1000 -1000 -10 0.941249
92 23 car -1 -1 -10 240 182 297 207 -1 -1 -1 -1000 -1000 -1000 -10 0.99622
92 25 car -1 -1 -10 583 174 612 189 -1 -1 -1 -1000 -1000 -1000 -10 0.862657
93 13 car -1 -1 -10 1173 154 1242 190 -1 -1 -1 -1000 -1000 -1000 -10 0.978293
93 16 car -1 -1 -10 564 173 641 202 -1 -1 -1 -1000 -1000 -1000 -10 0.927927
93 19 car -1 -1 -10 770 184 952 290 -1 -1 -1 -1000 -1000 -1000 -10 0.999995
93 20 car -1 -1 -10 394 178 464 205 -1 -1 -1 -1000 -1000 -1000 -10 0.991623
93 21 car -1 -1 -10 774 165 844 196 -1 -1 -1 -1000 -1000 -1000 -10 0.998707
93 22 car -1 -1 -10 944 162 1037 187 -1 -1 -1 -1000 -1000 -1000 -10 0.982852
93 23 car -1 -1 -10 236 181 293 207 -1 -1 -1 -1000 -1000 -1000 -10 0.991263
93 25 car -1 -1 -10 578 172 613 189 -1 -1 -1 -1000 -1000 -1000 -10 0.744879
94 13 car -1 -1 -10 1167 156 1242 189 -1 -1 -1 -1000 -1000 -1000 -10 0.963472
94 16 car -1 -1 -10 548 175 627 202 -1 -1 -1 -1000 -1000 -1000 -10 0.845083
94 19 car -1 -1 -10 780 180 969 302 -1 -1 -1 -1000 -1000 -1000 -10 0.999977
94 20 car -1 -1 -10 402 179 467 202 -1 -1 -1 -1000 -1000 -1000 -10 0.98558
94 21 car -1 -1 -10 764 166 835 193 -1 -1 -1 -1000 -1000 -1000 -10 0.998768
94 22 car -1 -1 -10 943 164 1032 191 -1 -1 -1 -1000 -1000 -1000 -10 0.955056
94 23 car -1 -1 -10 234 181 292 208 -1 -1 -1 -1000 -1000 -1000 -10 0.995501
94 25 car -1 -1 -10 577 173 611 190 -1 -1 -1 -1000 -1000 -1000 -10 0.75638
95 13 car -1 -1 -10 1174 154 1242 188 -1 -1 -1 -1000 -1000 -1000 -10 0.932391
95 16 car -1 -1 -10 534 174 619 203 -1 -1 -1 -1000 -1000 -1000 -10 0.984372
95 18 car -1 -1 -10 926 168 1018 191 -1 -1 -1 -1000 -1000 -1000 -10 0.962061
95 19 car -1 -1 -10 774 183 1003 307 -1 -1 -1 -1000 -1000 -1000 -10 0.999693
95 20 car -1 -1 -10 411 180 473 205 -1 -1 -1 -1000 -1000 -1000 -10 0.863747
95 21 car -1 -1 -10 752 167 828 194 -1 -1 -1 -1000 -1000 -1000 -10 0.999345
95 23 car -1 -1 -10 233 183 293 208 -1 -1 -1 -1000 -1000 -1000 -10 0.964669
95 25 car -1 -1 -10 582 173 610 188 -1 -1 -1 -1000 -1000 -1000 -10 0.889793
95 26 car -1 -1 -10 545 176 574 193 -1 -1 -1 -1000 -1000 -1000 -10 0.714763
96 13 car -1 -1 -10 1177 153 1242 189 -1 -1 -1 -1000 -1000 -1000 -10 0.69966
96 16 car -1 -1 -10 519 174 609 204 -1 -1 -1 -1000 -1000 -1000 -10 0.982546
96 18 car -1 -1 -10 925 168 1015 188 -1 -1 -1 -1000 -1000 -1000 -10 0.948321
96 19 car -1 -1 -10 783 182 1026 321 -1 -1 -1 -1000 -1000 -1000 -10 0.999574
96 21 car -1 -1 -10 740 167 820 194 -1 -1 -1 -1000 -1000 -1000 -10 0.999812
96 23 car -1 -1 -10 229 183 294 209 -1 -1 -1 -1000 -1000 -1000 -10 0.99706
96 26 car -1 -1 -10 540 176 571 192 -1 -1 -1 -1000 -1000 -1000 -10 0.756968
97 13 car -1 -1 -10 1177 152 1242 189 -1 -1 -1 -1000 -1000 -1000 -10 0.563951
97 16 car -1 -1 -10 507 175 592 205 -1 -1 -1 -1000 -1000 -1000 -10 0.996874
97 18 car -1 -1 -10 918 167 1021 190 -1 -1 -1 -1000 -1000 -1000 -10 0.56569
97 19 car -1 -1 -10 789 183 1057 327 -1 -1 -1 -1000 -1000 -1000 -10 0.999719
97 20 car -1 -1 -10 426 177 497 206 -1 -1 -1 -1000 -1000 -1000 -10 0.819447
97 21 car -1 -1 -10 733 167 811 194 -1 -1 -1 -1000 -1000 -1000 -10 0.999726
97 23 car -1 -1 -10 226 183 297 209 -1 -1 -1 -1000 -1000 -1000 -10 0.999241
97 26 car -1 -1 -10 533 175 570 192 -1 -1 -1 -1000 -1000 -1000 -10 0.650042
98 13 car -1 -1 -10 1186 149 1242 193 -1 -1 -1 -1000 -1000 -1000 -10 0.427199
98 16 car -1 -1 -10 486 176 580 205 -1 -1 -1 -1000 -1000 -1000 -10 0.996459
98 18 car -1 -1 -10 908 167 992 191 -1 -1 -1 -1000 -1000 -1000 -10 0.91744
98 19 car -1 -1 -10 790 187 1093 338 -1 -1 -1 -1000 -1000 -1000 -10 0.999954
98 20 car -1 -1 -10 435 176 506 206 -1 -1 -1 -1000 -1000 -1000 -10 0.913226
98 21 car -1 -1 -10 721 167 802 196 -1 -1 -1 -1000 -1000 -1000 -10 0.999336
98 23 car -1 -1 -10 221 183 297 209 -1 -1 -1 -1000 -1000 -1000 -10 0.999349
98 26 car -1 -1 -10 538 176 567 191 -1 -1 -1 -1000 -1000 -1000 -10 0.882218
99 16 car -1 -1 -10 472 176 566 208 -1 -1 -1 -1000 -1000 -1000 -10 0.987312
99 18 car -1 -1 -10 900 166 993 194 -1 -1 -1 -1000 -1000 -1000 -10 0.964085
99 19 car -1 -1 -10 807 192 1126 348 -1 -1 -1 -1000 -1000 -1000 -10 0.999878
99 21 car -1 -1 -10 710 168 789 196 -1 -1 -1 -1000 -1000 -1000 -10 0.999795
99 23 car -1 -1 -10 220 183 296 210 -1 -1 -1 -1000 -1000 -1000 -10 0.997948
100 13 car -1 -1 -10 1155 142 1242 203 -1 -1 -1 -1000 -1000 -1000 -10 0.517634
100 18 car -1 -1 -10 889 166 988 194 -1 -1 -1 -1000 -1000 -1000 -10 0.997402
100 19 car -1 -1 -10 798 186 1183 368 -1 -1 -1 -1000 -1000 -1000 -10 0.999853
100 21 car -1 -1 -10 701 169 779 197 -1 -1 -1 -1000 -1000 -1000 -10 0.999937
100 23 car -1 -1 -10 221 183 298 210 -1 -1 -1 -1000 -1000 -1000 -10 0.996664
100 27 car -1 -1 -10 448 176 546 210 -1 -1 -1 -1000 -1000 -1000 -10 0.997498
101 18 car -1 -1 -10 880 168 979 195 -1 -1 -1 -1000 -1000 -1000 -10 0.994579
101 19 car -1 -1 -10 818 187 1228 375 -1 -1 -1 -1000 -1000 -1000 -10 0.999976
101 21 car -1 -1 -10 690 169 767 198 -1 -1 -1 -1000 -1000 -1000 -10 0.999915
101 23 car -1 -1 -10 219 182 298 210 -1 -1 -1 -1000 -1000 -1000 -10 0.998415
101 27 car -1 -1 -10 439 177 526 210 -1 -1 -1 -1000 -1000 -1000 -10 0.982406
101 28 car -1 -1 -10 534 175 560 191 -1 -1 -1 -1000 -1000 -1000 -10 0.941209
102 13 car -1 -1 -10 1126 158 1234 193 -1 -1 -1 -1000 -1000 -1000 -10 0.683664
102 16 car -1 -1 -10 472 177 546 206 -1 -1 -1 -1000 -1000 -1000 -10 0.678361
102 18 car -1 -1 -10 876 169 966 195 -1 -1 -1 -1000 -1000 -1000 -10 0.997873
102 19 car -1 -1 -10 820 187 1242 375 -1 -1 -1 -1000 -1000 -1000 -10 0.999991
102 20 car -1 -1 -10 422 175 515 216 -1 -1 -1 -1000 -1000 -1000 -10 0.998079
102 21 car -1 -1 -10 679 169 756 199 -1 -1 -1 -1000 -1000 -1000 -10 0.999914
102 23 car -1 -1 -10 215 182 299 211 -1 -1 -1 -1000 -1000 -1000 -10 0.997405
102 29 pedestrian -1 -1 -10 435 174 460 224 -1 -1 -1 -1000 -1000 -1000 -10 0.829669
103 13 car -1 -1 -10 1124 156 1232 194 -1 -1 -1 -1000 -1000 -1000 -10 0.704271
103 16 car -1 -1 -10 473 177 555 205 -1 -1 -1 -1000 -1000 -1000 -10 0.97682
103 18 car -1 -1 -10 868 168 965 195 -1 -1 -1 -1000 -1000 -1000 -10 0.999716
103 19 car -1 -1 -10 836 186 1242 375 -1 -1 -1 -1000 -1000 -1000 -10 0.999985
103 20 car -1 -1 -10 403 175 496 217 -1 -1 -1 -1000 -1000 -1000 -10 0.988173
103 21 car -1 -1 -10 665 170 747 199 -1 -1 -1 -1000 -1000 -1000 -10 0.999635
103 23 car -1 -1 -10 219 182 300 212 -1 -1 -1 -1000 -1000 -1000 -10 0.998514
104 16 car -1 -1 -10 487 177 569 204 -1 -1 -1 -1000 -1000 -1000 -10 0.988827
104 18 car -1 -1 -10 857 168 956 195 -1 -1 -1 -1000 -1000 -1000 -10 0.999813
104 19 car -1 -1 -10 848 192 1242 375 -1 -1 -1 -1000 -1000 -1000 -10 0.99996
104 20 car -1 -1 -10 384 181 469 220 -1 -1 -1 -1000 -1000 -1000 -10 0.985149
104 21 car -1 -1 -10 656 169 735 201 -1 -1 -1 -1000 -1000 -1000 -10 0.999505
104 23 car -1 -1 -10 218 182 303 211 -1 -1 -1 -1000 -1000 -1000 -10 0.999413
104 26 car -1 -1 -10 532 176 559 192 -1 -1 -1 -1000 -1000 -1000 -10 0.55397
105 13 car -1 -1 -10 1103 157 1217 191 -1 -1 -1 -1000 -1000 -1000 -10 0.785505
105 16 car -1 -1 -10 498 177 573 203 -1 -1 -1 -1000 -1000 -1000 -10 0.976915
105 18 car -1 -1 -10 846 169 947 197 -1 -1 -1 -1000 -1000 -1000 -10 0.999632
105 19 car -1 -1 -10 864 194 1242 375 -1 -1 -1 -1000 -1000 -1000 -10 0.999925
105 20 car -1 -1 -10 357 178 454 225 -1 -1 -1 -1000 -1000 -1000 -10 0.999579
105 21 car -1 -1 -10 643 169 721 201 -1 -1 -1 -1000 -1000 -1000 -10 0.997851
105 23 car -1 -1 -10 220 181 306 212 -1 -1 -1 -1000 -1000 -1000 -10 0.999295
105 26 car -1 -1 -10 527 176 560 193 -1 -1 -1 -1000 -1000 -1000 -10 0.592613
105 30 car -1 -1 -10 1140 150 1242 204 -1 -1 -1 -1000 -1000 -1000 -10 0.505524
106 13 car -1 -1 -10 1114 156 1221 188 -1 -1 -1 -1000 -1000 -1000 -10 0.476803
106 16 car -1 -1 -10 509 176 584 202 -1 -1 -1 -1000 -1000 -1000 -10 0.990622
106 18 car -1 -1 -10 836 168 940 197 -1 -1 -1 -1000 -1000 -1000 -10 0.999775
106 19 car -1 -1 -10 878 180 1242 375 -1 -1 -1 -1000 -1000 -1000 -10 0.999785
106 20 car -1 -1 -10 329 179 441 229 -1 -1 -1 -1000 -1000 -1000 -10 0.999979
106 21 car -1 -1 -10 631 170 711 201 -1 -1 -1 -1000 -1000 -1000 -10 0.993126
106 23 car -1 -1 -10 225 180 310 212 -1 -1 -1 -1000 -1000 -1000 -10 0.997831
106 26 car -1 -1 -10 524 175 559 192 -1 -1 -1 -1000 -1000 -1000 -10 0.65137
107 16 car -1 -1 -10 519 175 592 203 -1 -1 -1 -1000 -1000 -1000 -10 0.995614
107 18 car -1 -1 -10 831 167 934 197 -1 -1 -1 -1000 -1000 -1000 -10 0.9997
107 19 car -1 -1 -10 884 185 1242 375 -1 -1 -1 -1000 -1000 -1000 -10 0.999783
107 20 car -1 -1 -10 299 178 425 231 -1 -1 -1 -1000 -1000 -1000 -10 0.999992
107 21 car -1 -1 -10 619 170 698 202 -1 -1 -1 -1000 -1000 -1000 -10 0.994809
107 23 car -1 -1 -10 227 180 321 212 -1 -1 -1 -1000 -1000 -1000 -10 0.998314
107 26 car -1 -1 -10 565 174 591 189 -1 -1 -1 -1000 -1000 -1000 -10 0.878784
107 31 car -1 -1 -10 530 175 559 192 -1 -1 -1 -1000 -1000 -1000 -10 0.749795
108 13 car -1 -1 -10 1088 159 1205 190 -1 -1 -1 -1000 -1000 -1000 -10 0.618085
108 16 car -1 -1 -10 526 176 604 203 -1 -1 -1 -1000 -1000 -1000 -10 0.975471
108 18 car -1 -1 -10 823 168 922 197 -1 -1 -1 -1000 -1000 -1000 -10 0.999769
108 19 car -1 -1 -10 902 187 1242 375 -1 -1 -1 -1000 -1000 -1000 -10 0.999764
108 20 car -1 -1 -10 272 182 397 232 -1 -1 -1 -1000 -1000 -1000 -10 0.999987
108 21 car -1 -1 -10 603 171 691 205 -1 -1 -1 -1000 -1000 -1000 -10 0.9904
108 23 car -1 -1 -10 230 179 327 212 -1 -1 -1 -1000 -1000 -1000 -10 0.979744
108 26 car -1 -1 -10 560 175 593 194 -1 -1 -1 -1000 -1000 -1000 -10 0.525496
108 31 car -1 -1 -10 528 176 557 193 -1 -1 -1 -1000 -1000 -1000 -10 0.937976
109 13 car -1 -1 -10 1079 158 1194 191 -1 -1 -1 -1000 -1000 -1000 -10 0.693893
109 16 car -1 -1 -10 540 174 610 203 -1 -1 -1 -1000 -1000 -1000 -10 0.684969
109 18 car -1 -1 -10 816 167 913 198 -1 -1 -1 -1000 -1000 -1000 -10 0.999499
109 19 car -1 -1 -10 932 201 1242 372 -1 -1 -1 -1000 -1000 -1000 -10 0.999106
109 20 car -1 -1 -10 237 181 376 239 -1 -1 -1 -1000 -1000 -1000 -10 0.999964
109 21 car -1 -1 -10 592 172 680 205 -1 -1 -1 -1000 -1000 -1000 -10 0.979319
109 26 car -1 -1 -10 566 174 597 193 -1 -1 -1 -1000 -1000 -1000 -10 0.549554
109 31 car -1 -1 -10 527 176 554 192 -1 -1 -1 -1000 -1000 -1000 -10 0.983789
110 13 car -1 -1 -10 1078 157 1176 195 -1 -1 -1 -1000 -1000 -1000 -10 0.94809
110 18 car -1 -1 -10 807 168 905 199 -1 -1 -1 -1000 -1000 -1000 -10 0.999747
110 19 car -1 -1 -10 953 202 1242 373 -1 -1 -1 -1000 -1000 -1000 -10 0.999777
110 20 car -1 -1 -10 202 184 355 244 -1 -1 -1 -1000 -1000 -1000 -10 0.999989
110 21 car -1 -1 -10 573 172 663 208 -1 -1 -1 -1000 -1000 -1000 -10 0.924679
110 26 car -1 -1 -10 565 175 600 196 -1 -1 -1 -1000 -1000 -1000 -10 0.74061
110 31 car -1 -1 -10 526 176 552 192 -1 -1 -1 -1000 -1000 -1000 -10 0.981257
111 13 car -1 -1 -10 1068 156 1178 195 -1 -1 -1 -1000 -1000 -1000 -10 0.750274
111 18 car -1 -1 -10 797 169 899 200 -1 -1 -1 -1000 -1000 -1000 -10 0.999666
111 19 car -1 -1 -10 967 206 1242 367 -1 -1 -1 -1000 -1000 -1000 -10 0.99956
111 20 car -1 -1 -10 159 184 327 252 -1 -1 -1 -1000 -1000 -1000 -10 0.999752
111 21 car -1 -1 -10 564 173 648 208 -1 -1 -1 -1000 -1000 -1000 -10 0.981301
111 23 car -1 -1 -10 240 180 339 213 -1 -1 -1 -1000 -1000 -1000 -10 0.953426
111 26 car -1 -1 -10 565 173 598 194 -1 -1 -1 -1000 -1000 -1000 -10 0.655279
111 31 car -1 -1 -10 526 176 552 192 -1 -1 -1 -1000 -1000 -1000 -10 0.992828
112 18 car -1 -1 -10 787 168 888 200 -1 -1 -1 -1000 -1000 -1000 -10 0.999481
112 19 car -1 -1 -10 990 199 1242 372 -1 -1 -1 -1000 -1000 -1000 -10 0.999959
112 20 car -1 -1 -10 103 184 301 262 -1 -1 -1 -1000 -1000 -1000 -10 0.999739
112 21 car -1 -1 -10 548 174 642 209 -1 -1 -1 -1000 -1000 -1000 -10 0.991504
112 23 car -1 -1 -10 242 179 343 211 -1 -1 -1 -1000 -1000 -1000 -10 0.998752
112 26 car -1 -1 -10 566 174 600 192 -1 -1 -1 -1000 -1000 -1000 -10 0.754818
112 31 car -1 -1 -10 525 176 552 192 -1 -1 -1 -1000 -1000 -1000 -10 0.985712
112 32 pedestrian -1 -1 -10 398 170 423 236 -1 -1 -1 -1000 -1000 -1000 -10 0.974543
113 18 car -1 -1 -10 776 169 879 200 -1 -1 -1 -1000 -1000 -1000 -10 0.999547
113 19 car -1 -1 -10 1004 200 1242 374 -1 -1 -1 -1000 -1000 -1000 -10 0.998619
113 20 car -1 -1 -10 47 184 266 270 -1 -1 -1 -1000 -1000 -1000 -10 0.999928
113 21 car -1 -1 -10 534 172 634 211 -1 -1 -1 -1000 -1000 -1000 -10 0.949873
113 23 car -1 -1 -10 256 180 353 213 -1 -1 -1 -1000 -1000 -1000 -10 0.998733
113 26 car -1 -1 -10 563 175 600 193 -1 -1 -1 -1000 -1000 -1000 -10 0.459078
113 30 car -1 -1 -10 1120 145 1242 199 -1 -1 -1 -1000 -1000 -1000 -10 0.442607
113 31 car -1 -1 -10 526 176 554 192 -1 -1 -1 -1000 -1000 -1000 -10 0.96668
113 33 pedestrian -1 -1 -10 394 168 420 240 -1 -1 -1 -1000 -1000 -1000 -10 0.988139
114 13 car -1 -1 -10 1032 162 1144 195 -1 -1 -1 -1000 -1000 -1000 -10 0.755251
114 18 car -1 -1 -10 768 170 866 200 -1 -1 -1 -1000 -1000 -1000 -10 0.999722
114 19 car -1 -1 -10 1036 212 1242 375 -1 -1 -1 -1000 -1000 -1000 -10 0.878149
114 20 car -1 -1 -10 0 185 224 281 -1 -1 -1 -1000 -1000 -1000 -10 0.999985
114 21 car -1 -1 -10 517 172 613 212 -1 -1 -1 -1000 -1000 -1000 -10 0.906061
114 23 car -1 -1 -10 264 178 360 213 -1 -1 -1 -1000 -1000 -1000 -10 0.999535
114 26 car -1 -1 -10 567 175 599 194 -1 -1 -1 -1000 -1000 -1000 -10 0.447683
114 31 car -1 -1 -10 526 175 555 194 -1 -1 -1 -1000 -1000 -1000 -10 0.825024
114 33 pedestrian -1 -1 -10 391 170 417 241 -1 -1 -1 -1000 -1000 -1000 -10 0.985529
114 34 car -1 -1 -10 595 174 652 202 -1 -1 -1 -1000 -1000 -1000 -10 0.731245
115 13 car -1 -1 -10 1029 162 1140 200 -1 -1 -1 -1000 -1000 -1000 -10 0.986552
115 18 car -1 -1 -10 760 170 862 201 -1 -1 -1 -1000 -1000 -1000 -10 0.999842
115 20 car -1 -1 -10 0 185 184 293 -1 -1 -1 -1000 -1000 -1000 -10 0.999949
115 21 car -1 -1 -10 503 173 602 213 -1 -1 -1 -1000 -1000 -1000 -10 0.96063
115 23 car -1 -1 -10 271 179 369 213 -1 -1 -1 -1000 -1000 -1000 -10 0.999686
115 26 car -1 -1 -10 561 175 591 195 -1 -1 -1 -1000 -1000 -1000 -10 0.461826
115 31 car -1 -1 -10 527 175 558 193 -1 -1 -1 -1000 -1000 -1000 -10 0.776065
115 34 car -1 -1 -10 592 174 663 203 -1 -1 -1 -1000 -1000 -1000 -10 0.863899
115 35 pedestrian -1 -1 -10 387 167 413 244 -1 -1 -1 -1000 -1000 -1000 -10 0.979475
116 13 car -1 -1 -10 1018 160 1125 199 -1 -1 -1 -1000 -1000 -1000 -10 0.991594
116 16 car -1 -1 -10 513 177 554 200 -1 -1 -1 -1000 -1000 -1000 -10 0.36304
116 18 car -1 -1 -10 749 170 843 201 -1 -1 -1 -1000 -1000 -1000 -10 0.999472
116 20 car -1 -1 -10 0 188 131 301 -1 -1 -1 -1000 -1000 -1000 -10 0.9992
116 21 car -1 -1 -10 493 174 576 211 -1 -1 -1 -1000 -1000 -1000 -10 0.729185
116 23 car -1 -1 -10 281 179 380 214 -1 -1 -1 -1000 -1000 -1000 -10 0.999759
116 34 car -1 -1 -10 610 174 668 201 -1 -1 -1 -1000 -1000 -1000 -10 0.985537
116 36 pedestrian -1 -1 -10 385 167 411 245 -1 -1 -1 -1000 -1000 -1000 -10 0.981212
117 13 car -1 -1 -10 1006 161 1119 198 -1 -1 -1 -1000 -1000 -1000 -10 0.980369
117 18 car -1 -1 -10 737 170 835 202 -1 -1 -1 -1000 -1000 -1000 -10 0.999406
117 20 car -1 -1 -10 0 196 61 294 -1 -1 -1 -1000 -1000 -1000 -10 0.718426
117 21 car -1 -1 -10 474 173 572 217 -1 -1 -1 -1000 -1000 -1000 -10 0.915436
117 23 car -1 -1 -10 292 178 388 214 -1 -1 -1 -1000 -1000 -1000 -10 0.999362
117 26 car -1 -1 -10 525 175 558 197 -1 -1 -1 -1000 -1000 -1000 -10 0.359367
117 31 car -1 -1 -10 567 175 593 191 -1 -1 -1 -1000 -1000 -1000 -10 0.768883
117 34 car -1 -1 -10 618 174 677 201 -1 -1 -1 -1000 -1000 -1000 -10 0.994063
118 13 car -1 -1 -10 996 158 1105 200 -1 -1 -1 -1000 -1000 -1000 -10 0.984879
118 18 car -1 -1 -10 728 169 823 202 -1 -1 -1 -1000 -1000 -1000 -10 0.998918
118 21 car -1 -1 -10 451 173 566 218 -1 -1 -1 -1000 -1000 -1000 -10 0.939461
118 23 car -1 -1 -10 298 179 395 212 -1 -1 -1 -1000 -1000 -1000 -10 0.999569
118 26 car -1 -1 -10 525 175 555 197 -1 -1 -1 -1000 -1000 -1000 -10 0.696327
118 31 car -1 -1 -10 566 175 594 193 -1 -1 -1 -1000 -1000 -1000 -10 0.949911
118 34 car -1 -1 -10 630 172 679 200 -1 -1 -1 -1000 -1000 -1000 -10 0.978551
119 13 car -1 -1 -10 980 160 1089 198 -1 -1 -1 -1000 -1000 -1000 -10 0.980456
119 18 car -1 -1 -10 720 170 816 203 -1 -1 -1 -1000 -1000 -1000 -10 0.995438
119 21 car -1 -1 -10 435 173 548 220 -1 -1 -1 -1000 -1000 -1000 -10 0.991925
119 23 car -1 -1 -10 310 179 405 212 -1 -1 -1 -1000 -1000 -1000 -10 0.996503
119 31 car -1 -1 -10 566 174 594 192 -1 -1 -1 -1000 -1000 -1000 -10 0.960614
119 34 car -1 -1 -10 637 171 686 199 -1 -1 -1 -1000 -1000 -1000 -10 0.993899
119 37 pedestrian -1 -1 -10 377 167 403 245 -1 -1 -1 -1000 -1000 -1000 -10 0.75252
120 13 car -1 -1 -10 970 159 1076 198 -1 -1 -1 -1000 -1000 -1000 -10 0.99322
120 18 car -1 -1 -10 702 172 801 204 -1 -1 -1 -1000 -1000 -1000 -10 0.99714
120 21 car -1 -1 -10 419 171 534 222 -1 -1 -1 -1000 -1000 -1000 -10 0.99664
120 23 car -1 -1 -10 320 179 412 212 -1 -1 -1 -1000 -1000 -1000 -10 0.994965
120 31 car -1 -1 -10 567 174 594 192 -1 -1 -1 -1000 -1000 -1000 -10 0.918837
120 34 car -1 -1 -10 645 172 690 199 -1 -1 -1 -1000 -1000 -1000 -10 0.998326
120 37 pedestrian -1 -1 -10 375 171 402 247 -1 -1 -1 -1000 -1000 -1000 -10 0.914902
121 13 car -1 -1 -10 960 161 1064 198 -1 -1 -1 -1000 -1000 -1000 -10 0.984089
121 18 car -1 -1 -10 690 172 789 204 -1 -1 -1 -1000 -1000 -1000 -10 0.998453
121 21 car -1 -1 -10 397 172 516 222 -1 -1 -1 -1000 -1000 -1000 -10 0.99935
121 23 car -1 -1 -10 331 177 418 213 -1 -1 -1 -1000 -1000 -1000 -10 0.899643
121 31 car -1 -1 -10 567 174 593 192 -1 -1 -1 -1000 -1000 -1000 -10 0.866956
121 34 car -1 -1 -10 653 172 699 199 -1 -1 -1 -1000 -1000 -1000 -10 0.979922
121 37 pedestrian -1 -1 -10 373 170 402 248 -1 -1 -1 -1000 -1000 -1000 -10 0.927285
121 38 car -1 -1 -10 522 174 551 192 -1 -1 -1 -1000 -1000 -1000 -10 0.955383
122 13 car -1 -1 -10 945 161 1051 198 -1 -1 -1 -1000 -1000 -1000 -10 0.992256
122 18 car -1 -1 -10 677 173 777 205 -1 -1 -1 -1000 -1000 -1000 -10 0.983622
122 21 car -1 -1 -10 378 173 501 225 -1 -1 -1 -1000 -1000 -1000 -10 0.99972
122 23 car -1 -1 -10 344 177 428 215 -1 -1 -1 -1000 -1000 -1000 -10 0.817837
122 34 car -1 -1 -10 661 173 701 197 -1 -1 -1 -1000 -1000 -1000 -10 0.968804
122 37 pedestrian -1 -1 -10 369 168 401 241 -1 -1 -1 -1000 -1000 -1000 -10 0.745886
122 38 car -1 -1 -10 522 174 551 192 -1 -1 -1 -1000 -1000 -1000 -10 0.953886
123 13 car -1 -1 -10 937 160 1038 199 -1 -1 -1 -1000 -1000 -1000 -10 0.934227
123 18 car -1 -1 -10 663 173 761 205 -1 -1 -1 -1000 -1000 -1000 -10 0.990647
123 21 car -1 -1 -10 358 173 483 228 -1 -1 -1 -1000 -1000 -1000 -10 0.999389
123 34 car -1 -1 -10 665 174 705 197 -1 -1 -1 -1000 -1000 -1000 -10 0.315542
123 38 car -1 -1 -10 523 175 550 192 -1 -1 -1 -1000 -1000 -1000 -10 0.974402
123 39 pedestrian -1 -1 -10 368 162 401 247 -1 -1 -1 -1000 -1000 -1000 -10 0.84725
124 13 car -1 -1 -10 915 160 1025 199 -1 -1 -1 -1000 -1000 -1000 -10 0.987954
124 18 car -1 -1 -10 649 174 752 206 -1 -1 -1 -1000 -1000 -1000 -10 0.997761
124 21 car -1 -1 -10 337 174 464 235 -1 -1 -1 -1000 -1000 -1000 -10 0.999949
124 38 car -1 -1 -10 522 175 551 194 -1 -1 -1 -1000 -1000 -1000 -10 0.985251
124 40 pedestrian -1 -1 -10 362 166 395 253 -1 -1 -1 -1000 -1000 -1000 -10 0.518842
125 13 car -1 -1 -10 909 160 1012 198 -1 -1 -1 -1000 -1000 -1000 -10 0.941916
125 18 car -1 -1 -10 634 174 740 206 -1 -1 -1 -1000 -1000 -1000 -10 0.993969
125 21 car -1 -1 -10 312 171 446 238 -1 -1 -1 -1000 -1000 -1000 -10 0.99965
125 38 car -1 -1 -10 522 174 551 194 -1 -1 -1 -1000 -1000 -1000 -10 0.991806
125 40 pedestrian -1 -1 -10 362 164 393 255 -1 -1 -1 -1000 -1000 -1000 -10 0.843536
125 41 car -1 -1 -10 369 178 446 226 -1 -1 -1 -1000 -1000 -1000 -10 0.477266
126 13 car -1 -1 -10 895 161 998 198 -1 -1 -1 -1000 -1000 -1000 -10 0.991425
126 18 car -1 -1 -10 618 173 732 208 -1 -1 -1 -1000 -1000 -1000 -10 0.990994
126 21 car -1 -1 -10 284 173 432 239 -1 -1 -1 -1000 -1000 -1000 -10 0.999352
126 38 car -1 -1 -10 522 174 550 193 -1 -1 -1 -1000 -1000 -1000 -10 0.993444
126 42 car -1 -1 -10 366 178 450 211 -1 -1 -1 -1000 -1000 -1000 -10 0.968632
126 43 pedestrian -1 -1 -10 364 166 391 253 -1 -1 -1 -1000 -1000 -1000 -10 0.86588
127 13 car -1 -1 -10 879 162 979 199 -1 -1 -1 -1000 -1000 -1000 -10 0.993384
127 18 car -1 -1 -10 605 174 710 210 -1 -1 -1 -1000 -1000 -1000 -10 0.991491
127 21 car -1 -1 -10 257 175 411 246 -1 -1 -1 -1000 -1000 -1000 -10 0.99919
127 38 car -1 -1 -10 521 174 551 194 -1 -1 -1 -1000 -1000 -1000 -10 0.994424
127 42 car -1 -1 -10 359 179 454 212 -1 -1 -1 -1000 -1000 -1000 -10 0.915737
127 43 pedestrian -1 -1 -10 362 166 391 253 -1 -1 -1 -1000 -1000 -1000 -10 0.918678
127 44 car -1 -1 -10 677 173 714 197 -1 -1 -1 -1000 -1000 -1000 -10 0.51699
128 13 car -1 -1 -10 868 160 967 200 -1 -1 -1 -1000 -1000 -1000 -10 0.999052
128 18 car -1 -1 -10 592 175 699 211 -1 -1 -1 -1000 -1000 -1000 -10 0.96551
128 21 car -1 -1 -10 222 172 387 255 -1 -1 -1 -1000 -1000 -1000 -10 0.999643
128 38 car -1 -1 -10 521 175 550 194 -1 -1 -1 -1000 -1000 -1000 -10 0.992434
128 42 car -1 -1 -10 376 179 458 212 -1 -1 -1 -1000 -1000 -1000 -10 0.990229
128 43 pedestrian -1 -1 -10 358 165 388 255 -1 -1 -1 -1000 -1000 -1000 -10 0.984014
128 44 car -1 -1 -10 682 173 719 195 -1 -1 -1 -1000 -1000 -1000 -10 0.944164
129 13 car -1 -1 -10 854 161 956 201 -1 -1 -1 -1000 -1000 -1000 -10 0.998634
129 18 car -1 -1 -10 578 175 678 212 -1 -1 -1 -1000 -1000 -1000 -10 0.917383
129 21 car -1 -1 -10 184 174 363 259 -1 -1 -1 -1000 -1000 -1000 -10 0.999956
129 38 car -1 -1 -10 521 175 550 194 -1 -1 -1 -1000 -1000 -1000 -10 0.986759
129 42 car -1 -1 -10 380 178 460 212 -1 -1 -1 -1000 -1000 -1000 -10 0.985604
129 43 pedestrian -1 -1 -10 354 167 384 253 -1 -1 -1 -1000 -1000 -1000 -10 0.982213
129 44 car -1 -1 -10 692 173 720 194 -1 -1 -1 -1000 -1000 -1000 -10 0.991054
130 13 car -1 -1 -10 843 160 944 201 -1 -1 -1 -1000 -1000 -1000 -10 0.997121
130 18 car -1 -1 -10 554 175 677 214 -1 -1 -1 -1000 -1000 -1000 -10 0.980715
130 21 car -1 -1 -10 142 177 342 265 -1 -1 -1 -1000 -1000 -1000 -10 0.999955
130 31 car -1 -1 -10 565 175 595 196 -1 -1 -1 -1000 -1000 -1000 -10 0.524299
130 38 car -1 -1 -10 522 175 550 194 -1 -1 -1 -1000 -1000 -1000 -10 0.988527
130 42 car -1 -1 -10 390 177 462 212 -1 -1 -1 -1000 -1000 -1000 -10 0.998439
130 44 car -1 -1 -10 694 171 722 193 -1 -1 -1 -1000 -1000 -1000 -10 0.989544
130 45 pedestrian -1 -1 -10 352 166 383 255 -1 -1 -1 -1000 -1000 -1000 -10 0.994132
131 13 car -1 -1 -10 828 161 929 202 -1 -1 -1 -1000 -1000 -1000 -10 0.99916
131 18 car -1 -1 -10 547 175 657 215 -1 -1 -1 -1000 -1000 -1000 -10 0.942035
131 21 car -1 -1 -10 93 178 310 273 -1 -1 -1 -1000 -1000 -1000 -10 0.999956
131 31 car -1 -1 -10 563 175 592 193 -1 -1 -1 -1000 -1000 -1000 -10 0.648752
131 38 car -1 -1 -10 522 176 550 194 -1 -1 -1 -1000 -1000 -1000 -10 0.974589
131 42 car -1 -1 -10 394 179 464 211 -1 -1 -1 -1000 -1000 -1000 -10 0.996412
131 44 car -1 -1 -10 696 172 724 193 -1 -1 -1 -1000 -1000 -1000 -10 0.988494
131 46 pedestrian -1 -1 -10 351 167 383 255 -1 -1 -1 -1000 -1000 -1000 -10 0.994462
132 13 car -1 -1 -10 817 161 912 202 -1 -1 -1 -1000 -1000 -1000 -10 0.998125
132 18 car -1 -1 -10 527 176 645 215 -1 -1 -1 -1000 -1000 -1000 -10 0.989721
132 21 car -1 -1 -10 32 178 287 284 -1 -1 -1 -1000 -1000 -1000 -10 0.99974
132 31 car -1 -1 -10 567 177 596 194 -1 -1 -1 -1000 -1000 -1000 -10 0.326319
132 38 car -1 -1 -10 522 177 550 195 -1 -1 -1 -1000 -1000 -1000 -10 0.910516
132 42 car -1 -1 -10 398 178 464 210 -1 -1 -1 -1000 -1000 -1000 -10 0.996161
132 44 car -1 -1 -10 698 172 725 193 -1 -1 -1 -1000 -1000 -1000 -10 0.991713
132 46 pedestrian -1 -1 -10 350 169 381 255 -1 -1 -1 -1000 -1000 -1000 -10 0.995112
132 47 car -1 -1 -10 535 179 572 199 -1 -1 -1 -1000 -1000 -1000 -10 0.325607
133 13 car -1 -1 -10 803 161 901 202 -1 -1 -1 -1000 -1000 -1000 -10 0.997693
133 18 car -1 -1 -10 508 177 637 216 -1 -1 -1 -1000 -1000 -1000 -10 0.992313
133 21 car -1 -1 -10 0 181 250 293 -1 -1 -1 -1000 -1000 -1000 -10 0.99982
133 38 car -1 -1 -10 518 178 554 199 -1 -1 -1 -1000 -1000 -1000 -10 0.580088
133 42 car -1 -1 -10 406 178 462 210 -1 -1 -1 -1000 -1000 -1000 -10 0.998109
133 44 car -1 -1 -10 699 172 726 193 -1 -1 -1 -1000 -1000 -1000 -10 0.975088
133 46 pedestrian -1 -1 -10 348 170 381 256 -1 -1 -1 -1000 -1000 -1000 -10 0.994706
134 13 car -1 -1 -10 790 163 881 201 -1 -1 -1 -1000 -1000 -1000 -10 0.998193
134 18 car -1 -1 -10 490 177 620 217 -1 -1 -1 -1000 -1000 -1000 -10 0.988964
134 21 car -1 -1 -10 0 182 207 303 -1 -1 -1 -1000 -1000 -1000 -10 0.999436
134 31 car -1 -1 -10 563 177 589 194 -1 -1 -1 -1000 -1000 -1000 -10 0.322803
134 42 car -1 -1 -10 410 177 460 210 -1 -1 -1 -1000 -1000 -1000 -10 0.99971
134 44 car -1 -1 -10 703 173 728 192 -1 -1 -1 -1000 -1000 -1000 -10 0.955158
134 46 pedestrian -1 -1 -10 347 170 377 255 -1 -1 -1 -1000 -1000 -1000 -10 0.979771
134 47 car -1 -1 -10 524 179 556 198 -1 -1 -1 -1000 -1000 -1000 -10 0.406492
135 13 car -1 -1 -10 777 163 868 203 -1 -1 -1 -1000 -1000 -1000 -10 0.990673
135 18 car -1 -1 -10 477 175 606 219 -1 -1 -1 -1000 -1000 -1000 -10 0.996598
135 21 car -1 -1 -10 0 177 168 329 -1 -1 -1 -1000 -1000 -1000 -10 0.999057
135 42 car -1 -1 -10 414 178 457 210 -1 -1 -1 -1000 -1000 -1000 -10 0.999495
135 46 pedestrian -1 -1 -10 343 170 375 257 -1 -1 -1 -1000 -1000 -1000 -10 0.970865
135 47 car -1 -1 -10 526 180 556 198 -1 -1 -1 -1000 -1000 -1000 -10 0.483659
136 13 car -1 -1 -10 760 163 861 204 -1 -1 -1 -1000 -1000 -1000 -10 0.803982
136 18 car -1 -1 -10 461 176 586 221 -1 -1 -1 -1000 -1000 -1000 -10 0.998842
136 21 car -1 -1 -10 0 183 111 329 -1 -1 -1 -1000 -1000 -1000 -10 0.970745
136 42 car -1 -1 -10 417 179 453 211 -1 -1 -1 -1000 -1000 -1000 -10 0.99864
136 46 pedestrian -1 -1 -10 342 168 374 260 -1 -1 -1 -1000 -1000 -1000 -10 0.993989
136 47 car -1 -1 -10 520 181 549 199 -1 -1 -1 -1000 -1000 -1000 -10 0.480149
137 13 car -1 -1 -10 750 165 841 204 -1 -1 -1 -1000 -1000 -1000 -10 0.765407
137 18 car -1 -1 -10 442 177 571 223 -1 -1 -1 -1000 -1000 -1000 -10 0.999403
137 42 car -1 -1 -10 417 179 460 211 -1 -1 -1 -1000 -1000 -1000 -10 0.985438
137 46 pedestrian -1 -1 -10 341 170 372 261 -1 -1 -1 -1000 -1000 -1000 -10 0.996008
137 47 car -1 -1 -10 525 181 556 201 -1 -1 -1 -1000 -1000 -1000 -10 0.665978
138 13 car -1 -1 -10 733 165 831 206 -1 -1 -1 -1000 -1000 -1000 -10 0.928775
138 18 car -1 -1 -10 422 177 557 225 -1 -1 -1 -1000 -1000 -1000 -10 0.999592
138 42 car -1 -1 -10 414 179 457 210 -1 -1 -1 -1000 -1000 -1000 -10 0.983001
138 46 pedestrian -1 -1 -10 341 170 369 261 -1 -1 -1 -1000 -1000 -1000 -10 0.996013
138 47 car -1 -1 -10 527 181 555 198 -1 -1 -1 -1000 -1000 -1000 -10 0.649134
139 13 car -1 -1 -10 714 170 813 207 -1 -1 -1 -1000 -1000 -1000 -10 0.531234
139 18 car -1 -1 -10 401 176 541 228 -1 -1 -1 -1000 -1000 -1000 -10 0.999353
139 31 car -1 -1 -10 522 180 547 196 -1 -1 -1 -1000 -1000 -1000 -10 0.944779
139 46 pedestrian -1 -1 -10 337 171 366 260 -1 -1 -1 -1000 -1000 -1000 -10 0.988827
139 48 car -1 -1 -10 564 177 590 195 -1 -1 -1 -1000 -1000 -1000 -10 0.943169
140 13 car -1 -1 -10 703 170 797 207 -1 -1 -1 -1000 -1000 -1000 -10 0.641135
140 18 car -1 -1 -10 383 179 529 230 -1 -1 -1 -1000 -1000 -1000 -10 0.997551
140 31 car -1 -1 -10 519 179 549 196 -1 -1 -1 -1000 -1000 -1000 -10 0.930338
140 42 car -1 -1 -10 411 181 460 208 -1 -1 -1 -1000 -1000 -1000 -10 0.399225
140 46 pedestrian -1 -1 -10 332 169 366 262 -1 -1 -1 -1000 -1000 -1000 -10 0.973226
140 48 car -1 -1 -10 564 177 589 196 -1 -1 -1 -1000 -1000 -1000 -10 0.947714
140 49 car -1 -1 -10 716 176 750 195 -1 -1 -1 -1000 -1000 -1000 -10 0.452929
141 18 car -1 -1 -10 361 180 509 231 -1 -1 -1 -1000 -1000 -1000 -10 0.982723
141 31 car -1 -1 -10 517 178 550 197 -1 -1 -1 -1000 -1000 -1000 -10 0.975812
141 42 car -1 -1 -10 406 182 446 207 -1 -1 -1 -1000 -1000 -1000 -10 0.712515
141 48 car -1 -1 -10 564 177 589 196 -1 -1 -1 -1000 -1000 -1000 -10 0.951155
141 49 car -1 -1 -10 704 174 739 196 -1 -1 -1 -1000 -1000 -1000 -10 0.573381
141 50 pedestrian -1 -1 -10 330 167 366 265 -1 -1 -1 -1000 -1000 -1000 -10 0.987378
142 13 car -1 -1 -10 671 171 766 208 -1 -1 -1 -1000 -1000 -1000 -10 0.323371
142 18 car -1 -1 -10 347 177 489 235 -1 -1 -1 -1000 -1000 -1000 -10 0.988406
142 31 car -1 -1 -10 516 178 550 197 -1 -1 -1 -1000 -1000 -1000 -10 0.970557
142 42 car -1 -1 -10 562 176 589 196 -1 -1 -1 -1000 -1000 -1000 -10 0.965528
142 51 pedestrian -1 -1 -10 330 165 365 267 -1 -1 -1 -1000 -1000 -1000 -10 0.992234
143 31 car -1 -1 -10 516 178 550 197 -1 -1 -1 -1000 -1000 -1000 -10 0.973185
143 48 car -1 -1 -10 563 177 588 195 -1 -1 -1 -1000 -1000 -1000 -10 0.960522
143 52 car -1 -1 -10 311 179 465 241 -1 -1 -1 -1000 -1000 -1000 -10 0.976061
143 53 pedestrian -1 -1 -10 325 168 364 261 -1 -1 -1 -1000 -1000 -1000 -10 0.994726
144 13 car -1 -1 -10 631 166 747 213 -1 -1 -1 -1000 -1000 -1000 -10 0.489364
144 42 car -1 -1 -10 517 176 549 196 -1 -1 -1 -1000 -1000 -1000 -10 0.979268
144 52 car -1 -1 -10 294 178 454 243 -1 -1 -1 -1000 -1000 -1000 -10 0.976252
144 53 pedestrian -1 -1 -10 328 164 362 265 -1 -1 -1 -1000 -1000 -1000 -10 0.970122
144 54 car -1 -1 -10 562 177 588 195 -1 -1 -1 -1000 -1000 -1000 -10 0.978045
145 13 car -1 -1 -10 613 167 729 213 -1 -1 -1 -1000 -1000 -1000 -10 0.736945
145 42 car -1 -1 -10 517 176 550 197 -1 -1 -1 -1000 -1000 -1000 -10 0.976777
145 52 car -1 -1 -10 256 182 427 244 -1 -1 -1 -1000 -1000 -1000 -10 0.965724
145 54 car -1 -1 -10 562 176 589 196 -1 -1 -1 -1000 -1000 -1000 -10 0.98179
145 55 pedestrian -1 -1 -10 330 163 359 268 -1 -1 -1 -1000 -1000 -1000 -10 0.96133
146 13 car -1 -1 -10 594 168 716 214 -1 -1 -1 -1000 -1000 -1000 -10 0.879952
146 31 car -1 -1 -10 515 178 549 197 -1 -1 -1 -1000 -1000 -1000 -10 0.973784
146 42 car -1 -1 -10 373 180 424 207 -1 -1 -1 -1000 -1000 -1000 -10 0.973661
146 52 car -1 -1 -10 224 179 418 252 -1 -1 -1 -1000 -1000 -1000 -10 0.997542
146 54 car -1 -1 -10 561 176 588 196 -1 -1 -1 -1000 -1000 -1000 -10 0.980865
146 56 pedestrian -1 -1 -10 327 170 356 259 -1 -1 -1 -1000 -1000 -1000 -10 0.973297
147 13 car -1 -1 -10 572 170 702 214 -1 -1 -1 -1000 -1000 -1000 -10 0.856892
147 31 car -1 -1 -10 515 178 549 197 -1 -1 -1 -1000 -1000 -1000 -10 0.973665
147 42 car -1 -1 -10 372 178 415 207 -1 -1 -1 -1000 -1000 -1000 -10 0.882671
147 52 car -1 -1 -10 188 182 379 256 -1 -1 -1 -1000 -1000 -1000 -10 0.994926
147 54 car -1 -1 -10 561 177 588 195 -1 -1 -1 -1000 -1000 -1000 -10 0.958168
147 57 pedestrian -1 -1 -10 325 168 356 265 -1 -1 -1 -1000 -1000 -1000 -10 0.848723
148 13 car -1 -1 -10 562 168 684 215 -1 -1 -1 -1000 -1000 -1000 -10 0.841406
148 31 car -1 -1 -10 515 178 548 197 -1 -1 -1 -1000 -1000 -1000 -10 0.985638
148 42 car -1 -1 -10 356 181 409 207 -1 -1 -1 -1000 -1000 -1000 -10 0.658454
148 52 car -1 -1 -10 152 183 359 263 -1 -1 -1 -1000 -1000 -1000 -10 0.999827
148 54 car -1 -1 -10 560 178 592 197 -1 -1 -1 -1000 -1000 -1000 -10 0.800834
148 57 pedestrian -1 -1 -10 318 167 356 266 -1 -1 -1 -1000 -1000 -1000 -10 0.983979
149 13 car -1 -1 -10 546 169 662 216 -1 -1 -1 -1000 -1000 -1000 -10 0.767403
149 31 car -1 -1 -10 515 179 547 197 -1 -1 -1 -1000 -1000 -1000 -10 0.975143
149 52 car -1 -1 -10 110 185 334 267 -1 -1 -1 -1000 -1000 -1000 -10 0.999703
149 54 car -1 -1 -10 558 179 589 199 -1 -1 -1 -1000 -1000 -1000 -10 0.654677
149 57 pedestrian -1 -1 -10 320 167 354 267 -1 -1 -1 -1000 -1000 -1000 -10 0.97442
149 58 car -1 -1 -10 332 181 402 208 -1 -1 -1 -1000 -1000 -1000 -10 0.397092
150 13 car -1 -1 -10 529 168 643 217 -1 -1 -1 -1000 -1000 -1000 -10 0.973513
150 31 car -1 -1 -10 514 179 546 197 -1 -1 -1 -1000 -1000 -1000 -10 0.975671
150 52 car -1 -1 -10 66 185 314 269 -1 -1 -1 -1000 -1000 -1000 -10 0.99953
150 54 car -1 -1 -10 558 179 589 200 -1 -1 -1 -1000 -1000 -1000 -10 0.7171
150 58 car -1 -1 -10 335 179 393 208 -1 -1 -1 -1000 -1000 -1000 -10 0.303496
150 59 pedestrian -1 -1 -10 317 168 352 266 -1 -1 -1 -1000 -1000 -1000 -10 0.992165
151 13 car -1 -1 -10 511 168 624 218 -1 -1 -1 -1000 -1000 -1000 -10 0.957546
151 31 car -1 -1 -10 515 179 550 202 -1 -1 -1 -1000 -1000 -1000 -10 0.928856
151 52 car -1 -1 -10 20 186 283 278 -1 -1 -1 -1000 -1000 -1000 -10 0.999907
151 54 car -1 -1 -10 560 179 590 199 -1 -1 -1 -1000 -1000 -1000 -10 0.325824
151 59 pedestrian -1 -1 -10 315 172 351 266 -1 -1 -1 -1000 -1000 -1000 -10 0.976909
152 13 car -1 -1 -10 488 171 609 218 -1 -1 -1 -1000 -1000 -1000 -10 0.989867
152 31 car -1 -1 -10 513 179 549 202 -1 -1 -1 -1000 -1000 -1000 -10 0.80698
152 52 car -1 -1 -10 0 189 250 288 -1 -1 -1 -1000 -1000 -1000 -10 0.999911
152 59 pedestrian -1 -1 -10 313 172 352 267 -1 -1 -1 -1000 -1000 -1000 -10 0.984446
152 60 car -1 -1 -10 561 174 585 196 -1 -1 -1 -1000 -1000 -1000 -10 0.319195
153 13 car -1 -1 -10 467 170 589 220 -1 -1 -1 -1000 -1000 -1000 -10 0.998062
153 31 car -1 -1 -10 502 179 538 202 -1 -1 -1 -1000 -1000 -1000 -10 0.392861
153 52 car -1 -1 -10 0 188 226 292 -1 -1 -1 -1000 -1000 -1000 -10 0.999739
153 59 pedestrian -1 -1 -10 309 167 346 266 -1 -1 -1 -1000 -1000 -1000 -10 0.899484
154 13 car -1 -1 -10 448 171 570 222 -1 -1 -1 -1000 -1000 -1000 -10 0.996541
154 42 car -1 -1 -10 282 180 351 207 -1 -1 -1 -1000 -1000 -1000 -10 0.870989
154 52 car -1 -1 -10 0 190 192 297 -1 -1 -1 -1000 -1000 -1000 -10 0.999577
154 54 car -1 -1 -10 514 180 546 202 -1 -1 -1 -1000 -1000 -1000 -10 0.51052
154 59 pedestrian -1 -1 -10 305 167 349 267 -1 -1 -1 -1000 -1000 -1000 -10 0.937386
155 13 car -1 -1 -10 423 170 550 224 -1 -1 -1 -1000 -1000 -1000 -10 0.998824
155 42 car -1 -1 -10 283 183 338 209 -1 -1 -1 -1000 -1000 -1000 -10 0.861738
155 52 car -1 -1 -10 0 191 153 299 -1 -1 -1 -1000 -1000 -1000 -10 0.999321
155 54 car -1 -1 -10 531 179 558 198 -1 -1 -1 -1000 -1000 -1000 -10 0.427407
155 59 pedestrian -1 -1 -10 305 171 346 269 -1 -1 -1 -1000 -1000 -1000 -10 0.965706
155 60 car -1 -1 -10 559 176 587 196 -1 -1 -1 -1000 -1000 -1000 -10 0.923199
156 13 car -1 -1 -10 399 169 528 228 -1 -1 -1 -1000 -1000 -1000 -10 0.99983
156 42 car -1 -1 -10 269 184 320 209 -1 -1 -1 -1000 -1000 -1000 -10 0.393267
156 52 car -1 -1 -10 0 190 104 300 -1 -1 -1 -1000 -1000 -1000 -10 0.982512
156 59 pedestrian -1 -1 -10 305 170 343 270 -1 -1 -1 -1000 -1000 -1000 -10 0.986298
156 60 car -1 -1 -10 560 176 587 196 -1 -1 -1 -1000 -1000 -1000 -10 0.961345
157 13 car -1 -1 -10 379 169 508 232 -1 -1 -1 -1000 -1000 -1000 -10 0.999949
157 31 car -1 -1 -10 514 179 542 197 -1 -1 -1 -1000 -1000 -1000 -10 0.981207
157 42 car -1 -1 -10 257 183 324 210 -1 -1 -1 -1000 -1000 -1000 -10 0.947885
157 59 pedestrian -1 -1 -10 305 168 342 272 -1 -1 -1 -1000 -1000 -1000 -10 0.990529
157 60 car -1 -1 -10 558 178 586 197 -1 -1 -1 -1000 -1000 -1000 -10 0.908048
158 13 car -1 -1 -10 352 169 484 237 -1 -1 -1 -1000 -1000 -1000 -10 0.999879
158 31 car -1 -1 -10 513 178 544 198 -1 -1 -1 -1000 -1000 -1000 -10 0.990488
158 42 car -1 -1 -10 245 184 314 209 -1 -1 -1 -1000 -1000 -1000 -10 0.947125
158 59 pedestrian -1 -1 -10 305 170 341 271 -1 -1 -1 -1000 -1000 -1000 -10 0.989937
158 60 car -1 -1 -10 558 178 586 197 -1 -1 -1 -1000 -1000 -1000 -10 0.943407
159 13 car -1 -1 -10 318 167 461 241 -1 -1 -1 -1000 -1000 -1000 -10 0.999237
159 31 car -1 -1 -10 512 178 544 198 -1 -1 -1 -1000 -1000 -1000 -10 0.989832
159 42 car -1 -1 -10 237 182 302 211 -1 -1 -1 -1000 -1000 -1000 -10 0.846645
159 60 car -1 -1 -10 558 178 586 197 -1 -1 -1 -1000 -1000 -1000 -10 0.919958
159 61 pedestrian -1 -1 -10 306 170 342 272 -1 -1 -1 -1000 -1000 -1000 -10 0.984271
160 13 car -1 -1 -10 294 169 440 243 -1 -1 -1 -1000 -1000 -1000 -10 0.999066
160 31 car -1 -1 -10 512 178 545 198 -1 -1 -1 -1000 -1000 -1000 -10 0.990046
160 42 car -1 -1 -10 226 185 290 212 -1 -1 -1 -1000 -1000 -1000 -10 0.396314
160 60 car -1 -1 -10 557 178 587 197 -1 -1 -1 -1000 -1000 -1000 -10 0.926849
160 62 pedestrian -1 -1 -10 304 171 341 271 -1 -1 -1 -1000 -1000 -1000 -10 0.983871
161 13 car -1 -1 -10 245 169 429 249 -1 -1 -1 -1000 -1000 -1000 -10 0.978757
161 31 car -1 -1 -10 512 178 545 198 -1 -1 -1 -1000 -1000 -1000 -10 0.9893
161 60 car -1 -1 -10 557 178 586 197 -1 -1 -1 -1000 -1000 -1000 -10 0.921234
161 63 pedestrian -1 -1 -10 306 168 338 273 -1 -1 -1 -1000 -1000 -1000 -10 0.9069
162 31 car -1 -1 -10 511 179 545 197 -1 -1 -1 -1000 -1000 -1000 -10 0.988355
162 60 car -1 -1 -10 557 178 586 197 -1 -1 -1 -1000 -1000 -1000 -10 0.932151
162 62 pedestrian -1 -1 -10 309 171 340 272 -1 -1 -1 -1000 -1000 -1000 -10 0.647703
162 64 car -1 -1 -10 214 168 395 255 -1 -1 -1 -1000 -1000 -1000 -10 0.998797
163 31 car -1 -1 -10 511 179 545 197 -1 -1 -1 -1000 -1000 -1000 -10 0.986995
163 60 car -1 -1 -10 557 178 586 197 -1 -1 -1 -1000 -1000 -1000 -10 0.932522
163 64 car -1 -1 -10 184 167 360 261 -1 -1 -1 -1000 -1000 -1000 -10 0.998844
163 65 car -1 -1 -10 532 180 560 195 -1 -1 -1 -1000 -1000 -1000 -10 0.54551
163 66 pedestrian -1 -1 -10 306 174 337 270 -1 -1 -1 -1000 -1000 -1000 -10 0.977643
164 31 car -1 -1 -10 511 179 545 197 -1 -1 -1 -1000 -1000 -1000 -10 0.986323
164 60 car -1 -1 -10 557 178 586 197 -1 -1 -1 -1000 -1000 -1000 -10 0.930578
164 64 car -1 -1 -10 141 166 335 271 -1 -1 -1 -1000 -1000 -1000 -10 0.999948
164 65 car -1 -1 -10 531 180 560 195 -1 -1 -1 -1000 -1000 -1000 -10 0.59449
164 67 pedestrian -1 -1 -10 304 171 337 272 -1 -1 -1 -1000 -1000 -1000 -10 0.959438
165 31 car -1 -1 -10 512 179 544 197 -1 -1 -1 -1000 -1000 -1000 -10 0.985625
165 60 car -1 -1 -10 557 178 585 197 -1 -1 -1 -1000 -1000 -1000 -10 0.954306
165 64 car -1 -1 -10 89 167 310 275 -1 -1 -1 -1000 -1000 -1000 -10 0.999957
165 65 car -1 -1 -10 532 181 559 195 -1 -1 -1 -1000 -1000 -1000 -10 0.651865
165 66 pedestrian -1 -1 -10 303 170 336 274 -1 -1 -1 -1000 -1000 -1000 -10 0.979536
166 31 car -1 -1 -10 512 179 544 197 -1 -1 -1 -1000 -1000 -1000 -10 0.985923
166 60 car -1 -1 -10 558 179 584 196 -1 -1 -1 -1000 -1000 -1000 -10 0.948766
166 64 car -1 -1 -10 35 162 278 295 -1 -1 -1 -1000 -1000 -1000 -10 0.999742
166 65 car -1 -1 -10 533 181 558 195 -1 -1 -1 -1000 -1000 -1000 -10 0.69277
166 68 pedestrian -1 -1 -10 298 169 336 273 -1 -1 -1 -1000 -1000 -1000 -10 0.979533
167 31 car -1 -1 -10 512 179 544 197 -1 -1 -1 -1000 -1000 -1000 -10 0.985387
167 60 car -1 -1 -10 558 180 583 196 -1 -1 -1 -1000 -1000 -1000 -10 0.779244
167 64 car -1 -1 -10 0 170 243 302 -1 -1 -1 -1000 -1000 -1000 -10 0.999764
167 65 car -1 -1 -10 532 180 558 195 -1 -1 -1 -1000 -1000 -1000 -10 0.718856
167 68 pedestrian -1 -1 -10 298 170 336 270 -1 -1 -1 -1000 -1000 -1000 -10 0.978545
168 31 car -1 -1 -10 512 179 544 198 -1 -1 -1 -1000 -1000 -1000 -10 0.986125
168 64 car -1 -1 -10 0 164 201 315 -1 -1 -1 -1000 -1000 -1000 -10 0.999256
168 68 pedestrian -1 -1 -10 297 170 337 271 -1 -1 -1 -1000 -1000 -1000 -10 0.985464
169 31 car -1 -1 -10 511 180 545 197 -1 -1 -1 -1000 -1000 -1000 -10 0.960674
169 60 car -1 -1 -10 559 180 588 197 -1 -1 -1 -1000 -1000 -1000 -10 0.315674
169 64 car -1 -1 -10 0 162 156 323 -1 -1 -1 -1000 -1000 -1000 -10 0.999758
169 65 car -1 -1 -10 529 181 559 195 -1 -1 -1 -1000 -1000 -1000 -10 0.399778
169 68 pedestrian -1 -1 -10 296 170 337 270 -1 -1 -1 -1000 -1000 -1000 -10 0.984789
170 31 car -1 -1 -10 512 179 545 197 -1 -1 -1 -1000 -1000 -1000 -10 0.82822
170 60 car -1 -1 -10 558 180 588 197 -1 -1 -1 -1000 -1000 -1000 -10 0.423331
170 64 car -1 -1 -10 0 167 100 340 -1 -1 -1 -1000 -1000 -1000 -10 0.965794
170 68 pedestrian -1 -1 -10 296 170 337 270 -1 -1 -1 -1000 -1000 -1000 -10 0.987441
171 31 car -1 -1 -10 511 182 538 196 -1 -1 -1 -1000 -1000 -1000 -10 0.827321
171 60 car -1 -1 -10 525 181 561 198 -1 -1 -1 -1000 -1000 -1000 -10 0.498989
171 68 pedestrian -1 -1 -10 296 171 337 270 -1 -1 -1 -1000 -1000 -1000 -10 0.988634
171 69 car -1 -1 -10 546 180 579 196 -1 -1 -1 -1000 -1000 -1000 -10 0.357774
172 65 car -1 -1 -10 518 182 548 197 -1 -1 -1 -1000 -1000 -1000 -10 0.348183
172 68 pedestrian -1 -1 -10 296 172 338 268 -1 -1 -1 -1000 -1000 -1000 -10 0.980877
172 69 car -1 -1 -10 535 180 568 196 -1 -1 -1 -1000 -1000 -1000 -10 0.530765
172 70 car -1 -1 -10 571 180 597 196 -1 -1 -1 -1000 -1000 -1000 -10 0.304499
173 68 pedestrian -1 -1 -10 296 171 337 270 -1 -1 -1 -1000 -1000 -1000 -10 0.98708
173 69 car -1 -1 -10 525 181 557 196 -1 -1 -1 -1000 -1000 -1000 -10 0.441651
173 70 car -1 -1 -10 561 182 587 197 -1 -1 -1 -1000 -1000 -1000 -10 0.40359
173 71 car -1 -1 -10 582 177 607 193 -1 -1 -1 -1000 -1000 -1000 -10 0.396818
174 68 pedestrian -1 -1 -10 296 171 337 270 -1 -1 -1 -1000 -1000 -1000 -10 0.984003
174 69 car -1 -1 -10 514 181 547 197 -1 -1 -1 -1000 -1000 -1000 -10 0.645242
174 70 car -1 -1 -10 550 181 579 197 -1 -1 -1 -1000 -1000 -1000 -10 0.599524
174 72 car -1 -1 -10 572 177 597 194 -1 -1 -1 -1000 -1000 -1000 -10 0.52335
175 68 pedestrian -1 -1 -10 297 171 337 270 -1 -1 -1 -1000 -1000 -1000 -10 0.982288
175 69 car -1 -1 -10 504 181 539 197 -1 -1 -1 -1000 -1000 -1000 -10 0.474364
175 70 car -1 -1 -10 538 182 566 197 -1 -1 -1 -1000 -1000 -1000 -10 0.411798
175 72 car -1 -1 -10 572 177 599 192 -1 -1 -1 -1000 -1000 -1000 -10 0.456667
175 73 car -1 -1 -10 561 177 587 193 -1 -1 -1 -1000 -1000 -1000 -10 0.318512
176 70 car -1 -1 -10 526 181 556 197 -1 -1 -1 -1000 -1000 -1000 -10 0.674003
176 73 car -1 -1 -10 560 177 588 193 -1 -1 -1 -1000 -1000 -1000 -10 0.464882
176 74 pedestrian -1 -1 -10 297 172 337 269 -1 -1 -1 -1000 -1000 -1000 -10 0.977498
177 70 car -1 -1 -10 515 182 545 198 -1 -1 -1 -1000 -1000 -1000 -10 0.665564
177 72 car -1 -1 -10 561 178 589 193 -1 -1 -1 -1000 -1000 -1000 -10 0.676488
177 75 car -1 -1 -10 583 178 608 193 -1 -1 -1 -1000 -1000 -1000 -10 0.632921
177 76 pedestrian -1 -1 -10 297 171 337 270 -1 -1 -1 -1000 -1000 -1000 -10 0.978409
178 70 car -1 -1 -10 507 183 537 199 -1 -1 -1 -1000 -1000 -1000 -10 0.626511
178 75 car -1 -1 -10 573 178 599 193 -1 -1 -1 -1000 -1000 -1000 -10 0.491367
178 77 pedestrian -1 -1 -10 297 172 337 270 -1 -1 -1 -1000 -1000 -1000 -10 0.980073
179 72 car -1 -1 -10 518 183 546 197 -1 -1 -1 -1000 -1000 -1000 -10 0.33586
179 73 car -1 -1 -10 570 178 598 194 -1 -1 -1 -1000 -1000 -1000 -10 0.427879
179 75 car -1 -1 -10 561 181 589 195 -1 -1 -1 -1000 -1000 -1000 -10 0.380828
179 76 pedestrian -1 -1 -10 297 172 337 270 -1 -1 -1 -1000 -1000 -1000 -10 0.978014
179 78 car -1 -1 -10 527 182 557 196 -1 -1 -1 -1000 -1000 -1000 -10 0.34399
180 69 car -1 -1 -10 518 183 546 197 -1 -1 -1 -1000 -1000 -1000 -10 0.496195
180 73 car -1 -1 -10 570 178 597 194 -1 -1 -1 -1000 -1000 -1000 -10 0.378624
180 75 car -1 -1 -10 560 181 590 196 -1 -1 -1 -1000 -1000 -1000 -10 0.34488
180 76 pedestrian -1 -1 -10 297 172 337 270 -1 -1 -1 -1000 -1000 -1000 -10 0.977138
181 73 car -1 -1 -10 561 178 587 193 -1 -1 -1 -1000 -1000 -1000 -10 0.305202
181 76 pedestrian -1 -1 -10 297 173 337 270 -1 -1 -1 -1000 -1000 -1000 -10 0.982699
181 78 car -1 -1 -10 517 183 545 197 -1 -1 -1 -1000 -1000 -1000 -10 0.439582
181 79 car -1 -1 -10 529 182 557 196 -1 -1 -1 -1000 -1000 -1000 -10 0.318521
182 72 car -1 -1 -10 517 182 548 196 -1 -1 -1 -1000 -1000 -1000 -10 0.364704
182 73 car -1 -1 -10 571 177 598 193 -1 -1 -1 -1000 -1000 -1000 -10 0.569397
182 76 pedestrian -1 -1 -10 297 173 337 270 -1 -1 -1 -1000 -1000 -1000 -10 0.977988
182 80 car -1 -1 -10 535 181 569 197 -1 -1 -1 -1000 -1000 -1000 -10 0.324798
183 71 car -1 -1 -10 571 176 598 193 -1 -1 -1 -1000 -1000 -1000 -10 0.487724
183 76 pedestrian -1 -1 -10 297 172 337 270 -1 -1 -1 -1000 -1000 -1000 -10 0.979154
183 81 car -1 -1 -10 517 177 549 194 -1 -1 -1 -1000 -1000 -1000 -10 0.442876
183 82 car -1 -1 -10 582 176 609 193 -1 -1 -1 -1000 -1000 -1000 -10 0.327371
184 72 car -1 -1 -10 517 178 548 194 -1 -1 -1 -1000 -1000 -1000 -10 0.331619
184 76 pedestrian -1 -1 -10 297 172 338 270 -1 -1 -1 -1000 -1000 -1000 -10 0.96563
184 80 car -1 -1 -10 569 180 599 197 -1 -1 -1 -1000 -1000 -1000 -10 0.302807
185 77 pedestrian -1 -1 -10 301 171 339 272 -1 -1 -1 -1000 -1000 -1000 -10 0.971765
185 80 car -1 -1 -10 558 180 589 197 -1 -1 -1 -1000 -1000 -1000 -10 0.392126
186 77 pedestrian -1 -1 -10 303 170 337 271 -1 -1 -1 -1000 -1000 -1000 -10 0.904901
186 78 car -1 -1 -10 518 177 547 193 -1 -1 -1 -1000 -1000 -1000 -10 0.376057
187 71 car -1 -1 -10 561 176 588 193 -1 -1 -1 -1000 -1000 -1000 -10 0.41286
187 80 car -1 -1 -10 535 180 567 197 -1 -1 -1 -1000 -1000 -1000 -10 0.352605
187 83 car -1 -1 -10 592 176 618 195 -1 -1 -1 -1000 -1000 -1000 -10 0.324822
187 84 pedestrian -1 -1 -10 302 168 337 272 -1 -1 -1 -1000 -1000 -1000 -10 0.883738
188 79 car -1 -1 -10 570 180 599 197 -1 -1 -1 -1000 -1000 -1000 -10 0.470519
188 80 car -1 -1 -10 526 180 555 198 -1 -1 -1 -1000 -1000 -1000 -10 0.36337
188 85 car -1 -1 -10 1152 164 1242 200 -1 -1 -1 -1000 -1000 -1000 -10 0.454633
188 86 pedestrian -1 -1 -10 299 165 336 276 -1 -1 -1 -1000 -1000 -1000 -10 0.931623
189 79 car -1 -1 -10 560 177 589 195 -1 -1 -1 -1000 -1000 -1000 -10 0.389797
189 80 car -1 -1 -10 509 182 540 197 -1 -1 -1 -1000 -1000 -1000 -10 0.494007
189 85 car -1 -1 -10 1137 161 1242 201 -1 -1 -1 -1000 -1000 -1000 -10 0.603293
189 87 car -1 -1 -10 538 181 566 197 -1 -1 -1 -1000 -1000 -1000 -10 0.366823
189 88 pedestrian -1 -1 -10 301 166 338 275 -1 -1 -1 -1000 -1000 -1000 -10 0.940386
190 71 car -1 -1 -10 548 176 579 195 -1 -1 -1 -1000 -1000 -1000 -10 0.314699
190 72 car -1 -1 -10 520 182 548 197 -1 -1 -1 -1000 -1000 -1000 -10 0.33829
190 80 car -1 -1 -10 498 182 529 198 -1 -1 -1 -1000 -1000 -1000 -10 0.335669
190 82 car -1 -1 -10 561 175 588 194 -1 -1 -1 -1000 -1000 -1000 -10 0.513437
190 85 car -1 -1 -10 1128 161 1242 202 -1 -1 -1 -1000 -1000 -1000 -10 0.991803
190 88 pedestrian -1 -1 -10 301 170 338 273 -1 -1 -1 -1000 -1000 -1000 -10 0.952208
191 72 car -1 -1 -10 524 180 560 197 -1 -1 -1 -1000 -1000 -1000 -10 0.538622
191 73 car -1 -1 -10 560 178 586 195 -1 -1 -1 -1000 -1000 -1000 -10 0.585027
191 80 car -1 -1 -10 508 182 538 198 -1 -1 -1 -1000 -1000 -1000 -10 0.604223
191 85 car -1 -1 -10 1114 165 1242 202 -1 -1 -1 -1000 -1000 -1000 -10 0.923424
191 88 pedestrian -1 -1 -10 302 169 338 273 -1 -1 -1 -1000 -1000 -1000 -10 0.931839
192 72 car -1 -1 -10 515 180 550 196 -1 -1 -1 -1000 -1000 -1000 -10 0.488271
192 73 car -1 -1 -10 556 178 586 197 -1 -1 -1 -1000 -1000 -1000 -10 0.932963
192 85 car -1 -1 -10 1097 165 1242 200 -1 -1 -1 -1000 -1000 -1000 -10 0.976935
192 88 pedestrian -1 -1 -10 300 169 342 274 -1 -1 -1 -1000 -1000 -1000 -10 0.987382
193 72 car -1 -1 -10 528 180 558 196 -1 -1 -1 -1000 -1000 -1000 -10 0.872552
193 73 car -1 -1 -10 557 178 586 197 -1 -1 -1 -1000 -1000 -1000 -10 0.946392
193 78 car -1 -1 -10 518 177 544 195 -1 -1 -1 -1000 -1000 -1000 -10 0.425508
193 85 car -1 -1 -10 1085 164 1232 199 -1 -1 -1 -1000 -1000 -1000 -10 0.934864
193 88 pedestrian -1 -1 -10 300 164 339 277 -1 -1 -1 -1000 -1000 -1000 -10 0.950561
194 72 car -1 -1 -10 529 181 557 196 -1 -1 -1 -1000 -1000 -1000 -10 0.744112
194 73 car -1 -1 -10 557 178 586 197 -1 -1 -1 -1000 -1000 -1000 -10 0.947141
194 80 car -1 -1 -10 516 181 542 195 -1 -1 -1 -1000 -1000 -1000 -10 0.630969
194 85 car -1 -1 -10 1077 166 1227 199 -1 -1 -1 -1000 -1000 -1000 -10 0.924596
194 88 pedestrian -1 -1 -10 298 167 337 276 -1 -1 -1 -1000 -1000 -1000 -10 0.985704
195 72 car -1 -1 -10 533 181 558 195 -1 -1 -1 -1000 -1000 -1000 -10 0.646686
195 73 car -1 -1 -10 557 178 586 197 -1 -1 -1 -1000 -1000 -1000 -10 0.96018
195 80 car -1 -1 -10 511 179 543 197 -1 -1 -1 -1000 -1000 -1000 -10 0.949509
195 85 car -1 -1 -10 1075 165 1196 201 -1 -1 -1 -1000 -1000 -1000 -10 0.936069
195 88 pedestrian -1 -1 -10 300 166 334 279 -1 -1 -1 -1000 -1000 -1000 -10 0.959942
196 72 car -1 -1 -10 532 180 559 195 -1 -1 -1 -1000 -1000 -1000 -10 0.598006
196 73 car -1 -1 -10 557 178 586 197 -1 -1 -1 -1000 -1000 -1000 -10 0.948635
196 80 car -1 -1 -10 513 178 544 198 -1 -1 -1 -1000 -1000 -1000 -10 0.987134
196 85 car -1 -1 -10 1062 166 1191 201 -1 -1 -1 -1000 -1000 -1000 -10 0.989148
196 88 pedestrian -1 -1 -10 298 166 336 278 -1 -1 -1 -1000 -1000 -1000 -10 0.981842
197 72 car -1 -1 -10 532 180 558 195 -1 -1 -1 -1000 -1000 -1000 -10 0.645164
197 73 car -1 -1 -10 557 178 586 197 -1 -1 -1 -1000 -1000 -1000 -10 0.942789
197 80 car -1 -1 -10 512 179 543 198 -1 -1 -1 -1000 -1000 -1000 -10 0.985348
197 85 car -1 -1 -10 1053 167 1178 201 -1 -1 -1 -1000 -1000 -1000 -10 0.996686
197 88 pedestrian -1 -1 -10 297 166 336 277 -1 -1 -1 -1000 -1000 -1000 -10 0.989885
198 72 car -1 -1 -10 532 181 558 195 -1 -1 -1 -1000 -1000 -1000 -10 0.619506
198 73 car -1 -1 -10 557 178 586 197 -1 -1 -1 -1000 -1000 -1000 -10 0.938271
198 80 car -1 -1 -10 512 179 544 197 -1 -1 -1 -1000 -1000 -1000 -10 0.98321
198 85 car -1 -1 -10 1039 168 1181 200 -1 -1 -1 -1000 -1000 -1000 -10 0.983791
198 88 pedestrian -1 -1 -10 296 167 335 277 -1 -1 -1 -1000 -1000 -1000 -10 0.995097
199 72 car -1 -1 -10 532 180 558 195 -1 -1 -1 -1000 -1000 -1000 -10 0.6301
199 73 car -1 -1 -10 557 178 586 197 -1 -1 -1 -1000 -1000 -1000 -10 0.942649
199 80 car -1 -1 -10 512 179 544 197 -1 -1 -1 -1000 -1000 -1000 -10 0.983561
199 85 car -1 -1 -10 1033 166 1161 200 -1 -1 -1 -1000 -1000 -1000 -10 0.979802
199 89 pedestrian -1 -1 -10 294 166 334 277 -1 -1 -1 -1000 -1000 -1000 -10 0.995754
200 72 car -1 -1 -10 532 181 559 195 -1 -1 -1 -1000 -1000 -1000 -10 0.668432
200 73 car -1 -1 -10 557 178 586 197 -1 -1 -1 -1000 -1000 -1000 -10 0.934836
200 80 car -1 -1 -10 512 179 544 197 -1 -1 -1 -1000 -1000 -1000 -10 0.984408
200 85 car -1 -1 -10 1025 166 1164 201 -1 -1 -1 -1000 -1000 -1000 -10 0.996913
200 90 pedestrian -1 -1 -10 293 165 333 277 -1 -1 -1 -1000 -1000 -1000 -10 0.995738
201 72 car -1 -1 -10 532 180 559 195 -1 -1 -1 -1000 -1000 -1000 -10 0.63883
201 73 car -1 -1 -10 557 178 586 197 -1 -1 -1 -1000 -1000 -1000 -10 0.942869
201 80 car -1 -1 -10 512 179 544 197 -1 -1 -1 -1000 -1000 -1000 -10 0.984809
201 85 car -1 -1 -10 1019 168 1158 200 -1 -1 -1 -1000 -1000 -1000 -10 0.990833
201 91 pedestrian -1 -1 -10 292 167 331 275 -1 -1 -1 -1000 -1000 -1000 -10 0.993716
202 72 car -1 -1 -10 531 181 559 195 -1 -1 -1 -1000 -1000 -1000 -10 0.698728
202 73 car -1 -1 -10 557 178 586 197 -1 -1 -1 -1000 -1000 -1000 -10 0.940841
202 80 car -1 -1 -10 512 179 544 197 -1 -1 -1 -1000 -1000 -1000 -10 0.981964
202 85 car -1 -1 -10 1021 166 1143 201 -1 -1 -1 -1000 -1000 -1000 -10 0.991276
202 91 pedestrian -1 -1 -10 292 170 331 273 -1 -1 -1 -1000 -1000 -1000 -10 0.991179
203 72 car -1 -1 -10 531 181 558 195 -1 -1 -1 -1000 -1000 -1000 -10 0.66023
203 73 car -1 -1 -10 557 178 586 197 -1 -1 -1 -1000 -1000 -1000 -10 0.930073
203 80 car -1 -1 -10 512 179 544 197 -1 -1 -1 -1000 -1000 -1000 -10 0.983893
203 85 car -1 -1 -10 1014 166 1137 200 -1 -1 -1 -1000 -1000 -1000 -10 0.995879
203 91 pedestrian -1 -1 -10 291 173 331 273 -1 -1 -1 -1000 -1000 -1000 -10 0.995172
204 72 car -1 -1 -10 531 181 559 195 -1 -1 -1 -1000 -1000 -1000 -10 0.659641
204 73 car -1 -1 -10 557 178 586 197 -1 -1 -1 -1000 -1000 -1000 -10 0.943262
204 80 car -1 -1 -10 512 179 544 197 -1 -1 -1 -1000 -1000 -1000 -10 0.985413
204 85 car -1 -1 -10 1013 166 1131 200 -1 -1 -1 -1000 -1000 -1000 -10 0.996182
204 92 pedestrian -1 -1 -10 291 173 330 273 -1 -1 -1 -1000 -1000 -1000 -10 0.990003
205 72 car -1 -1 -10 532 181 559 195 -1 -1 -1 -1000 -1000 -1000 -10 0.684599
205 73 car -1 -1 -10 557 178 586 197 -1 -1 -1 -1000 -1000 -1000 -10 0.946729
205 80 car -1 -1 -10 512 179 544 197 -1 -1 -1 -1000 -1000 -1000 -10 0.982879
205 85 car -1 -1 -10 1006 167 1125 199 -1 -1 -1 -1000 -1000 -1000 -10 0.995687
205 93 pedestrian -1 -1 -10 292 172 328 272 -1 -1 -1 -1000 -1000 -1000 -10 0.987042
206 72 car -1 -1 -10 531 181 559 195 -1 -1 -1 -1000 -1000 -1000 -10 0.667756
206 73 car -1 -1 -10 557 178 586 197 -1 -1 -1 -1000 -1000 -1000 -10 0.941539
206 80 car -1 -1 -10 512 179 544 197 -1 -1 -1 -1000 -1000 -1000 -10 0.98447
206 85 car -1 -1 -10 1003 168 1120 200 -1 -1 -1 -1000 -1000 -1000 -10 0.99609
206 94 pedestrian -1 -1 -10 288 171 326 275 -1 -1 -1 -1000 -1000 -1000 -10 0.968176
207 72 car -1 -1 -10 532 181 559 195 -1 -1 -1 -1000 -1000 -1000 -10 0.657725
207 73 car -1 -1 -10 557 178 586 197 -1 -1 -1 -1000 -1000 -1000 -10 0.936158
207 80 car -1 -1 -10 512 179 544 197 -1 -1 -1 -1000 -1000 -1000 -10 0.984752
207 85 car -1 -1 -10 995 168 1117 200 -1 -1 -1 -1000 -1000 -1000 -10 0.992605
207 95 pedestrian -1 -1 -10 290 167 329 275 -1 -1 -1 -1000 -1000 -1000 -10 0.974802
208 72 car -1 -1 -10 531 180 559 195 -1 -1 -1 -1000 -1000 -1000 -10 0.698282
208 73 car -1 -1 -10 557 178 586 197 -1 -1 -1 -1000 -1000 -1000 -10 0.942656
208 80 car -1 -1 -10 512 179 544 197 -1 -1 -1 -1000 -1000 -1000 -10 0.985233
208 85 car -1 -1 -10 994 168 1114 200 -1 -1 -1 -1000 -1000 -1000 -10 0.996691
208 96 pedestrian -1 -1 -10 291 167 328 275 -1 -1 -1 -1000 -1000 -1000 -10 0.966863
209 72 car -1 -1 -10 532 180 559 195 -1 -1 -1 -1000 -1000 -1000 -10 0.665233
209 73 car -1 -1 -10 557 178 586 197 -1 -1 -1 -1000 -1000 -1000 -10 0.938455
209 80 car -1 -1 -10 512 179 544 197 -1 -1 -1 -1000 -1000 -1000 -10 0.987051
209 85 car -1 -1 -10 994 168 1111 200 -1 -1 -1 -1000 -1000 -1000 -10 0.997753
209 97 pedestrian -1 -1 -10 287 171 327 275 -1 -1 -1 -1000 -1000 -1000 -10 0.972234
210 72 car -1 -1 -10 531 180 559 195 -1 -1 -1 -1000 -1000 -1000 -10 0.693972
210 73 car -1 -1 -10 557 178 586 197 -1 -1 -1 -1000 -1000 -1000 -10 0.935508
210 80 car -1 -1 -10 512 179 544 197 -1 -1 -1 -1000 -1000 -1000 -10 0.985536
210 85 car -1 -1 -10 993 169 1110 201 -1 -1 -1 -1000 -1000 -1000 -10 0.996775
210 97 pedestrian -1 -1 -10 289 172 329 274 -1 -1 -1 -1000 -1000 -1000 -10 0.975733
211 72 car -1 -1 -10 531 181 559 195 -1 -1 -1 -1000 -1000 -1000 -10 0.679866
211 73 car -1 -1 -10 557 178 586 197 -1 -1 -1 -1000 -1000 -1000 -10 0.943873
211 80 car -1 -1 -10 512 179 544 197 -1 -1 -1 -1000 -1000 -1000 -10 0.985238
211 85 car -1 -1 -10 993 169 1108 200 -1 -1 -1 -1000 -1000 -1000 -10 0.995868
211 97 pedestrian -1 -1 -10 289 172 329 274 -1 -1 -1 -1000 -1000 -1000 -10 0.973518
212 72 car -1 -1 -10 532 180 559 195 -1 -1 -1 -1000 -1000 -1000 -10 0.72301
212 73 car -1 -1 -10 557 178 586 197 -1 -1 -1 -1000 -1000 -1000 -10 0.945869
212 80 car -1 -1 -10 512 179 544 197 -1 -1 -1 -1000 -1000 -1000 -10 0.985669
212 85 car -1 -1 -10 991 169 1108 200 -1 -1 -1 -1000 -1000 -1000 -10 0.993154
212 98 pedestrian -1 -1 -10 289 171 330 274 -1 -1 -1 -1000 -1000 -1000 -10 0.975579
213 72 car -1 -1 -10 531 181 559 195 -1 -1 -1 -1000 -1000 -1000 -10 0.679324
213 73 car -1 -1 -10 557 178 586 197 -1 -1 -1 -1000 -1000 -1000 -10 0.944431
213 80 car -1 -1 -10 512 179 544 197 -1 -1 -1 -1000 -1000 -1000 -10 0.984942
213 85 car -1 -1 -10 986 169 1106 201 -1 -1 -1 -1000 -1000 -1000 -10 0.992664
213 98 pedestrian -1 -1 -10 289 171 330 274 -1 -1 -1 -1000 -1000 -1000 -10 0.973821
214 72 car -1 -1 -10 531 180 559 195 -1 -1 -1 -1000 -1000 -1000 -10 0.683072
214 73 car -1 -1 -10 557 178 586 197 -1 -1 -1 -1000 -1000 -1000 -10 0.948382
214 80 car -1 -1 -10 512 179 544 197 -1 -1 -1 -1000 -1000 -1000 -10 0.985899
214 85 car -1 -1 -10 986 169 1104 201 -1 -1 -1 -1000 -1000 -1000 -10 0.99196
214 98 pedestrian -1 -1 -10 289 170 330 274 -1 -1 -1 -1000 -1000 -1000 -10 0.9777
215 72 car -1 -1 -10 532 181 559 195 -1 -1 -1 -1000 -1000 -1000 -10 0.705545
215 73 car -1 -1 -10 557 178 586 197 -1 -1 -1 -1000 -1000 -1000 -10 0.940159
215 80 car -1 -1 -10 512 179 544 197 -1 -1 -1 -1000 -1000 -1000 -10 0.983655
215 85 car -1 -1 -10 987 169 1103 201 -1 -1 -1 -1000 -1000 -1000 -10 0.992732
215 97 pedestrian -1 -1 -10 287 172 327 274 -1 -1 -1 -1000 -1000 -1000 -10 0.963075
216 72 car -1 -1 -10 532 181 559 195 -1 -1 -1 -1000 -1000 -1000 -10 0.686879
216 73 car -1 -1 -10 557 178 586 197 -1 -1 -1 -1000 -1000 -1000 -10 0.94147
216 80 car -1 -1 -10 512 179 544 197 -1 -1 -1 -1000 -1000 -1000 -10 0.985189
216 85 car -1 -1 -10 986 169 1103 201 -1 -1 -1 -1000 -1000 -1000 -10 0.992606
216 97 pedestrian -1 -1 -10 286 172 328 275 -1 -1 -1 -1000 -1000 -1000 -10 0.965871
217 72 car -1 -1 -10 532 181 559 195 -1 -1 -1 -1000 -1000 -1000 -10 0.66777
217 73 car -1 -1 -10 557 178 586 197 -1 -1 -1 -1000 -1000 -1000 -10 0.945844
217 80 car -1 -1 -10 512 179 544 197 -1 -1 -1 -1000 -1000 -1000 -10 0.985182
217 85 car -1 -1 -10 986 169 1102 200 -1 -1 -1 -1000 -1000 -1000 -10 0.992657
217 97 pedestrian -1 -1 -10 286 173 328 274 -1 -1 -1 -1000 -1000 -1000 -10 0.964795
218 72 car -1 -1 -10 532 181 559 195 -1 -1 -1 -1000 -1000 -1000 -10 0.65519
218 73 car -1 -1 -10 557 178 586 197 -1 -1 -1 -1000 -1000 -1000 -10 0.940672
218 80 car -1 -1 -10 512 179 544 197 -1 -1 -1 -1000 -1000 -1000 -10 0.984195
218 85 car -1 -1 -10 985 169 1103 200 -1 -1 -1 -1000 -1000 -1000 -10 0.990338
218 97 pedestrian -1 -1 -10 286 173 327 275 -1 -1 -1 -1000 -1000 -1000 -10 0.969599
219 72 car -1 -1 -10 532 181 559 195 -1 -1 -1 -1000 -1000 -1000 -10 0.668039
219 73 car -1 -1 -10 557 178 586 197 -1 -1 -1 -1000 -1000 -1000 -10 0.941579
219 80 car -1 -1 -10 512 179 544 197 -1 -1 -1 -1000 -1000 -1000 -10 0.984463
219 85 car -1 -1 -10 986 169 1103 201 -1 -1 -1 -1000 -1000 -1000 -10 0.992536
219 98 pedestrian -1 -1 -10 289 172 330 273 -1 -1 -1 -1000 -1000 -1000 -10 0.967148
220 72 car -1 -1 -10 531 181 559 195 -1 -1 -1 -1000 -1000 -1000 -10 0.647302
220 73 car -1 -1 -10 557 178 586 197 -1 -1 -1 -1000 -1000 -1000 -10 0.946983
220 80 car -1 -1 -10 512 179 544 197 -1 -1 -1 -1000 -1000 -1000 -10 0.986268
220 85 car -1 -1 -10 986 169 1103 200 -1 -1 -1 -1000 -1000 -1000 -10 0.990742
220 98 pedestrian -1 -1 -10 289 172 330 273 -1 -1 -1 -1000 -1000 -1000 -10 0.964505
221 72 car -1 -1 -10 531 181 559 195 -1 -1 -1 -1000 -1000 -1000 -10 0.662333
221 73 car -1 -1 -10 557 178 586 197 -1 -1 -1 -1000 -1000 -1000 -10 0.946393
221 80 car -1 -1 -10 512 179 544 197 -1 -1 -1 -1000 -1000 -1000 -10 0.98647
221 85 car -1 -1 -10 986 169 1103 201 -1 -1 -1 -1000 -1000 -1000 -10 0.991621
221 97 pedestrian -1 -1 -10 287 173 327 275 -1 -1 -1 -1000 -1000 -1000 -10 0.96939
222 72 car -1 -1 -10 532 181 559 195 -1 -1 -1 -1000 -1000 -1000 -10 0.663164
222 73 car -1 -1 -10 557 178 586 197 -1 -1 -1 -1000 -1000 -1000 -10 0.943214
222 80 car -1 -1 -10 512 179 544 197 -1 -1 -1 -1000 -1000 -1000 -10 0.984025
222 85 car -1 -1 -10 986 169 1103 201 -1 -1 -1 -1000 -1000 -1000 -10 0.992435
222 98 pedestrian -1 -1 -10 289 172 330 273 -1 -1 -1 -1000 -1000 -1000 -10 0.968401
223 72 car -1 -1 -10 532 181 559 195 -1 -1 -1 -1000 -1000 -1000 -10 0.700734
223 73 car -1 -1 -10 557 178 586 197 -1 -1 -1 -1000 -1000 -1000 -10 0.945906
223 80 car -1 -1 -10 512 179 544 197 -1 -1 -1 -1000 -1000 -1000 -10 0.985459
223 85 car -1 -1 -10 986 169 1103 200 -1 -1 -1 -1000 -1000 -1000 -10 0.990696
223 97 pedestrian -1 -1 -10 287 173 327 275 -1 -1 -1 -1000 -1000 -1000 -10 0.969833
224 72 car -1 -1 -10 532 181 559 195 -1 -1 -1 -1000 -1000 -1000 -10 0.692468
224 73 car -1 -1 -10 557 178 587 197 -1 -1 -1 -1000 -1000 -1000 -10 0.942702
224 80 car -1 -1 -10 512 179 544 197 -1 -1 -1 -1000 -1000 -1000 -10 0.986205
224 85 car -1 -1 -10 986 169 1103 200 -1 -1 -1 -1000 -1000 -1000 -10 0.991184
224 98 pedestrian -1 -1 -10 289 172 330 273 -1 -1 -1 -1000 -1000 -1000 -10 0.964914
225 72 car -1 -1 -10 531 181 559 195 -1 -1 -1 -1000 -1000 -1000 -10 0.669655
225 73 car -1 -1 -10 557 178 587 197 -1 -1 -1 -1000 -1000 -1000 -10 0.947506
225 80 car -1 -1 -10 512 179 544 197 -1 -1 -1 -1000 -1000 -1000 -10 0.984259
225 85 car -1 -1 -10 986 169 1103 201 -1 -1 -1 -1000 -1000 -1000 -10 0.991979
225 97 pedestrian -1 -1 -10 287 173 327 275 -1 -1 -1 -1000 -1000 -1000 -10 0.963664
226 72 car -1 -1 -10 531 181 559 195 -1 -1 -1 -1000 -1000 -1000 -10 0.688274
226 73 car -1 -1 -10 557 178 586 197 -1 -1 -1 -1000 -1000 -1000 -10 0.945318
226 80 car -1 -1 -10 512 179 544 197 -1 -1 -1 -1000 -1000 -1000 -10 0.985401
226 85 car -1 -1 -10 986 169 1103 201 -1 -1 -1 -1000 -1000 -1000 -10 0.990668
226 98 pedestrian -1 -1 -10 289 172 330 273 -1 -1 -1 -1000 -1000 -1000 -10 0.967571
227 72 car -1 -1 -10 532 181 559 195 -1 -1 -1 -1000 -1000 -1000 -10 0.694869
227 73 car -1 -1 -10 557 178 586 197 -1 -1 -1 -1000 -1000 -1000 -10 0.944453
227 80 car -1 -1 -10 512 179 544 197 -1 -1 -1 -1000 -1000 -1000 -10 0.984494
227 85 car -1 -1 -10 986 169 1104 201 -1 -1 -1 -1000 -1000 -1000 -10 0.989414
227 98 pedestrian -1 -1 -10 289 172 330 273 -1 -1 -1 -1000 -1000 -1000 -10 0.967586
228 72 car -1 -1 -10 532 181 559 195 -1 -1 -1 -1000 -1000 -1000 -10 0.683017
228 73 car -1 -1 -10 557 178 586 197 -1 -1 -1 -1000 -1000 -1000 -10 0.947622
228 80 car -1 -1 -10 512 179 544 197 -1 -1 -1 -1000 -1000 -1000 -10 0.985319
228 85 car -1 -1 -10 986 169 1104 201 -1 -1 -1 -1000 -1000 -1000 -10 0.990277
228 98 pedestrian -1 -1 -10 289 172 330 273 -1 -1 -1 -1000 -1000 -1000 -10 0.968034
229 72 car -1 -1 -10 531 181 559 195 -1 -1 -1 -1000 -1000 -1000 -10 0.669624
229 73 car -1 -1 -10 557 178 586 197 -1 -1 -1 -1000 -1000 -1000 -10 0.944167
229 80 car -1 -1 -10 512 179 544 197 -1 -1 -1 -1000 -1000 -1000 -10 0.984845
229 85 car -1 -1 -10 985 169 1103 201 -1 -1 -1 -1000 -1000 -1000 -10 0.990672
229 98 pedestrian -1 -1 -10 289 172 330 274 -1 -1 -1 -1000 -1000 -1000 -10 0.970049
230 72 car -1 -1 -10 532 181 559 195 -1 -1 -1 -1000 -1000 -1000 -10 0.692015
230 73 car -1 -1 -10 557 178 586 197 -1 -1 -1 -1000 -1000 -1000 -10 0.945086
230 80 car -1 -1 -10 512 179 544 197 -1 -1 -1 -1000 -1000 -1000 -10 0.986016
230 85 car -1 -1 -10 986 169 1104 201 -1 -1 -1 -1000 -1000 -1000 -10 0.990961
230 98 pedestrian -1 -1 -10 289 171 330 274 -1 -1 -1 -1000 -1000 -1000 -10 0.971046
231 72 car -1 -1 -10 532 181 559 195 -1 -1 -1 -1000 -1000 -1000 -10 0.700485
231 73 car -1 -1 -10 556 178 587 197 -1 -1 -1 -1000 -1000 -1000 -10 0.943747
231 80 car -1 -1 -10 512 179 544 197 -1 -1 -1 -1000 -1000 -1000 -10 0.986055
231 85 car -1 -1 -10 986 169 1104 200 -1 -1 -1 -1000 -1000 -1000 -10 0.989578
231 98 pedestrian -1 -1 -10 289 172 330 274 -1 -1 -1 -1000 -1000 -1000 -10 0.972154
232 72 car -1 -1 -10 532 181 559 195 -1 -1 -1 -1000 -1000 -1000 -10 0.68557
232 73 car -1 -1 -10 557 178 586 197 -1 -1 -1 -1000 -1000 -1000 -10 0.935864
232 80 car -1 -1 -10 512 179 544 197 -1 -1 -1 -1000 -1000 -1000 -10 0.985095
232 85 car -1 -1 -10 986 169 1103 201 -1 -1 -1 -1000 -1000 -1000 -10 0.992958
232 98 pedestrian -1 -1 -10 289 172 330 273 -1 -1 -1 -1000 -1000 -1000 -10 0.973667
