0 0 car -1 -1 -10 868 185 1242 375 -1 -1 -1 -1000 -1000 -1000 -10 0.999949
0 1 car -1 -1 -10 296 173 351 197 -1 -1 -1 -1000 -1000 -1000 -10 0.814324
1 0 car -1 -1 -10 857 189 1242 375 -1 -1 -1 -1000 -1000 -1000 -10 0.999858
1 2 car -1 -1 -10 285 172 337 196 -1 -1 -1 -1000 -1000 -1000 -10 0.769162
2 0 car -1 -1 -10 851 192 1242 375 -1 -1 -1 -1000 -1000 -1000 -10 0.999895
2 2 car -1 -1 -10 277 173 324 198 -1 -1 -1 -1000 -1000 -1000 -10 0.46608
3 0 car -1 -1 -10 838 189 1242 375 -1 -1 -1 -1000 -1000 -1000 -10 0.99994
4 0 car -1 -1 -10 827 190 1242 375 -1 -1 -1 -1000 -1000 -1000 -10 0.999955
4 2 car -1 -1 -10 262 175 310 201 -1 -1 -1 -1000 -1000 -1000 -10 0.890993
5 0 car -1 -1 -10 812 191 1242 374 -1 -1 -1 -1000 -1000 -1000 -10 0.999956
5 2 car -1 -1 -10 253 176 305 202 -1 -1 -1 -1000 -1000 -1000 -10 0.959368
6 0 car -1 -1 -10 812 187 1242 375 -1 -1 -1 -1000 -1000 -1000 -10 0.99995
6 1 car -1 -1 -10 276 176 320 200 -1 -1 -1 -1000 -1000 -1000 -10 0.966761
6 2 car -1 -1 -10 244 178 297 202 -1 -1 -1 -1000 -1000 -1000 -10 0.995299
7 0 car -1 -1 -10 803 189 1242 375 -1 -1 -1 -1000 -1000 -1000 -10 0.999939
7 1 car -1 -1 -10 266 178 313 202 -1 -1 -1 -1000 -1000 -1000 -10 0.984742
7 2 car -1 -1 -10 236 180 289 205 -1 -1 -1 -1000 -1000 -1000 -10 0.996107
8 0 car -1 -1 -10 787 188 1217 375 -1 -1 -1 -1000 -1000 -1000 -10 0.999977
8 2 car -1 -1 -10 225 178 280 205 -1 -1 -1 -1000 -1000 -1000 -10 0.999321
9 0 car -1 -1 -10 781 187 1175 375 -1 -1 -1 -1000 -1000 -1000 -10 0.999965
9 2 car -1 -1 -10 215 178 272 205 -1 -1 -1 -1000 -1000 -1000 -10 0.99719
10 0 car -1 -1 -10 766 185 1150 372 -1 -1 -1 -1000 -1000 -1000 -10 0.9999
10 2 car -1 -1 -10 203 176 272 202 -1 -1 -1 -1000 -1000 -1000 -10 0.889964
11 0 car -1 -1 -10 774 190 1102 360 -1 -1 -1 -1000 -1000 -1000 -10 0.999815
11 1 car -1 -1 -10 232 174 284 202 -1 -1 -1 -1000 -1000 -1000 -10 0.938082
11 2 car -1 -1 -10 191 178 252 204 -1 -1 -1 -1000 -1000 -1000 -10 0.975261
12 0 car -1 -1 -10 771 191 1077 353 -1 -1 -1 -1000 -1000 -1000 -10 0.999974
12 1 car -1 -1 -10 219 176 277 202 -1 -1 -1 -1000 -1000 -1000 -10 0.878664
12 2 car -1 -1 -10 179 176 245 207 -1 -1 -1 -1000 -1000 -1000 -10 0.989773
13 0 car -1 -1 -10 764 191 1054 342 -1 -1 -1 -1000 -1000 -1000 -10 0.999952
13 1 car -1 -1 -10 213 177 271 204 -1 -1 -1 -1000 -1000 -1000 -10 0.81592
13 2 car -1 -1 -10 170 177 235 209 -1 -1 -1 -1000 -1000 -1000 -10 0.999174
14 0 car -1 -1 -10 760 190 1037 335 -1 -1 -1 -1000 -1000 -1000 -10 0.999976
14 1 car -1 -1 -10 195 179 268 208 -1 -1 -1 -1000 -1000 -1000 -10 0.617956
14 2 car -1 -1 -10 158 180 226 212 -1 -1 -1 -1000 -1000 -1000 -10 0.999603
15 0 car -1 -1 -10 754 188 1023 331 -1 -1 -1 -1000 -1000 -1000 -10 0.999863
15 1 car -1 -1 -10 189 180 257 210 -1 -1 -1 -1000 -1000 -1000 -10 0.933093
15 2 car -1 -1 -10 144 183 218 214 -1 -1 -1 -1000 -1000 -1000 -10 0.999133
16 0 car -1 -1 -10 753 181 1003 328 -1 -1 -1 -1000 -1000 -1000 -10 0.999886
16 1 car -1 -1 -10 182 181 250 212 -1 -1 -1 -1000 -1000 -1000 -10 0.975594
16 2 car -1 -1 -10 130 183 209 217 -1 -1 -1 -1000 -1000 -1000 -10 0.999784
17 0 car -1 -1 -10 749 182 985 323 -1 -1 -1 -1000 -1000 -1000 -10 0.999928
17 1 car -1 -1 -10 173 179 239 211 -1 -1 -1 -1000 -1000 -1000 -10 0.952273
17 2 car -1 -1 -10 114 182 197 216 -1 -1 -1 -1000 -1000 -1000 -10 0.999775
18 0 car -1 -1 -10 747 185 973 309 -1 -1 -1 -1000 -1000 -1000 -10 0.999946
18 1 car -1 -1 -10 155 179 226 213 -1 -1 -1 -1000 -1000 -1000 -10 0.97806
18 2 car -1 -1 -10 95 182 181 219 -1 -1 -1 -1000 -1000 -1000 -10 0.999669
19 0 car -1 -1 -10 742 187 964 305 -1 -1 -1 -1000 -1000 -1000 -10 0.999938
19 1 car -1 -1 -10 137 181 218 216 -1 -1 -1 -1000 -1000 -1000 -10 0.98886
19 2 car -1 -1 -10 76 182 169 221 -1 -1 -1 -1000 -1000 -1000 -10 0.99978
20 0 car -1 -1 -10 742 183 945 304 -1 -1 -1 -1000 -1000 -1000 -10 0.999995
20 1 car -1 -1 -10 128 183 205 216 -1 -1 -1 -1000 -1000 -1000 -10 0.996333
20 2 car -1 -1 -10 56 183 150 223 -1 -1 -1 -1000 -1000 -1000 -10 0.999954
21 0 car -1 -1 -10 742 182 929 302 -1 -1 -1 -1000 -1000 -1000 -10 0.999995
21 2 car -1 -1 -10 35 183 133 227 -1 -1 -1 -1000 -1000 -1000 -10 0.999962
21 3 car -1 -1 -10 116 181 195 219 -1 -1 -1 -1000 -1000 -1000 -10 0.998719
22 0 car -1 -1 -10 737 183 916 297 -1 -1 -1 -1000 -1000 -1000 -10 0.999995
22 3 car -1 -1 -10 96 185 177 221 -1 -1 -1 -1000 -1000 -1000 -10 0.9997
22 4 car -1 -1 -10 7 186 115 232 -1 -1 -1 -1000 -1000 -1000 -10 0.999465
23 0 car -1 -1 -10 734 185 905 292 -1 -1 -1 -1000 -1000 -1000 -10 0.999996
23 3 car -1 -1 -10 79 185 165 221 -1 -1 -1 -1000 -1000 -1000 -10 0.999487
23 4 car -1 -1 -10 0 187 100 232 -1 -1 -1 -1000 -1000 -1000 -10 0.998914
24 0 car -1 -1 -10 728 182 893 286 -1 -1 -1 -1000 -1000 -1000 -10 0.999981
24 3 car -1 -1 -10 58 186 136 222 -1 -1 -1 -1000 -1000 -1000 -10 0.966193
24 4 car -1 -1 -10 0 185 78 233 -1 -1 -1 -1000 -1000 -1000 -10 0.953318
24 5 car -1 -1 -10 1100 167 1242 373 -1 -1 -1 -1000 -1000 -1000 -10 0.763589
25 0 car -1 -1 -10 725 180 883 282 -1 -1 -1 -1000 -1000 -1000 -10 0.999979
25 4 car -1 -1 -10 0 182 85 237 -1 -1 -1 -1000 -1000 -1000 -10 0.604696
25 5 car -1 -1 -10 1070 175 1242 375 -1 -1 -1 -1000 -1000 -1000 -10 0.976848
26 0 car -1 -1 -10 719 182 871 279 -1 -1 -1 -1000 -1000 -1000 -10 0.999885
26 4 car -1 -1 -10 5 180 112 225 -1 -1 -1 -1000 -1000 -1000 -10 0.999787
26 5 car -1 -1 -10 1036 160 1242 375 -1 -1 -1 -1000 -1000 -1000 -10 0.996717
27 0 car -1 -1 -10 714 186 858 275 -1 -1 -1 -1000 -1000 -1000 -10 0.999721
27 4 car -1 -1 -10 0 181 86 229 -1 -1 -1 -1000 -1000 -1000 -10 0.999098
27 5 car -1 -1 -10 1030 141 1242 375 -1 -1 -1 -1000 -1000 -1000 -10 0.994399
28 0 car -1 -1 -10 709 188 852 272 -1 -1 -1 -1000 -1000 -1000 -10 0.999906
28 4 car -1 -1 -10 0 186 73 227 -1 -1 -1 -1000 -1000 -1000 -10 0.823079
28 5 car -1 -1 -10 987 140 1242 375 -1 -1 -1 -1000 -1000 -1000 -10 0.999502
29 0 car -1 -1 -10 705 185 841 269 -1 -1 -1 -1000 -1000 -1000 -10 0.999958
29 4 car -1 -1 -10 0 188 43 233 -1 -1 -1 -1000 -1000 -1000 -10 0.859274
29 5 car -1 -1 -10 979 162 1242 371 -1 -1 -1 -1000 -1000 -1000 -10 0.999841
30 0 car -1 -1 -10 700 186 830 266 -1 -1 -1 -1000 -1000 -1000 -10 0.999988
30 5 car -1 -1 -10 955 159 1242 373 -1 -1 -1 -1000 -1000 -1000 -10 0.999179
31 0 car -1 -1 -10 694 184 820 263 -1 -1 -1 -1000 -1000 -1000 -10 0.999993
31 5 car -1 -1 -10 920 160 1242 375 -1 -1 -1 -1000 -1000 -1000 -10 0.999859
32 0 car -1 -1 -10 688 184 808 259 -1 -1 -1 -1000 -1000 -1000 -10 0.999993
32 5 car -1 -1 -10 904 160 1242 374 -1 -1 -1 -1000 -1000 -1000 -10 0.999976
33 0 car -1 -1 -10 682 184 796 256 -1 -1 -1 -1000 -1000 -1000 -10 0.999998
33 5 car -1 -1 -10 883 162 1242 373 -1 -1 -1 -1000 -1000 -1000 -10 0.99994
34 0 car -1 -1 -10 675 184 784 254 -1 -1 -1 -1000 -1000 -1000 -10 0.999996
34 5 car -1 -1 -10 872 155 1242 375 -1 -1 -1 -1000 -1000 -1000 -10 0.999936
35 0 car -1 -1 -10 671 183 773 250 -1 -1 -1 -1000 -1000 -1000 -10 0.999999
35 5 car -1 -1 -10 848 158 1242 374 -1 -1 -1 -1000 -1000 -1000 -10 0.999912
36 0 car -1 -1 -10 664 182 761 248 -1 -1 -1 -1000 -1000 -1000 -10 0.999997
36 5 car -1 -1 -10 834 159 1242 374 -1 -1 -1 -1000 -1000 -1000 -10 0.999964
37 0 car -1 -1 -10 654 181 751 246 -1 -1 -1 -1000 -1000 -1000 -10 0.999993
37 5 car -1 -1 -10 808 164 1242 375 -1 -1 -1 -1000 -1000 -1000 -10 0.999964
38 0 car -1 -1 -10 649 181 742 245 -1 -1 -1 -1000 -1000 -1000 -10 0.999993
38 5 car -1 -1 -10 788 162 1221 375 -1 -1 -1 -1000 -1000 -1000 -10 0.999981
39 0 car -1 -1 -10 639 180 733 243 -1 -1 -1 -1000 -1000 -1000 -10 0.99998
39 5 car -1 -1 -10 768 163 1168 373 -1 -1 -1 -1000 -1000 -1000 -10 0.999989
40 0 car -1 -1 -10 631 179 724 243 -1 -1 -1 -1000 -1000 -1000 -10 0.999963
40 5 car -1 -1 -10 754 161 1122 374 -1 -1 -1 -1000 -1000 -1000 -10 0.999981
41 0 car -1 -1 -10 625 181 711 241 -1 -1 -1 -1000 -1000 -1000 -10 0.999978
41 5 car -1 -1 -10 746 171 1069 365 -1 -1 -1 -1000 -1000 -1000 -10 0.999731
42 0 car -1 -1 -10 619 182 702 239 -1 -1 -1 -1000 -1000 -1000 -10 0.999981
42 5 car -1 -1 -10 729 173 1034 359 -1 -1 -1 -1000 -1000 -1000 -10 0.99994
43 0 car -1 -1 -10 612 183 693 238 -1 -1 -1 -1000 -1000 -1000 -10 0.999975
43 5 car -1 -1 -10 715 174 998 356 -1 -1 -1 -1000 -1000 -1000 -10 0.999964
44 0 car -1 -1 -10 605 182 685 237 -1 -1 -1 -1000 -1000 -1000 -10 0.999971
44 5 car -1 -1 -10 710 164 961 354 -1 -1 -1 -1000 -1000 -1000 -10 0.999961
45 0 car -1 -1 -10 600 182 676 237 -1 -1 -1 -1000 -1000 -1000 -10 0.999979
45 5 car -1 -1 -10 696 169 934 339 -1 -1 -1 -1000 -1000 -1000 -10 0.999997
46 0 car -1 -1 -10 595 184 670 234 -1 -1 -1 -1000 -1000 -1000 -10 0.999943
46 5 car -1 -1 -10 684 171 904 334 -1 -1 -1 -1000 -1000 -1000 -10 0.999983
47 0 car -1 -1 -10 590 184 661 235 -1 -1 -1 -1000 -1000 -1000 -10 0.999974
47 5 car -1 -1 -10 673 175 880 328 -1 -1 -1 -1000 -1000 -1000 -10 0.999985
48 0 car -1 -1 -10 585 186 654 234 -1 -1 -1 -1000 -1000 -1000 -10 0.999923
48 5 car -1 -1 -10 664 174 856 328 -1 -1 -1 -1000 -1000 -1000 -10 0.999974
49 0 car -1 -1 -10 581 183 647 231 -1 -1 -1 -1000 -1000 -1000 -10 0.999987
49 5 car -1 -1 -10 657 172 828 314 -1 -1 -1 -1000 -1000 -1000 -10 0.999723
50 0 car -1 -1 -10 578 181 644 229 -1 -1 -1 -1000 -1000 -1000 -10 0.999978
50 5 car -1 -1 -10 648 170 812 306 -1 -1 -1 -1000 -1000 -1000 -10 0.999979
51 0 car -1 -1 -10 571 180 639 226 -1 -1 -1 -1000 -1000 -1000 -10 0.999964
51 5 car -1 -1 -10 639 167 798 303 -1 -1 -1 -1000 -1000 -1000 -10 0.999995
52 0 car -1 -1 -10 567 178 635 225 -1 -1 -1 -1000 -1000 -1000 -10 0.999937
52 5 car -1 -1 -10 630 169 783 294 -1 -1 -1 -1000 -1000 -1000 -10 0.999968
53 0 car -1 -1 -10 564 178 630 224 -1 -1 -1 -1000 -1000 -1000 -10 0.999958
53 5 car -1 -1 -10 625 166 766 288 -1 -1 -1 -1000 -1000 -1000 -10 0.999954
54 0 car -1 -1 -10 560 181 625 225 -1 -1 -1 -1000 -1000 -1000 -10 0.999979
54 5 car -1 -1 -10 615 168 757 285 -1 -1 -1 -1000 -1000 -1000 -10 0.999546
55 0 car -1 -1 -10 558 182 619 225 -1 -1 -1 -1000 -1000 -1000 -10 0.999846
55 5 car -1 -1 -10 606 169 742 284 -1 -1 -1 -1000 -1000 -1000 -10 0.999642
56 0 car -1 -1 -10 554 181 615 226 -1 -1 -1 -1000 -1000 -1000 -10 0.999871
56 5 car -1 -1 -10 600 170 730 279 -1 -1 -1 -1000 -1000 -1000 -10 0.999217
56 6 car -1 -1 -10 240 180 278 204 -1 -1 -1 -1000 -1000 -1000 -10 0.439285
57 0 car -1 -1 -10 552 181 614 226 -1 -1 -1 -1000 -1000 -1000 -10 0.99992
57 5 car -1 -1 -10 595 175 720 275 -1 -1 -1 -1000 -1000 -1000 -10 0.999751
57 6 car -1 -1 -10 231 180 275 204 -1 -1 -1 -1000 -1000 -1000 -10 0.678206
58 0 car -1 -1 -10 552 180 610 226 -1 -1 -1 -1000 -1000 -1000 -10 0.999779
58 5 car -1 -1 -10 592 173 709 270 -1 -1 -1 -1000 -1000 -1000 -10 0.999732
58 6 car -1 -1 -10 228 179 272 204 -1 -1 -1 -1000 -1000 -1000 -10 0.804934
59 0 car -1 -1 -10 552 181 608 225 -1 -1 -1 -1000 -1000 -1000 -10 0.999747
59 5 car -1 -1 -10 589 171 701 270 -1 -1 -1 -1000 -1000 -1000 -10 0.999867
59 6 car -1 -1 -10 225 179 269 204 -1 -1 -1 -1000 -1000 -1000 -10 0.876758
60 0 car -1 -1 -10 551 182 605 224 -1 -1 -1 -1000 -1000 -1000 -10 0.999754
60 5 car -1 -1 -10 587 174 693 267 -1 -1 -1 -1000 -1000 -1000 -10 0.999948
60 6 car -1 -1 -10 220 178 264 205 -1 -1 -1 -1000 -1000 -1000 -10 0.556915
61 0 car -1 -1 -10 550 182 603 224 -1 -1 -1 -1000 -1000 -1000 -10 0.999563
61 5 car -1 -1 -10 585 176 688 264 -1 -1 -1 -1000 -1000 -1000 -10 0.999978
61 6 car -1 -1 -10 216 179 260 204 -1 -1 -1 -1000 -1000 -1000 -10 0.464837
62 0 car -1 -1 -10 548 182 601 224 -1 -1 -1 -1000 -1000 -1000 -10 0.9984
62 5 car -1 -1 -10 581 175 682 262 -1 -1 -1 -1000 -1000 -1000 -10 0.99997
62 6 car -1 -1 -10 207 178 255 203 -1 -1 -1 -1000 -1000 -1000 -10 0.749042
63 0 car -1 -1 -10 548 183 597 222 -1 -1 -1 -1000 -1000 -1000 -10 0.996846
63 5 car -1 -1 -10 579 175 673 259 -1 -1 -1 -1000 -1000 -1000 -10 0.999904
63 6 car -1 -1 -10 196 178 250 203 -1 -1 -1 -1000 -1000 -1000 -10 0.898875
64 0 car -1 -1 -10 547 183 592 222 -1 -1 -1 -1000 -1000 -1000 -10 0.99818
64 5 car -1 -1 -10 574 173 664 258 -1 -1 -1 -1000 -1000 -1000 -10 0.999859
64 6 car -1 -1 -10 189 177 245 203 -1 -1 -1 -1000 -1000 -1000 -10 0.910315
65 0 car -1 -1 -10 543 185 589 222 -1 -1 -1 -1000 -1000 -1000 -10 0.985704
65 5 car -1 -1 -10 570 176 661 257 -1 -1 -1 -1000 -1000 -1000 -10 0.99996
65 6 car -1 -1 -10 179 179 237 208 -1 -1 -1 -1000 -1000 -1000 -10 0.823962
66 0 car -1 -1 -10 543 188 586 225 -1 -1 -1 -1000 -1000 -1000 -10 0.992819
66 5 car -1 -1 -10 566 183 656 258 -1 -1 -1 -1000 -1000 -1000 -10 0.999908
66 6 car -1 -1 -10 169 185 231 211 -1 -1 -1 -1000 -1000 -1000 -10 0.928802
67 0 car -1 -1 -10 540 189 584 229 -1 -1 -1 -1000 -1000 -1000 -10 0.9711
67 5 car -1 -1 -10 565 184 649 259 -1 -1 -1 -1000 -1000 -1000 -10 0.999808
67 6 car -1 -1 -10 159 188 221 214 -1 -1 -1 -1000 -1000 -1000 -10 0.973216
68 0 car -1 -1 -10 541 186 581 224 -1 -1 -1 -1000 -1000 -1000 -10 0.991042
68 5 car -1 -1 -10 563 178 640 253 -1 -1 -1 -1000 -1000 -1000 -10 0.999779
68 6 car -1 -1 -10 337 172 372 198 -1 -1 -1 -1000 -1000 -1000 -10 0.928073
68 7 car -1 -1 -10 144 185 216 213 -1 -1 -1 -1000 -1000 -1000 -10 0.909496
69 0 car -1 -1 -10 540 183 583 217 -1 -1 -1 -1000 -1000 -1000 -10 0.984587
69 5 car -1 -1 -10 558 173 639 250 -1 -1 -1 -1000 -1000 -1000 -10 0.99986
69 6 car -1 -1 -10 328 167 368 194 -1 -1 -1 -1000 -1000 -1000 -10 0.881341
69 7 car -1 -1 -10 139 179 209 208 -1 -1 -1 -1000 -1000 -1000 -10 0.984858
69 8 car -1 -1 -10 24 181 125 218 -1 -1 -1 -1000 -1000 -1000 -10 0.939169
70 0 car -1 -1 -10 538 180 580 213 -1 -1 -1 -1000 -1000 -1000 -10 0.743941
70 5 car -1 -1 -10 555 172 633 245 -1 -1 -1 -1000 -1000 -1000 -10 0.999387
70 6 car -1 -1 -10 317 165 369 192 -1 -1 -1 -1000 -1000 -1000 -10 0.706765
70 7 car -1 -1 -10 127 175 206 205 -1 -1 -1 -1000 -1000 -1000 -10 0.996818
70 8 car -1 -1 -10 3 175 107 216 -1 -1 -1 -1000 -1000 -1000 -10 0.97922
71 5 car -1 -1 -10 557 171 626 242 -1 -1 -1 -1000 -1000 -1000 -10 0.999064
71 6 car -1 -1 -10 309 166 360 194 -1 -1 -1 -1000 -1000 -1000 -10 0.366532
71 7 car -1 -1 -10 116 175 195 206 -1 -1 -1 -1000 -1000 -1000 -10 0.969604
71 8 car -1 -1 -10 0 174 90 217 -1 -1 -1 -1000 -1000 -1000 -10 0.998127
72 5 car -1 -1 -10 553 174 622 244 -1 -1 -1 -1000 -1000 -1000 -10 0.999314
72 7 car -1 -1 -10 105 175 183 209 -1 -1 -1 -1000 -1000 -1000 -10 0.990934
72 8 car -1 -1 -10 0 176 76 221 -1 -1 -1 -1000 -1000 -1000 -10 0.98482
73 5 car -1 -1 -10 550 175 620 245 -1 -1 -1 -1000 -1000 -1000 -10 0.999936
73 7 car -1 -1 -10 94 178 173 209 -1 -1 -1 -1000 -1000 -1000 -10 0.957721
74 5 car -1 -1 -10 547 175 620 244 -1 -1 -1 -1000 -1000 -1000 -10 0.999933
74 6 car -1 -1 -10 286 164 334 199 -1 -1 -1 -1000 -1000 -1000 -10 0.326485
74 7 car -1 -1 -10 73 179 161 212 -1 -1 -1 -1000 -1000 -1000 -10 0.997845
75 5 car -1 -1 -10 546 177 617 242 -1 -1 -1 -1000 -1000 -1000 -10 0.999921
75 7 car -1 -1 -10 66 178 149 212 -1 -1 -1 -1000 -1000 -1000 -10 0.999484
76 5 car -1 -1 -10 548 176 616 243 -1 -1 -1 -1000 -1000 -1000 -10 0.999864
76 6 car -1 -1 -10 261 163 318 201 -1 -1 -1 -1000 -1000 -1000 -10 0.914277
76 7 car -1 -1 -10 51 177 140 211 -1 -1 -1 -1000 -1000 -1000 -10 0.999825
77 5 car -1 -1 -10 547 178 615 241 -1 -1 -1 -1000 -1000 -1000 -10 0.99981
77 6 car -1 -1 -10 248 161 310 201 -1 -1 -1 -1000 -1000 -1000 -10 0.998539
77 7 car -1 -1 -10 35 177 129 213 -1 -1 -1 -1000 -1000 -1000 -10 0.999861
78 5 car -1 -1 -10 547 178 614 241 -1 -1 -1 -1000 -1000 -1000 -10 0.999906
78 6 car -1 -1 -10 231 160 297 203 -1 -1 -1 -1000 -1000 -1000 -10 0.998784
78 7 car -1 -1 -10 18 177 121 215 -1 -1 -1 -1000 -1000 -1000 -10 0.999326
79 5 car -1 -1 -10 548 179 615 239 -1 -1 -1 -1000 -1000 -1000 -10 0.999864
79 6 car -1 -1 -10 215 158 285 204 -1 -1 -1 -1000 -1000 -1000 -10 0.99995
79 7 car -1 -1 -10 0 176 104 215 -1 -1 -1 -1000 -1000 -1000 -10 0.99966
80 5 car -1 -1 -10 548 174 613 237 -1 -1 -1 -1000 -1000 -1000 -10 0.999967
80 6 car -1 -1 -10 197 156 275 205 -1 -1 -1 -1000 -1000 -1000 -10 0.999763
80 7 car -1 -1 -10 0 175 91 217 -1 -1 -1 -1000 -1000 -1000 -10 0.99825
81 5 car -1 -1 -10 551 174 612 236 -1 -1 -1 -1000 -1000 -1000 -10 0.999913
81 6 car -1 -1 -10 175 154 259 207 -1 -1 -1 -1000 -1000 -1000 -10 0.999847
81 7 car -1 -1 -10 0 174 87 218 -1 -1 -1 -1000 -1000 -1000 -10 0.974893
82 5 car -1 -1 -10 554 177 613 236 -1 -1 -1 -1000 -1000 -1000 -10 0.99996
82 6 car -1 -1 -10 150 154 243 209 -1 -1 -1 -1000 -1000 -1000 -10 0.999916
82 7 car -1 -1 -10 0 170 69 219 -1 -1 -1 -1000 -1000 -1000 -10 0.797651
83 5 car -1 -1 -10 554 181 615 237 -1 -1 -1 -1000 -1000 -1000 -10 0.99991
83 6 car -1 -1 -10 121 154 221 211 -1 -1 -1 -1000 -1000 -1000 -10 0.999833
83 7 car -1 -1 -10 0 168 61 219 -1 -1 -1 -1000 -1000 -1000 -10 0.880859
84 5 car -1 -1 -10 557 178 615 235 -1 -1 -1 -1000 -1000 -1000 -10 0.99996
84 6 car -1 -1 -10 84 151 196 214 -1 -1 -1 -1000 -1000 -1000 -10 0.999907
84 7 car -1 -1 -10 0 168 32 218 -1 -1 -1 -1000 -1000 -1000 -10 0.68744
85 5 car -1 -1 -10 558 177 614 234 -1 -1 -1 -1000 -1000 -1000 -10 0.999981
85 6 car -1 -1 -10 39 146 169 216 -1 -1 -1 -1000 -1000 -1000 -10 0.999974
86 5 car -1 -1 -10 559 175 614 233 -1 -1 -1 -1000 -1000 -1000 -10 0.999987
86 6 car -1 -1 -10 0 143 139 217 -1 -1 -1 -1000 -1000 -1000 -10 0.998688
87 5 car -1 -1 -10 558 174 615 231 -1 -1 -1 -1000 -1000 -1000 -10 0.999987
87 6 car -1 -1 -10 0 139 101 220 -1 -1 -1 -1000 -1000 -1000 -10 0.994707
88 5 car -1 -1 -10 558 175 615 231 -1 -1 -1 -1000 -1000 -1000 -10 0.999981
88 7 car -1 -1 -10 0 144 48 217 -1 -1 -1 -1000 -1000 -1000 -10 0.670019
89 5 car -1 -1 -10 558 175 615 230 -1 -1 -1 -1000 -1000 -1000 -10 0.999977
90 5 car -1 -1 -10 558 175 615 230 -1 -1 -1 -1000 -1000 -1000 -10 0.999965
91 5 car -1 -1 -10 558 177 615 229 -1 -1 -1 -1000 -1000 -1000 -10 0.999893
92 5 car -1 -1 -10 559 177 616 229 -1 -1 -1 -1000 -1000 -1000 -10 0.999921
93 5 car -1 -1 -10 560 177 615 229 -1 -1 -1 -1000 -1000 -1000 -10 0.999862
94 5 car -1 -1 -10 560 177 615 228 -1 -1 -1 -1000 -1000 -1000 -10 0.999833
95 5 car -1 -1 -10 560 176 616 226 -1 -1 -1 -1000 -1000 -1000 -10 0.999651
96 5 car -1 -1 -10 563 176 618 224 -1 -1 -1 -1000 -1000 -1000 -10 0.999699
97 5 car -1 -1 -10 563 169 617 222 -1 -1 -1 -1000 -1000 -1000 -10 0.99985
98 5 car -1 -1 -10 565 171 617 221 -1 -1 -1 -1000 -1000 -1000 -10 0.999663
99 9 car -1 -1 -10 564 175 617 224 -1 -1 -1 -1000 -1000 -1000 -10 0.999566
100 10 car -1 -1 -10 567 177 617 225 -1 -1 -1 -1000 -1000 -1000 -10 0.999589
100 11 car -1 -1 -10 259 173 310 192 -1 -1 -1 -1000 -1000 -1000 -10 0.753407
101 10 car -1 -1 -10 567 178 617 224 -1 -1 -1 -1000 -1000 -1000 -10 0.998986
101 11 car -1 -1 -10 252 173 305 194 -1 -1 -1 -1000 -1000 -1000 -10 0.984136
101 12 car -1 -1 -10 292 174 333 193 -1 -1 -1 -1000 -1000 -1000 -10 0.865896
102 10 car -1 -1 -10 566 178 617 225 -1 -1 -1 -1000 -1000 -1000 -10 0.998889
102 11 car -1 -1 -10 244 173 296 197 -1 -1 -1 -1000 -1000 -1000 -10 0.995839
103 10 car -1 -1 -10 568 179 618 225 -1 -1 -1 -1000 -1000 -1000 -10 0.998939
103 11 car -1 -1 -10 235 175 302 201 -1 -1 -1 -1000 -1000 -1000 -10 0.757901
104 10 car -1 -1 -10 567 179 620 224 -1 -1 -1 -1000 -1000 -1000 -10 0.993692
104 11 car -1 -1 -10 227 176 289 201 -1 -1 -1 -1000 -1000 -1000 -10 0.858501
105 10 car -1 -1 -10 568 179 620 222 -1 -1 -1 -1000 -1000 -1000 -10 0.968032
105 11 car -1 -1 -10 220 177 278 201 -1 -1 -1 -1000 -1000 -1000 -10 0.984695
105 12 car -1 -1 -10 267 178 312 199 -1 -1 -1 -1000 -1000 -1000 -10 0.70021
105 13 car -1 -1 -10 302 176 337 196 -1 -1 -1 -1000 -1000 -1000 -10 0.878827
106 10 car -1 -1 -10 569 177 619 221 -1 -1 -1 -1000 -1000 -1000 -10 0.978762
106 13 car -1 -1 -10 291 175 331 196 -1 -1 -1 -1000 -1000 -1000 -10 0.418747
106 14 car -1 -1 -10 258 175 307 200 -1 -1 -1 -1000 -1000 -1000 -10 0.570625
107 10 car -1 -1 -10 569 177 619 222 -1 -1 -1 -1000 -1000 -1000 -10 0.991745
107 12 car -1 -1 -10 246 177 301 199 -1 -1 -1 -1000 -1000 -1000 -10 0.384814
107 13 car -1 -1 -10 283 175 329 196 -1 -1 -1 -1000 -1000 -1000 -10 0.419319
108 10 car -1 -1 -10 570 178 620 221 -1 -1 -1 -1000 -1000 -1000 -10 0.991202
108 11 car -1 -1 -10 182 175 251 205 -1 -1 -1 -1000 -1000 -1000 -10 0.890637
108 13 car -1 -1 -10 277 175 322 197 -1 -1 -1 -1000 -1000 -1000 -10 0.890493
108 14 car -1 -1 -10 240 176 295 200 -1 -1 -1 -1000 -1000 -1000 -10 0.811888
109 10 car -1 -1 -10 574 177 616 221 -1 -1 -1 -1000 -1000 -1000 -10 0.987999
109 11 car -1 -1 -10 172 175 242 204 -1 -1 -1 -1000 -1000 -1000 -10 0.97407
109 13 car -1 -1 -10 266 175 317 197 -1 -1 -1 -1000 -1000 -1000 -10 0.853736
109 14 car -1 -1 -10 229 176 286 200 -1 -1 -1 -1000 -1000 -1000 -10 0.54772
110 10 car -1 -1 -10 575 178 618 219 -1 -1 -1 -1000 -1000 -1000 -10 0.992406
110 11 car -1 -1 -10 162 175 231 203 -1 -1 -1 -1000 -1000 -1000 -10 0.980956
110 14 car -1 -1 -10 265 174 312 198 -1 -1 -1 -1000 -1000 -1000 -10 0.833418
110 15 car -1 -1 -10 219 176 279 200 -1 -1 -1 -1000 -1000 -1000 -10 0.80927
111 10 car -1 -1 -10 575 178 619 219 -1 -1 -1 -1000 -1000 -1000 -10 0.991091
111 11 car -1 -1 -10 149 175 221 205 -1 -1 -1 -1000 -1000 -1000 -10 0.994667
111 14 car -1 -1 -10 257 174 304 199 -1 -1 -1 -1000 -1000 -1000 -10 0.96708
111 15 car -1 -1 -10 209 176 269 202 -1 -1 -1 -1000 -1000 -1000 -10 0.885907
112 10 car -1 -1 -10 577 179 618 220 -1 -1 -1 -1000 -1000 -1000 -10 0.994348
112 11 car -1 -1 -10 133 176 214 208 -1 -1 -1 -1000 -1000 -1000 -10 0.993382
112 14 car -1 -1 -10 249 177 299 200 -1 -1 -1 -1000 -1000 -1000 -10 0.93872
112 15 car -1 -1 -10 199 177 260 205 -1 -1 -1 -1000 -1000 -1000 -10 0.676008
113 10 car -1 -1 -10 578 179 618 222 -1 -1 -1 -1000 -1000 -1000 -10 0.998413
113 11 car -1 -1 -10 118 178 197 210 -1 -1 -1 -1000 -1000 -1000 -10 0.99866
113 15 car -1 -1 -10 237 178 292 203 -1 -1 -1 -1000 -1000 -1000 -10 0.983453
113 16 car -1 -1 -10 182 179 254 208 -1 -1 -1 -1000 -1000 -1000 -10 0.967185
114 10 car -1 -1 -10 577 181 618 223 -1 -1 -1 -1000 -1000 -1000 -10 0.999295
114 11 car -1 -1 -10 102 180 183 213 -1 -1 -1 -1000 -1000 -1000 -10 0.99589
114 15 car -1 -1 -10 225 179 284 204 -1 -1 -1 -1000 -1000 -1000 -10 0.871542
114 17 car -1 -1 -10 173 180 244 210 -1 -1 -1 -1000 -1000 -1000 -10 0.986083
115 10 car -1 -1 -10 577 181 620 222 -1 -1 -1 -1000 -1000 -1000 -10 0.998941
115 11 car -1 -1 -10 83 179 169 213 -1 -1 -1 -1000 -1000 -1000 -10 0.999295
115 17 car -1 -1 -10 162 179 234 210 -1 -1 -1 -1000 -1000 -1000 -10 0.993049
116 10 car -1 -1 -10 579 178 622 220 -1 -1 -1 -1000 -1000 -1000 -10 0.996333
116 11 car -1 -1 -10 64 175 158 214 -1 -1 -1 -1000 -1000 -1000 -10 0.998757
116 16 car -1 -1 -10 202 176 279 205 -1 -1 -1 -1000 -1000 -1000 -10 0.48412
116 17 car -1 -1 -10 138 175 224 210 -1 -1 -1 -1000 -1000 -1000 -10 0.997658
117 11 car -1 -1 -10 39 173 141 213 -1 -1 -1 -1000 -1000 -1000 -10 0.99959
117 16 car -1 -1 -10 198 172 268 205 -1 -1 -1 -1000 -1000 -1000 -10 0.465474
117 17 car -1 -1 -10 121 174 212 208 -1 -1 -1 -1000 -1000 -1000 -10 0.99885
117 18 car -1 -1 -10 579 177 619 214 -1 -1 -1 -1000 -1000 -1000 -10 0.997059
118 11 car -1 -1 -10 109 174 199 211 -1 -1 -1 -1000 -1000 -1000 -10 0.999577
118 18 car -1 -1 -10 579 177 619 214 -1 -1 -1 -1000 -1000 -1000 -10 0.998617
118 19 car -1 -1 -10 16 174 122 214 -1 -1 -1 -1000 -1000 -1000 -10 0.999395
119 11 car -1 -1 -10 95 175 190 215 -1 -1 -1 -1000 -1000 -1000 -10 0.999313
119 18 car -1 -1 -10 579 177 619 216 -1 -1 -1 -1000 -1000 -1000 -10 0.996257
119 19 car -1 -1 -10 0 179 98 218 -1 -1 -1 -1000 -1000 -1000 -10 0.998465
120 10 car -1 -1 -10 582 179 619 219 -1 -1 -1 -1000 -1000 -1000 -10 0.99616
120 11 car -1 -1 -10 76 177 190 215 -1 -1 -1 -1000 -1000 -1000 -10 0.977462
120 17 car -1 -1 -10 144 180 236 207 -1 -1 -1 -1000 -1000 -1000 -10 0.819649
120 19 car -1 -1 -10 0 175 80 225 -1 -1 -1 -1000 -1000 -1000 -10 0.996458
121 10 car -1 -1 -10 582 179 619 219 -1 -1 -1 -1000 -1000 -1000 -10 0.997619
121 11 car -1 -1 -10 49 182 160 221 -1 -1 -1 -1000 -1000 -1000 -10 0.973626
121 16 car -1 -1 -10 142 182 220 210 -1 -1 -1 -1000 -1000 -1000 -10 0.993624
121 19 car -1 -1 -10 0 173 56 233 -1 -1 -1 -1000 -1000 -1000 -10 0.933169
122 11 car -1 -1 -10 25 183 143 218 -1 -1 -1 -1000 -1000 -1000 -10 0.61945
122 16 car -1 -1 -10 129 179 207 210 -1 -1 -1 -1000 -1000 -1000 -10 0.999896
122 18 car -1 -1 -10 580 180 618 218 -1 -1 -1 -1000 -1000 -1000 -10 0.998965
122 19 car -1 -1 -10 0 177 28 226 -1 -1 -1 -1000 -1000 -1000 -10 0.657855
123 11 car -1 -1 -10 0 175 115 223 -1 -1 -1 -1000 -1000 -1000 -10 0.983423
123 16 car -1 -1 -10 114 179 193 211 -1 -1 -1 -1000 -1000 -1000 -10 0.999935
123 18 car -1 -1 -10 581 177 617 216 -1 -1 -1 -1000 -1000 -1000 -10 0.998849
124 11 car -1 -1 -10 0 177 98 222 -1 -1 -1 -1000 -1000 -1000 -10 0.997023
124 16 car -1 -1 -10 92 178 180 211 -1 -1 -1 -1000 -1000 -1000 -10 0.999932
124 18 car -1 -1 -10 580 178 617 215 -1 -1 -1 -1000 -1000 -1000 -10 0.998106
125 11 car -1 -1 -10 0 180 82 223 -1 -1 -1 -1000 -1000 -1000 -10 0.825811
125 16 car -1 -1 -10 71 179 166 214 -1 -1 -1 -1000 -1000 -1000 -10 0.999276
125 18 car -1 -1 -10 578 182 618 217 -1 -1 -1 -1000 -1000 -1000 -10 0.999375
126 11 car -1 -1 -10 0 182 52 224 -1 -1 -1 -1000 -1000 -1000 -10 0.840238
126 16 car -1 -1 -10 50 181 151 217 -1 -1 -1 -1000 -1000 -1000 -10 0.999134
126 18 car -1 -1 -10 580 182 618 217 -1 -1 -1 -1000 -1000 -1000 -10 0.99839
127 16 car -1 -1 -10 22 180 130 217 -1 -1 -1 -1000 -1000 -1000 -10 0.997581
127 18 car -1 -1 -10 581 181 620 215 -1 -1 -1 -1000 -1000 -1000 -10 0.996954
127 19 car -1 -1 -10 0 181 25 226 -1 -1 -1 -1000 -1000 -1000 -10 0.420963
128 16 car -1 -1 -10 0 179 111 218 -1 -1 -1 -1000 -1000 -1000 -10 0.997794
128 18 car -1 -1 -10 582 179 619 213 -1 -1 -1 -1000 -1000 -1000 -10 0.996933
129 10 car -1 -1 -10 582 177 619 213 -1 -1 -1 -1000 -1000 -1000 -10 0.998746
129 16 car -1 -1 -10 0 177 92 219 -1 -1 -1 -1000 -1000 -1000 -10 0.996987
130 11 car -1 -1 -10 0 178 72 225 -1 -1 -1 -1000 -1000 -1000 -10 0.303473
130 18 car -1 -1 -10 582 177 620 213 -1 -1 -1 -1000 -1000 -1000 -10 0.997526
131 10 car -1 -1 -10 583 178 619 214 -1 -1 -1 -1000 -1000 -1000 -10 0.998914
131 11 car -1 -1 -10 0 179 48 220 -1 -1 -1 -1000 -1000 -1000 -10 0.571821
132 10 car -1 -1 -10 583 177 620 214 -1 -1 -1 -1000 -1000 -1000 -10 0.999303
133 10 car -1 -1 -10 585 177 620 214 -1 -1 -1 -1000 -1000 -1000 -10 0.999619
134 10 car -1 -1 -10 586 175 622 213 -1 -1 -1 -1000 -1000 -1000 -10 0.999905
135 10 car -1 -1 -10 586 175 623 212 -1 -1 -1 -1000 -1000 -1000 -10 0.99988
136 10 car -1 -1 -10 586 174 623 209 -1 -1 -1 -1000 -1000 -1000 -10 0.99959
137 10 car -1 -1 -10 585 171 624 206 -1 -1 -1 -1000 -1000 -1000 -10 0.999503
138 10 car -1 -1 -10 585 171 625 206 -1 -1 -1 -1000 -1000 -1000 -10 0.999193
139 10 car -1 -1 -10 585 176 624 212 -1 -1 -1 -1000 -1000 -1000 -10 0.999775
140 10 car -1 -1 -10 585 181 624 216 -1 -1 -1 -1000 -1000 -1000 -10 0.999257
141 10 car -1 -1 -10 585 182 624 217 -1 -1 -1 -1000 -1000 -1000 -10 0.999733
142 20 car -1 -1 -10 586 177 622 214 -1 -1 -1 -1000 -1000 -1000 -10 0.999828
143 20 car -1 -1 -10 586 178 622 214 -1 -1 -1 -1000 -1000 -1000 -10 0.999685
