0 0 car -1 -1 -10 572 172 608 210 -1 -1 -1 -1000 -1000 -1000 -10 0.999772
0 1 car -1 -1 -10 254 174 304 202 -1 -1 -1 -1000 -1000 -1000 -10 0.999521
0 2 car -1 -1 -10 323 176 357 197 -1 -1 -1 -1000 -1000 -1000 -10 0.954097
1 0 car -1 -1 -10 572 171 608 209 -1 -1 -1 -1000 -1000 -1000 -10 0.99972
1 1 car -1 -1 -10 241 172 293 201 -1 -1 -1 -1000 -1000 -1000 -10 0.998073
1 2 car -1 -1 -10 316 175 349 196 -1 -1 -1 -1000 -1000 -1000 -10 0.975279
2 0 car -1 -1 -10 572 171 608 209 -1 -1 -1 -1000 -1000 -1000 -10 0.999769
2 1 car -1 -1 -10 226 172 282 202 -1 -1 -1 -1000 -1000 -1000 -10 0.997284
2 2 car -1 -1 -10 308 177 342 196 -1 -1 -1 -1000 -1000 -1000 -10 0.938755
3 0 car -1 -1 -10 571 171 609 209 -1 -1 -1 -1000 -1000 -1000 -10 0.999827
3 1 car -1 -1 -10 210 171 267 201 -1 -1 -1 -1000 -1000 -1000 -10 0.99773
3 2 car -1 -1 -10 296 176 334 195 -1 -1 -1 -1000 -1000 -1000 -10 0.971303
4 0 car -1 -1 -10 571 169 609 209 -1 -1 -1 -1000 -1000 -1000 -10 0.999883
4 1 car -1 -1 -10 191 169 254 202 -1 -1 -1 -1000 -1000 -1000 -10 0.999118
4 2 car -1 -1 -10 285 173 326 195 -1 -1 -1 -1000 -1000 -1000 -10 0.995016
5 0 car -1 -1 -10 572 169 610 209 -1 -1 -1 -1000 -1000 -1000 -10 0.999906
5 1 car -1 -1 -10 172 168 241 203 -1 -1 -1 -1000 -1000 -1000 -10 0.999602
5 2 car -1 -1 -10 271 171 318 195 -1 -1 -1 -1000 -1000 -1000 -10 0.996251
6 0 car -1 -1 -10 572 170 610 209 -1 -1 -1 -1000 -1000 -1000 -10 0.999937
6 1 car -1 -1 -10 149 168 225 203 -1 -1 -1 -1000 -1000 -1000 -10 0.999893
6 2 car -1 -1 -10 260 171 308 197 -1 -1 -1 -1000 -1000 -1000 -10 0.999077
7 0 car -1 -1 -10 573 170 610 210 -1 -1 -1 -1000 -1000 -1000 -10 0.999933
7 1 car -1 -1 -10 125 167 207 206 -1 -1 -1 -1000 -1000 -1000 -10 0.999872
7 2 car -1 -1 -10 247 172 297 199 -1 -1 -1 -1000 -1000 -1000 -10 0.999479
8 0 car -1 -1 -10 573 172 611 212 -1 -1 -1 -1000 -1000 -1000 -10 0.999971
8 1 car -1 -1 -10 95 169 189 210 -1 -1 -1 -1000 -1000 -1000 -10 0.999765
8 2 car -1 -1 -10 231 175 286 200 -1 -1 -1 -1000 -1000 -1000 -10 0.998007
9 1 car -1 -1 -10 66 169 164 212 -1 -1 -1 -1000 -1000 -1000 -10 0.999953
9 2 car -1 -1 -10 217 174 275 203 -1 -1 -1 -1000 -1000 -1000 -10 0.997735
9 3 car -1 -1 -10 573 173 611 213 -1 -1 -1 -1000 -1000 -1000 -10 0.999965
10 0 car -1 -1 -10 575 175 611 214 -1 -1 -1 -1000 -1000 -1000 -10 0.999946
10 1 car -1 -1 -10 34 171 137 216 -1 -1 -1 -1000 -1000 -1000 -10 0.999701
10 4 car -1 -1 -10 200 176 259 204 -1 -1 -1 -1000 -1000 -1000 -10 0.998933
11 1 car -1 -1 -10 0 171 110 221 -1 -1 -1 -1000 -1000 -1000 -10 0.999588
11 3 car -1 -1 -10 575 174 611 215 -1 -1 -1 -1000 -1000 -1000 -10 0.999961
11 4 car -1 -1 -10 181 175 244 208 -1 -1 -1 -1000 -1000 -1000 -10 0.999396
11 5 car -1 -1 -10 369 176 395 192 -1 -1 -1 -1000 -1000 -1000 -10 0.463092
12 1 car -1 -1 -10 0 172 84 226 -1 -1 -1 -1000 -1000 -1000 -10 0.997965
12 3 car -1 -1 -10 575 175 612 215 -1 -1 -1 -1000 -1000 -1000 -10 0.999952
12 4 car -1 -1 -10 160 176 230 209 -1 -1 -1 -1000 -1000 -1000 -10 0.999871
12 5 car -1 -1 -10 363 177 389 193 -1 -1 -1 -1000 -1000 -1000 -10 0.66294
13 1 car -1 -1 -10 0 169 50 229 -1 -1 -1 -1000 -1000 -1000 -10 0.771783
13 3 car -1 -1 -10 576 175 612 214 -1 -1 -1 -1000 -1000 -1000 -10 0.999951
13 4 car -1 -1 -10 136 175 213 209 -1 -1 -1 -1000 -1000 -1000 -10 0.999796
13 5 car -1 -1 -10 358 176 385 193 -1 -1 -1 -1000 -1000 -1000 -10 0.69578
14 3 car -1 -1 -10 576 174 612 214 -1 -1 -1 -1000 -1000 -1000 -10 0.999942
14 4 car -1 -1 -10 109 173 196 211 -1 -1 -1 -1000 -1000 -1000 -10 0.999677
14 5 car -1 -1 -10 350 175 380 193 -1 -1 -1 -1000 -1000 -1000 -10 0.928235
15 3 car -1 -1 -10 575 173 612 213 -1 -1 -1 -1000 -1000 -1000 -10 0.999956
15 4 car -1 -1 -10 79 172 173 212 -1 -1 -1 -1000 -1000 -1000 -10 0.999933
15 5 car -1 -1 -10 343 174 373 192 -1 -1 -1 -1000 -1000 -1000 -10 0.922975
16 3 car -1 -1 -10 574 173 612 213 -1 -1 -1 -1000 -1000 -1000 -10 0.999926
16 4 car -1 -1 -10 47 173 145 214 -1 -1 -1 -1000 -1000 -1000 -10 0.999917
16 5 car -1 -1 -10 335 173 366 192 -1 -1 -1 -1000 -1000 -1000 -10 0.956823
17 3 car -1 -1 -10 574 172 612 212 -1 -1 -1 -1000 -1000 -1000 -10 0.999909
17 5 car -1 -1 -10 326 173 359 192 -1 -1 -1 -1000 -1000 -1000 -10 0.99223
17 6 car -1 -1 -10 8 172 116 218 -1 -1 -1 -1000 -1000 -1000 -10 0.999844
18 3 car -1 -1 -10 573 171 613 212 -1 -1 -1 -1000 -1000 -1000 -10 0.999913
18 5 car -1 -1 -10 316 174 351 193 -1 -1 -1 -1000 -1000 -1000 -10 0.973009
18 6 car -1 -1 -10 0 172 89 221 -1 -1 -1 -1000 -1000 -1000 -10 0.997481
19 1 car -1 -1 -10 0 171 61 222 -1 -1 -1 -1000 -1000 -1000 -10 0.938726
19 3 car -1 -1 -10 573 171 613 212 -1 -1 -1 -1000 -1000 -1000 -10 0.999904
19 5 car -1 -1 -10 306 173 344 193 -1 -1 -1 -1000 -1000 -1000 -10 0.991821
20 3 car -1 -1 -10 573 172 613 214 -1 -1 -1 -1000 -1000 -1000 -10 0.999962
20 5 car -1 -1 -10 296 174 335 197 -1 -1 -1 -1000 -1000 -1000 -10 0.995493
21 3 car -1 -1 -10 572 172 612 214 -1 -1 -1 -1000 -1000 -1000 -10 0.999962
21 5 car -1 -1 -10 284 175 326 198 -1 -1 -1 -1000 -1000 -1000 -10 0.991248
22 3 car -1 -1 -10 572 171 613 213 -1 -1 -1 -1000 -1000 -1000 -10 0.999922
22 5 car -1 -1 -10 273 173 317 198 -1 -1 -1 -1000 -1000 -1000 -10 0.996264
23 3 car -1 -1 -10 571 169 614 213 -1 -1 -1 -1000 -1000 -1000 -10 0.999934
23 5 car -1 -1 -10 261 173 306 198 -1 -1 -1 -1000 -1000 -1000 -10 0.998436
24 3 car -1 -1 -10 571 169 613 213 -1 -1 -1 -1000 -1000 -1000 -10 0.999925
24 5 car -1 -1 -10 248 173 295 199 -1 -1 -1 -1000 -1000 -1000 -10 0.998663
25 3 car -1 -1 -10 571 169 613 213 -1 -1 -1 -1000 -1000 -1000 -10 0.999931
25 5 car -1 -1 -10 235 173 286 199 -1 -1 -1 -1000 -1000 -1000 -10 0.998486
26 3 car -1 -1 -10 570 169 613 213 -1 -1 -1 -1000 -1000 -1000 -10 0.999918
26 5 car -1 -1 -10 218 174 276 202 -1 -1 -1 -1000 -1000 -1000 -10 0.999121
27 3 car -1 -1 -10 570 169 614 213 -1 -1 -1 -1000 -1000 -1000 -10 0.999895
27 5 car -1 -1 -10 202 175 264 203 -1 -1 -1 -1000 -1000 -1000 -10 0.996593
27 7 car -1 -1 -10 307 160 341 184 -1 -1 -1 -1000 -1000 -1000 -10 0.61425
28 3 car -1 -1 -10 570 169 613 214 -1 -1 -1 -1000 -1000 -1000 -10 0.999821
28 5 car -1 -1 -10 182 176 252 205 -1 -1 -1 -1000 -1000 -1000 -10 0.997871
28 7 car -1 -1 -10 302 163 337 184 -1 -1 -1 -1000 -1000 -1000 -10 0.774453
29 3 car -1 -1 -10 569 168 613 214 -1 -1 -1 -1000 -1000 -1000 -10 0.999883
29 5 car -1 -1 -10 166 176 237 206 -1 -1 -1 -1000 -1000 -1000 -10 0.999406
29 7 car -1 -1 -10 297 160 329 184 -1 -1 -1 -1000 -1000 -1000 -10 0.617033
30 3 car -1 -1 -10 570 167 614 213 -1 -1 -1 -1000 -1000 -1000 -10 0.999742
30 5 car -1 -1 -10 147 174 223 205 -1 -1 -1 -1000 -1000 -1000 -10 0.999446
30 7 car -1 -1 -10 287 159 326 184 -1 -1 -1 -1000 -1000 -1000 -10 0.965278
30 8 car -1 -1 -10 348 172 383 186 -1 -1 -1 -1000 -1000 -1000 -10 0.61773
31 3 car -1 -1 -10 569 166 614 212 -1 -1 -1 -1000 -1000 -1000 -10 0.999662
31 5 car -1 -1 -10 123 173 207 206 -1 -1 -1 -1000 -1000 -1000 -10 0.999722
31 7 car -1 -1 -10 280 158 320 184 -1 -1 -1 -1000 -1000 -1000 -10 0.998112
31 8 car -1 -1 -10 341 171 376 186 -1 -1 -1 -1000 -1000 -1000 -10 0.381714
32 3 car -1 -1 -10 569 167 614 213 -1 -1 -1 -1000 -1000 -1000 -10 0.999622
32 5 car -1 -1 -10 100 173 187 209 -1 -1 -1 -1000 -1000 -1000 -10 0.999829
32 7 car -1 -1 -10 271 157 313 184 -1 -1 -1 -1000 -1000 -1000 -10 0.99531
32 8 car -1 -1 -10 334 171 371 187 -1 -1 -1 -1000 -1000 -1000 -10 0.928697
33 3 car -1 -1 -10 568 167 613 214 -1 -1 -1 -1000 -1000 -1000 -10 0.999549
33 5 car -1 -1 -10 74 174 170 212 -1 -1 -1 -1000 -1000 -1000 -10 0.999894
33 7 car -1 -1 -10 263 158 305 185 -1 -1 -1 -1000 -1000 -1000 -10 0.989818
33 9 car -1 -1 -10 328 172 365 188 -1 -1 -1 -1000 -1000 -1000 -10 0.689956
34 3 car -1 -1 -10 570 168 614 215 -1 -1 -1 -1000 -1000 -1000 -10 0.998832
34 5 car -1 -1 -10 51 175 150 215 -1 -1 -1 -1000 -1000 -1000 -10 0.999402
34 7 car -1 -1 -10 256 159 300 188 -1 -1 -1 -1000 -1000 -1000 -10 0.997131
34 8 car -1 -1 -10 322 172 360 190 -1 -1 -1 -1000 -1000 -1000 -10 0.954121
35 3 car -1 -1 -10 569 167 615 215 -1 -1 -1 -1000 -1000 -1000 -10 0.998489
35 5 car -1 -1 -10 20 179 126 218 -1 -1 -1 -1000 -1000 -1000 -10 0.9986
35 7 car -1 -1 -10 250 159 292 188 -1 -1 -1 -1000 -1000 -1000 -10 0.997618
35 9 car -1 -1 -10 317 172 354 191 -1 -1 -1 -1000 -1000 -1000 -10 0.891948
36 3 car -1 -1 -10 569 167 615 215 -1 -1 -1 -1000 -1000 -1000 -10 0.998869
36 7 car -1 -1 -10 240 158 285 190 -1 -1 -1 -1000 -1000 -1000 -10 0.998848
36 8 car -1 -1 -10 309 170 351 192 -1 -1 -1 -1000 -1000 -1000 -10 0.8822
36 10 car -1 -1 -10 0 176 107 220 -1 -1 -1 -1000 -1000 -1000 -10 0.995465
37 3 car -1 -1 -10 568 167 616 214 -1 -1 -1 -1000 -1000 -1000 -10 0.999223
37 7 car -1 -1 -10 230 158 279 189 -1 -1 -1 -1000 -1000 -1000 -10 0.998386
37 9 car -1 -1 -10 303 172 343 191 -1 -1 -1 -1000 -1000 -1000 -10 0.921924
37 10 car -1 -1 -10 0 176 81 223 -1 -1 -1 -1000 -1000 -1000 -10 0.985146
38 3 car -1 -1 -10 568 166 616 214 -1 -1 -1 -1000 -1000 -1000 -10 0.998945
38 7 car -1 -1 -10 222 157 271 190 -1 -1 -1 -1000 -1000 -1000 -10 0.998268
38 9 car -1 -1 -10 294 172 337 191 -1 -1 -1 -1000 -1000 -1000 -10 0.968482
38 10 car -1 -1 -10 0 178 50 222 -1 -1 -1 -1000 -1000 -1000 -10 0.822904
39 3 car -1 -1 -10 568 167 616 215 -1 -1 -1 -1000 -1000 -1000 -10 0.999214
39 7 car -1 -1 -10 211 157 264 192 -1 -1 -1 -1000 -1000 -1000 -10 0.999161
39 8 car -1 -1 -10 287 172 332 193 -1 -1 -1 -1000 -1000 -1000 -10 0.900031
40 3 car -1 -1 -10 569 168 616 216 -1 -1 -1 -1000 -1000 -1000 -10 0.999398
40 7 car -1 -1 -10 199 157 258 193 -1 -1 -1 -1000 -1000 -1000 -10 0.999005
40 8 car -1 -1 -10 278 172 324 193 -1 -1 -1 -1000 -1000 -1000 -10 0.93843
41 3 car -1 -1 -10 570 168 617 217 -1 -1 -1 -1000 -1000 -1000 -10 0.998995
41 7 car -1 -1 -10 190 157 249 194 -1 -1 -1 -1000 -1000 -1000 -10 0.999571
41 8 car -1 -1 -10 269 174 317 195 -1 -1 -1 -1000 -1000 -1000 -10 0.959533
42 3 car -1 -1 -10 570 169 618 218 -1 -1 -1 -1000 -1000 -1000 -10 0.99932
42 7 car -1 -1 -10 178 160 242 195 -1 -1 -1 -1000 -1000 -1000 -10 0.999725
42 8 car -1 -1 -10 263 175 308 197 -1 -1 -1 -1000 -1000 -1000 -10 0.862168
43 3 car -1 -1 -10 570 169 618 218 -1 -1 -1 -1000 -1000 -1000 -10 0.999597
43 7 car -1 -1 -10 168 159 233 197 -1 -1 -1 -1000 -1000 -1000 -10 0.999848
43 11 car -1 -1 -10 253 174 303 198 -1 -1 -1 -1000 -1000 -1000 -10 0.965188
44 3 car -1 -1 -10 570 170 618 218 -1 -1 -1 -1000 -1000 -1000 -10 0.999495
44 8 car -1 -1 -10 155 159 223 196 -1 -1 -1 -1000 -1000 -1000 -10 0.999544
44 11 car -1 -1 -10 243 174 294 199 -1 -1 -1 -1000 -1000 -1000 -10 0.954256
45 3 car -1 -1 -10 571 170 619 219 -1 -1 -1 -1000 -1000 -1000 -10 0.999481
45 8 car -1 -1 -10 141 158 212 199 -1 -1 -1 -1000 -1000 -1000 -10 0.999856
45 11 car -1 -1 -10 230 177 288 200 -1 -1 -1 -1000 -1000 -1000 -10 0.983621
45 12 car -1 -1 -10 264 171 313 198 -1 -1 -1 -1000 -1000 -1000 -10 0.604034
46 3 car -1 -1 -10 572 171 619 220 -1 -1 -1 -1000 -1000 -1000 -10 0.999819
46 8 car -1 -1 -10 130 159 204 200 -1 -1 -1 -1000 -1000 -1000 -10 0.997679
46 11 car -1 -1 -10 219 177 279 202 -1 -1 -1 -1000 -1000 -1000 -10 0.997353
46 12 car -1 -1 -10 254 171 305 200 -1 -1 -1 -1000 -1000 -1000 -10 0.672306
47 3 car -1 -1 -10 572 172 618 221 -1 -1 -1 -1000 -1000 -1000 -10 0.999852
47 7 car -1 -1 -10 207 179 272 203 -1 -1 -1 -1000 -1000 -1000 -10 0.991114
47 8 car -1 -1 -10 112 159 193 206 -1 -1 -1 -1000 -1000 -1000 -10 0.998855
47 12 car -1 -1 -10 244 171 298 201 -1 -1 -1 -1000 -1000 -1000 -10 0.906609
48 3 car -1 -1 -10 573 171 619 221 -1 -1 -1 -1000 -1000 -1000 -10 0.999893
48 7 car -1 -1 -10 194 178 262 206 -1 -1 -1 -1000 -1000 -1000 -10 0.994361
48 8 car -1 -1 -10 96 159 179 203 -1 -1 -1 -1000 -1000 -1000 -10 0.998525
48 12 car -1 -1 -10 236 175 292 201 -1 -1 -1 -1000 -1000 -1000 -10 0.914708
49 3 car -1 -1 -10 573 171 620 221 -1 -1 -1 -1000 -1000 -1000 -10 0.999879
49 8 car -1 -1 -10 78 157 168 205 -1 -1 -1 -1000 -1000 -1000 -10 0.999691
49 11 car -1 -1 -10 180 178 252 205 -1 -1 -1 -1000 -1000 -1000 -10 0.998421
49 12 car -1 -1 -10 230 170 286 201 -1 -1 -1 -1000 -1000 -1000 -10 0.947137
50 3 car -1 -1 -10 574 170 620 221 -1 -1 -1 -1000 -1000 -1000 -10 0.999873
50 8 car -1 -1 -10 61 155 153 203 -1 -1 -1 -1000 -1000 -1000 -10 0.99948
50 11 car -1 -1 -10 168 177 242 207 -1 -1 -1 -1000 -1000 -1000 -10 0.996169
50 12 car -1 -1 -10 210 171 274 201 -1 -1 -1 -1000 -1000 -1000 -10 0.986397
51 3 car -1 -1 -10 574 170 621 221 -1 -1 -1 -1000 -1000 -1000 -10 0.999934
51 8 car -1 -1 -10 43 157 140 206 -1 -1 -1 -1000 -1000 -1000 -10 0.999507
51 12 car -1 -1 -10 201 171 263 202 -1 -1 -1 -1000 -1000 -1000 -10 0.991092
51 13 car -1 -1 -10 149 176 232 208 -1 -1 -1 -1000 -1000 -1000 -10 0.999113
52 3 car -1 -1 -10 575 171 621 221 -1 -1 -1 -1000 -1000 -1000 -10 0.999898
52 8 car -1 -1 -10 22 158 122 206 -1 -1 -1 -1000 -1000 -1000 -10 0.997926
52 12 car -1 -1 -10 184 173 257 204 -1 -1 -1 -1000 -1000 -1000 -10 0.994888
52 13 car -1 -1 -10 135 178 215 209 -1 -1 -1 -1000 -1000 -1000 -10 0.998925
53 3 car -1 -1 -10 574 170 623 221 -1 -1 -1 -1000 -1000 -1000 -10 0.999901
53 8 car -1 -1 -10 0 158 107 206 -1 -1 -1 -1000 -1000 -1000 -10 0.984626
53 11 car -1 -1 -10 190 168 247 194 -1 -1 -1 -1000 -1000 -1000 -10 0.948287
53 12 car -1 -1 -10 172 173 249 204 -1 -1 -1 -1000 -1000 -1000 -10 0.992631
53 13 car -1 -1 -10 116 178 202 210 -1 -1 -1 -1000 -1000 -1000 -10 0.997088
54 3 car -1 -1 -10 574 171 624 222 -1 -1 -1 -1000 -1000 -1000 -10 0.99973
54 8 car -1 -1 -10 0 157 91 208 -1 -1 -1 -1000 -1000 -1000 -10 0.997576
54 11 car -1 -1 -10 180 169 239 194 -1 -1 -1 -1000 -1000 -1000 -10 0.968431
54 12 car -1 -1 -10 159 173 236 205 -1 -1 -1 -1000 -1000 -1000 -10 0.99877
54 13 car -1 -1 -10 98 177 186 213 -1 -1 -1 -1000 -1000 -1000 -10 0.987548
55 3 car -1 -1 -10 574 171 624 222 -1 -1 -1 -1000 -1000 -1000 -10 0.999616
55 8 car -1 -1 -10 0 159 80 209 -1 -1 -1 -1000 -1000 -1000 -10 0.970465
55 11 car -1 -1 -10 166 168 235 194 -1 -1 -1 -1000 -1000 -1000 -10 0.897121
55 12 car -1 -1 -10 146 173 224 207 -1 -1 -1 -1000 -1000 -1000 -10 0.998653
55 13 car -1 -1 -10 75 177 171 213 -1 -1 -1 -1000 -1000 -1000 -10 0.989906
55 14 car -1 -1 -10 361 173 387 190 -1 -1 -1 -1000 -1000 -1000 -10 0.749757
55 15 car -1 -1 -10 382 171 411 186 -1 -1 -1 -1000 -1000 -1000 -10 0.369062
56 3 car -1 -1 -10 576 170 625 223 -1 -1 -1 -1000 -1000 -1000 -10 0.999845
56 8 car -1 -1 -10 0 159 61 210 -1 -1 -1 -1000 -1000 -1000 -10 0.888359
56 11 car -1 -1 -10 154 168 224 195 -1 -1 -1 -1000 -1000 -1000 -10 0.988137
56 12 car -1 -1 -10 126 173 212 208 -1 -1 -1 -1000 -1000 -1000 -10 0.999588
56 13 car -1 -1 -10 54 176 151 214 -1 -1 -1 -1000 -1000 -1000 -10 0.981344
56 14 car -1 -1 -10 357 173 384 189 -1 -1 -1 -1000 -1000 -1000 -10 0.859348
56 15 car -1 -1 -10 378 171 409 186 -1 -1 -1 -1000 -1000 -1000 -10 0.786054
57 3 car -1 -1 -10 576 169 625 224 -1 -1 -1 -1000 -1000 -1000 -10 0.999925
57 8 car -1 -1 -10 0 163 46 207 -1 -1 -1 -1000 -1000 -1000 -10 0.943312
57 11 car -1 -1 -10 143 166 216 195 -1 -1 -1 -1000 -1000 -1000 -10 0.98481
57 12 car -1 -1 -10 109 172 199 210 -1 -1 -1 -1000 -1000 -1000 -10 0.999811
57 13 car -1 -1 -10 25 177 135 216 -1 -1 -1 -1000 -1000 -1000 -10 0.979026
57 14 car -1 -1 -10 352 173 382 189 -1 -1 -1 -1000 -1000 -1000 -10 0.898862
57 15 car -1 -1 -10 377 170 409 186 -1 -1 -1 -1000 -1000 -1000 -10 0.381419
58 3 car -1 -1 -10 577 169 626 224 -1 -1 -1 -1000 -1000 -1000 -10 0.999901
58 11 car -1 -1 -10 133 168 204 196 -1 -1 -1 -1000 -1000 -1000 -10 0.99546
58 12 car -1 -1 -10 89 173 183 212 -1 -1 -1 -1000 -1000 -1000 -10 0.999682
58 13 car -1 -1 -10 0 180 112 219 -1 -1 -1 -1000 -1000 -1000 -10 0.993819
58 14 car -1 -1 -10 348 172 377 190 -1 -1 -1 -1000 -1000 -1000 -10 0.946998
58 16 car -1 -1 -10 371 171 402 187 -1 -1 -1 -1000 -1000 -1000 -10 0.922782
59 3 car -1 -1 -10 577 169 628 224 -1 -1 -1 -1000 -1000 -1000 -10 0.999962
59 11 car -1 -1 -10 118 167 193 198 -1 -1 -1 -1000 -1000 -1000 -10 0.998851
59 12 car -1 -1 -10 72 172 171 214 -1 -1 -1 -1000 -1000 -1000 -10 0.999589
59 13 car -1 -1 -10 0 179 93 222 -1 -1 -1 -1000 -1000 -1000 -10 0.981402
59 14 car -1 -1 -10 344 172 374 190 -1 -1 -1 -1000 -1000 -1000 -10 0.959636
59 16 car -1 -1 -10 369 170 401 187 -1 -1 -1 -1000 -1000 -1000 -10 0.891236
60 3 car -1 -1 -10 578 167 629 224 -1 -1 -1 -1000 -1000 -1000 -10 0.99997
60 11 car -1 -1 -10 104 166 182 198 -1 -1 -1 -1000 -1000 -1000 -10 0.999139
60 12 car -1 -1 -10 50 171 152 215 -1 -1 -1 -1000 -1000 -1000 -10 0.999411
60 13 car -1 -1 -10 0 180 73 221 -1 -1 -1 -1000 -1000 -1000 -10 0.769023
60 14 car -1 -1 -10 340 172 371 189 -1 -1 -1 -1000 -1000 -1000 -10 0.939211
60 15 car -1 -1 -10 362 170 394 186 -1 -1 -1 -1000 -1000 -1000 -10 0.864065
61 3 car -1 -1 -10 578 166 630 223 -1 -1 -1 -1000 -1000 -1000 -10 0.999973
61 11 car -1 -1 -10 93 166 171 199 -1 -1 -1 -1000 -1000 -1000 -10 0.999319
61 12 car -1 -1 -10 26 171 136 215 -1 -1 -1 -1000 -1000 -1000 -10 0.998903
61 13 car -1 -1 -10 0 171 48 227 -1 -1 -1 -1000 -1000 -1000 -10 0.395628
61 14 car -1 -1 -10 336 171 367 190 -1 -1 -1 -1000 -1000 -1000 -10 0.957551
61 15 car -1 -1 -10 360 170 391 186 -1 -1 -1 -1000 -1000 -1000 -10 0.956404
62 3 car -1 -1 -10 578 166 631 223 -1 -1 -1 -1000 -1000 -1000 -10 0.999964
62 11 car -1 -1 -10 82 164 161 200 -1 -1 -1 -1000 -1000 -1000 -10 0.997573
62 12 car -1 -1 -10 0 170 121 217 -1 -1 -1 -1000 -1000 -1000 -10 0.999537
62 14 car -1 -1 -10 331 171 363 189 -1 -1 -1 -1000 -1000 -1000 -10 0.988033
62 15 car -1 -1 -10 356 169 389 186 -1 -1 -1 -1000 -1000 -1000 -10 0.965001
63 3 car -1 -1 -10 580 166 631 224 -1 -1 -1 -1000 -1000 -1000 -10 0.999938
63 11 car -1 -1 -10 65 165 147 201 -1 -1 -1 -1000 -1000 -1000 -10 0.999295
63 12 car -1 -1 -10 0 171 105 218 -1 -1 -1 -1000 -1000 -1000 -10 0.99982
63 14 car -1 -1 -10 325 171 360 190 -1 -1 -1 -1000 -1000 -1000 -10 0.988434
63 15 car -1 -1 -10 352 170 384 187 -1 -1 -1 -1000 -1000 -1000 -10 0.978061
64 3 car -1 -1 -10 580 168 631 225 -1 -1 -1 -1000 -1000 -1000 -10 0.99996
64 11 car -1 -1 -10 40 167 132 202 -1 -1 -1 -1000 -1000 -1000 -10 0.996084
64 12 car -1 -1 -10 0 170 88 222 -1 -1 -1 -1000 -1000 -1000 -10 0.995295
64 14 car -1 -1 -10 321 172 355 192 -1 -1 -1 -1000 -1000 -1000 -10 0.980282
64 16 car -1 -1 -10 350 171 381 189 -1 -1 -1 -1000 -1000 -1000 -10 0.987138
65 3 car -1 -1 -10 580 168 632 225 -1 -1 -1 -1000 -1000 -1000 -10 0.999951
65 11 car -1 -1 -10 25 167 124 204 -1 -1 -1 -1000 -1000 -1000 -10 0.994476
65 13 car -1 -1 -10 0 171 67 224 -1 -1 -1 -1000 -1000 -1000 -10 0.900939
65 14 car -1 -1 -10 315 171 353 192 -1 -1 -1 -1000 -1000 -1000 -10 0.995581
65 17 car -1 -1 -10 345 170 379 189 -1 -1 -1 -1000 -1000 -1000 -10 0.98977
66 3 car -1 -1 -10 581 170 633 226 -1 -1 -1 -1000 -1000 -1000 -10 0.999949
66 11 car -1 -1 -10 12 166 111 206 -1 -1 -1 -1000 -1000 -1000 -10 0.998294
66 13 car -1 -1 -10 0 168 38 220 -1 -1 -1 -1000 -1000 -1000 -10 0.961964
66 14 car -1 -1 -10 311 171 347 193 -1 -1 -1 -1000 -1000 -1000 -10 0.992876
66 16 car -1 -1 -10 342 170 374 189 -1 -1 -1 -1000 -1000 -1000 -10 0.979282
67 3 car -1 -1 -10 581 170 634 226 -1 -1 -1 -1000 -1000 -1000 -10 0.999961
67 11 car -1 -1 -10 0 165 95 207 -1 -1 -1 -1000 -1000 -1000 -10 0.995039
67 14 car -1 -1 -10 303 171 343 193 -1 -1 -1 -1000 -1000 -1000 -10 0.998345
67 17 car -1 -1 -10 338 171 369 190 -1 -1 -1 -1000 -1000 -1000 -10 0.997341
68 3 car -1 -1 -10 581 170 634 226 -1 -1 -1 -1000 -1000 -1000 -10 0.999957
68 12 car -1 -1 -10 0 166 85 210 -1 -1 -1 -1000 -1000 -1000 -10 0.948331
68 14 car -1 -1 -10 299 171 339 194 -1 -1 -1 -1000 -1000 -1000 -10 0.997781
68 16 car -1 -1 -10 333 169 367 189 -1 -1 -1 -1000 -1000 -1000 -10 0.97398
69 3 car -1 -1 -10 582 170 635 226 -1 -1 -1 -1000 -1000 -1000 -10 0.999948
69 12 car -1 -1 -10 0 158 61 211 -1 -1 -1 -1000 -1000 -1000 -10 0.670921
69 14 car -1 -1 -10 292 171 333 194 -1 -1 -1 -1000 -1000 -1000 -10 0.999268
69 17 car -1 -1 -10 328 171 362 190 -1 -1 -1 -1000 -1000 -1000 -10 0.997381
70 3 car -1 -1 -10 581 170 635 227 -1 -1 -1 -1000 -1000 -1000 -10 0.999946
70 12 car -1 -1 -10 0 165 42 206 -1 -1 -1 -1000 -1000 -1000 -10 0.972702
70 14 car -1 -1 -10 288 171 329 195 -1 -1 -1 -1000 -1000 -1000 -10 0.998531
70 17 car -1 -1 -10 324 170 359 191 -1 -1 -1 -1000 -1000 -1000 -10 0.998577
71 3 car -1 -1 -10 581 170 636 227 -1 -1 -1 -1000 -1000 -1000 -10 0.999929
71 12 car -1 -1 -10 0 164 26 205 -1 -1 -1 -1000 -1000 -1000 -10 0.866105
71 14 car -1 -1 -10 280 171 324 194 -1 -1 -1 -1000 -1000 -1000 -10 0.999352
71 16 car -1 -1 -10 320 171 356 190 -1 -1 -1 -1000 -1000 -1000 -10 0.98584
72 3 car -1 -1 -10 581 170 636 226 -1 -1 -1 -1000 -1000 -1000 -10 0.999869
72 14 car -1 -1 -10 276 170 320 196 -1 -1 -1 -1000 -1000 -1000 -10 0.998515
72 17 car -1 -1 -10 314 171 352 191 -1 -1 -1 -1000 -1000 -1000 -10 0.998648
72 18 car -1 -1 -10 350 172 377 188 -1 -1 -1 -1000 -1000 -1000 -10 0.840165
73 3 car -1 -1 -10 581 171 637 226 -1 -1 -1 -1000 -1000 -1000 -10 0.999869
73 14 car -1 -1 -10 268 171 314 196 -1 -1 -1 -1000 -1000 -1000 -10 0.999627
73 17 car -1 -1 -10 313 172 348 192 -1 -1 -1 -1000 -1000 -1000 -10 0.993208
73 18 car -1 -1 -10 346 173 371 188 -1 -1 -1 -1000 -1000 -1000 -10 0.835376
74 3 car -1 -1 -10 581 171 637 226 -1 -1 -1 -1000 -1000 -1000 -10 0.999878
74 14 car -1 -1 -10 261 171 309 197 -1 -1 -1 -1000 -1000 -1000 -10 0.999179
74 17 car -1 -1 -10 303 171 346 191 -1 -1 -1 -1000 -1000 -1000 -10 0.976316
74 18 car -1 -1 -10 343 174 369 189 -1 -1 -1 -1000 -1000 -1000 -10 0.946032
75 3 car -1 -1 -10 582 171 636 226 -1 -1 -1 -1000 -1000 -1000 -10 0.999827
75 14 car -1 -1 -10 254 170 304 198 -1 -1 -1 -1000 -1000 -1000 -10 0.999031
75 17 car -1 -1 -10 298 171 341 193 -1 -1 -1 -1000 -1000 -1000 -10 0.99277
75 18 car -1 -1 -10 338 172 366 188 -1 -1 -1 -1000 -1000 -1000 -10 0.984895
76 3 car -1 -1 -10 583 170 639 227 -1 -1 -1 -1000 -1000 -1000 -10 0.999584
76 14 car -1 -1 -10 247 169 299 199 -1 -1 -1 -1000 -1000 -1000 -10 0.999732
76 17 car -1 -1 -10 291 170 339 192 -1 -1 -1 -1000 -1000 -1000 -10 0.987721
76 18 car -1 -1 -10 333 172 363 188 -1 -1 -1 -1000 -1000 -1000 -10 0.939489
77 3 car -1 -1 -10 583 170 639 227 -1 -1 -1 -1000 -1000 -1000 -10 0.999782
77 17 car -1 -1 -10 289 171 331 194 -1 -1 -1 -1000 -1000 -1000 -10 0.998259
77 19 car -1 -1 -10 239 172 291 199 -1 -1 -1 -1000 -1000 -1000 -10 0.999361
77 20 car -1 -1 -10 332 173 359 189 -1 -1 -1 -1000 -1000 -1000 -10 0.972929
78 3 car -1 -1 -10 583 171 640 227 -1 -1 -1 -1000 -1000 -1000 -10 0.999917
78 17 car -1 -1 -10 280 170 327 194 -1 -1 -1 -1000 -1000 -1000 -10 0.998383
78 18 car -1 -1 -10 328 173 355 189 -1 -1 -1 -1000 -1000 -1000 -10 0.980582
78 19 car -1 -1 -10 233 170 284 201 -1 -1 -1 -1000 -1000 -1000 -10 0.99985
79 3 car -1 -1 -10 583 171 639 227 -1 -1 -1 -1000 -1000 -1000 -10 0.999876
79 19 car -1 -1 -10 223 172 279 200 -1 -1 -1 -1000 -1000 -1000 -10 0.99917
79 20 car -1 -1 -10 321 172 352 191 -1 -1 -1 -1000 -1000 -1000 -10 0.977224
79 21 car -1 -1 -10 276 171 322 196 -1 -1 -1 -1000 -1000 -1000 -10 0.998276
80 3 car -1 -1 -10 584 171 639 227 -1 -1 -1 -1000 -1000 -1000 -10 0.999848
80 18 car -1 -1 -10 317 173 347 192 -1 -1 -1 -1000 -1000 -1000 -10 0.980612
80 19 car -1 -1 -10 213 170 274 202 -1 -1 -1 -1000 -1000 -1000 -10 0.991014
80 21 car -1 -1 -10 270 172 317 197 -1 -1 -1 -1000 -1000 -1000 -10 0.997926
81 3 car -1 -1 -10 584 170 639 228 -1 -1 -1 -1000 -1000 -1000 -10 0.999784
81 19 car -1 -1 -10 205 170 267 202 -1 -1 -1 -1000 -1000 -1000 -10 0.992589
81 20 car -1 -1 -10 312 171 344 192 -1 -1 -1 -1000 -1000 -1000 -10 0.977854
81 22 car -1 -1 -10 265 170 312 198 -1 -1 -1 -1000 -1000 -1000 -10 0.999416
82 3 car -1 -1 -10 584 170 639 228 -1 -1 -1 -1000 -1000 -1000 -10 0.99985
82 19 car -1 -1 -10 192 173 261 204 -1 -1 -1 -1000 -1000 -1000 -10 0.996667
82 20 car -1 -1 -10 305 173 340 192 -1 -1 -1 -1000 -1000 -1000 -10 0.996937
82 22 car -1 -1 -10 257 170 305 198 -1 -1 -1 -1000 -1000 -1000 -10 0.999399
83 3 car -1 -1 -10 583 170 639 228 -1 -1 -1 -1000 -1000 -1000 -10 0.999858
83 18 car -1 -1 -10 299 171 336 193 -1 -1 -1 -1000 -1000 -1000 -10 0.993365
83 19 car -1 -1 -10 182 172 253 205 -1 -1 -1 -1000 -1000 -1000 -10 0.999363
83 23 car -1 -1 -10 253 171 302 198 -1 -1 -1 -1000 -1000 -1000 -10 0.997295
84 3 car -1 -1 -10 584 170 639 228 -1 -1 -1 -1000 -1000 -1000 -10 0.999825
84 19 car -1 -1 -10 171 172 245 205 -1 -1 -1 -1000 -1000 -1000 -10 0.999597
84 20 car -1 -1 -10 294 172 331 193 -1 -1 -1 -1000 -1000 -1000 -10 0.996391
84 23 car -1 -1 -10 245 172 293 198 -1 -1 -1 -1000 -1000 -1000 -10 0.999296
85 3 car -1 -1 -10 584 170 639 227 -1 -1 -1 -1000 -1000 -1000 -10 0.999817
85 19 car -1 -1 -10 159 173 234 205 -1 -1 -1 -1000 -1000 -1000 -10 0.999567
85 20 car -1 -1 -10 291 169 327 192 -1 -1 -1 -1000 -1000 -1000 -10 0.976604
85 23 car -1 -1 -10 235 171 288 199 -1 -1 -1 -1000 -1000 -1000 -10 0.999622
86 3 car -1 -1 -10 583 170 639 227 -1 -1 -1 -1000 -1000 -1000 -10 0.999526
86 19 car -1 -1 -10 147 172 227 206 -1 -1 -1 -1000 -1000 -1000 -10 0.999698
86 21 car -1 -1 -10 280 171 323 193 -1 -1 -1 -1000 -1000 -1000 -10 0.983752
86 23 car -1 -1 -10 224 169 282 199 -1 -1 -1 -1000 -1000 -1000 -10 0.998586
87 3 car -1 -1 -10 582 169 636 224 -1 -1 -1 -1000 -1000 -1000 -10 0.99942
87 19 car -1 -1 -10 133 171 217 206 -1 -1 -1 -1000 -1000 -1000 -10 0.9999
87 22 car -1 -1 -10 277 170 319 194 -1 -1 -1 -1000 -1000 -1000 -10 0.997704
87 23 car -1 -1 -10 214 170 273 199 -1 -1 -1 -1000 -1000 -1000 -10 0.986407
88 3 car -1 -1 -10 582 171 636 225 -1 -1 -1 -1000 -1000 -1000 -10 0.999628
88 19 car -1 -1 -10 120 172 207 207 -1 -1 -1 -1000 -1000 -1000 -10 0.999745
88 22 car -1 -1 -10 269 171 313 194 -1 -1 -1 -1000 -1000 -1000 -10 0.999401
88 23 car -1 -1 -10 206 170 270 201 -1 -1 -1 -1000 -1000 -1000 -10 0.997288
89 3 car -1 -1 -10 582 171 636 225 -1 -1 -1 -1000 -1000 -1000 -10 0.999757
89 22 car -1 -1 -10 262 170 307 196 -1 -1 -1 -1000 -1000 -1000 -10 0.99894
89 23 car -1 -1 -10 198 170 263 202 -1 -1 -1 -1000 -1000 -1000 -10 0.995462
89 24 car -1 -1 -10 106 172 193 209 -1 -1 -1 -1000 -1000 -1000 -10 0.999869
90 3 car -1 -1 -10 581 169 636 224 -1 -1 -1 -1000 -1000 -1000 -10 0.999828
90 22 car -1 -1 -10 254 170 303 196 -1 -1 -1 -1000 -1000 -1000 -10 0.999575
90 23 car -1 -1 -10 191 168 256 201 -1 -1 -1 -1000 -1000 -1000 -10 0.999182
90 24 car -1 -1 -10 91 171 180 210 -1 -1 -1 -1000 -1000 -1000 -10 0.99994
91 3 car -1 -1 -10 581 168 636 224 -1 -1 -1 -1000 -1000 -1000 -10 0.999889
91 22 car -1 -1 -10 246 171 297 196 -1 -1 -1 -1000 -1000 -1000 -10 0.998567
91 23 car -1 -1 -10 181 168 249 201 -1 -1 -1 -1000 -1000 -1000 -10 0.999587
91 24 car -1 -1 -10 75 172 171 210 -1 -1 -1 -1000 -1000 -1000 -10 0.999345
92 3 car -1 -1 -10 581 168 636 225 -1 -1 -1 -1000 -1000 -1000 -10 0.999923
92 22 car -1 -1 -10 239 170 292 197 -1 -1 -1 -1000 -1000 -1000 -10 0.99807
92 23 car -1 -1 -10 169 168 241 202 -1 -1 -1 -1000 -1000 -1000 -10 0.999683
92 24 car -1 -1 -10 56 171 157 213 -1 -1 -1 -1000 -1000 -1000 -10 0.999768
93 3 car -1 -1 -10 580 170 636 227 -1 -1 -1 -1000 -1000 -1000 -10 0.999947
93 19 car -1 -1 -10 155 168 233 204 -1 -1 -1 -1000 -1000 -1000 -10 0.999117
93 22 car -1 -1 -10 231 170 284 198 -1 -1 -1 -1000 -1000 -1000 -10 0.998659
93 24 car -1 -1 -10 39 171 141 215 -1 -1 -1 -1000 -1000 -1000 -10 0.999819
94 3 car -1 -1 -10 580 170 636 227 -1 -1 -1 -1000 -1000 -1000 -10 0.999952
94 22 car -1 -1 -10 222 171 277 199 -1 -1 -1 -1000 -1000 -1000 -10 0.998397
94 23 car -1 -1 -10 139 168 222 205 -1 -1 -1 -1000 -1000 -1000 -10 0.999166
94 24 car -1 -1 -10 19 172 122 217 -1 -1 -1 -1000 -1000 -1000 -10 0.999804
95 3 car -1 -1 -10 579 170 636 227 -1 -1 -1 -1000 -1000 -1000 -10 0.999962
95 23 car -1 -1 -10 126 170 213 206 -1 -1 -1 -1000 -1000 -1000 -10 0.999492
95 24 car -1 -1 -10 0 173 112 218 -1 -1 -1 -1000 -1000 -1000 -10 0.999198
95 25 car -1 -1 -10 215 170 271 199 -1 -1 -1 -1000 -1000 -1000 -10 0.998664
96 3 car -1 -1 -10 578 170 635 227 -1 -1 -1 -1000 -1000 -1000 -10 0.99996
96 23 car -1 -1 -10 115 170 202 206 -1 -1 -1 -1000 -1000 -1000 -10 0.999811
96 24 car -1 -1 -10 0 172 96 220 -1 -1 -1 -1000 -1000 -1000 -10 0.997799
96 26 car -1 -1 -10 205 172 263 200 -1 -1 -1 -1000 -1000 -1000 -10 0.997532
97 3 car -1 -1 -10 578 169 635 228 -1 -1 -1 -1000 -1000 -1000 -10 0.999929
97 23 car -1 -1 -10 100 170 193 207 -1 -1 -1 -1000 -1000 -1000 -10 0.999802
97 24 car -1 -1 -10 0 174 88 222 -1 -1 -1 -1000 -1000 -1000 -10 0.995318
97 26 car -1 -1 -10 199 172 254 200 -1 -1 -1 -1000 -1000 -1000 -10 0.984791
98 3 car -1 -1 -10 577 169 635 227 -1 -1 -1 -1000 -1000 -1000 -10 0.999943
98 23 car -1 -1 -10 86 170 183 209 -1 -1 -1 -1000 -1000 -1000 -10 0.999859
98 24 car -1 -1 -10 0 171 66 228 -1 -1 -1 -1000 -1000 -1000 -10 0.976794
98 26 car -1 -1 -10 191 172 246 200 -1 -1 -1 -1000 -1000 -1000 -10 0.984407
99 3 car -1 -1 -10 577 167 633 226 -1 -1 -1 -1000 -1000 -1000 -10 0.99993
99 19 car -1 -1 -10 175 173 244 203 -1 -1 -1 -1000 -1000 -1000 -10 0.994405
99 23 car -1 -1 -10 70 170 172 209 -1 -1 -1 -1000 -1000 -1000 -10 0.998904
99 24 car -1 -1 -10 0 178 48 224 -1 -1 -1 -1000 -1000 -1000 -10 0.741674
100 3 car -1 -1 -10 575 170 633 227 -1 -1 -1 -1000 -1000 -1000 -10 0.999905
100 19 car -1 -1 -10 165 173 235 205 -1 -1 -1 -1000 -1000 -1000 -10 0.99953
100 23 car -1 -1 -10 54 171 158 211 -1 -1 -1 -1000 -1000 -1000 -10 0.999449
101 3 car -1 -1 -10 574 170 633 228 -1 -1 -1 -1000 -1000 -1000 -10 0.999943
101 19 car -1 -1 -10 155 174 226 206 -1 -1 -1 -1000 -1000 -1000 -10 0.999089
101 23 car -1 -1 -10 38 171 145 214 -1 -1 -1 -1000 -1000 -1000 -10 0.998718
102 3 car -1 -1 -10 573 172 633 228 -1 -1 -1 -1000 -1000 -1000 -10 0.99995
102 19 car -1 -1 -10 160 165 235 196 -1 -1 -1 -1000 -1000 -1000 -10 0.897094
102 23 car -1 -1 -10 21 173 130 217 -1 -1 -1 -1000 -1000 -1000 -10 0.998229
102 26 car -1 -1 -10 143 174 218 208 -1 -1 -1 -1000 -1000 -1000 -10 0.999645
103 3 car -1 -1 -10 572 172 631 230 -1 -1 -1 -1000 -1000 -1000 -10 0.999954
103 19 car -1 -1 -10 150 169 224 197 -1 -1 -1 -1000 -1000 -1000 -10 0.979404
103 23 car -1 -1 -10 0 175 124 220 -1 -1 -1 -1000 -1000 -1000 -10 0.996236
103 26 car -1 -1 -10 130 176 209 210 -1 -1 -1 -1000 -1000 -1000 -10 0.9993
104 3 car -1 -1 -10 572 172 631 231 -1 -1 -1 -1000 -1000 -1000 -10 0.999965
104 19 car -1 -1 -10 139 167 218 197 -1 -1 -1 -1000 -1000 -1000 -10 0.987509
104 23 car -1 -1 -10 0 174 109 223 -1 -1 -1 -1000 -1000 -1000 -10 0.997576
104 26 car -1 -1 -10 117 176 200 211 -1 -1 -1 -1000 -1000 -1000 -10 0.998569
105 3 car -1 -1 -10 572 172 630 232 -1 -1 -1 -1000 -1000 -1000 -10 0.999966
105 19 car -1 -1 -10 133 166 215 199 -1 -1 -1 -1000 -1000 -1000 -10 0.984465
105 23 car -1 -1 -10 0 174 93 225 -1 -1 -1 -1000 -1000 -1000 -10 0.996091
105 26 car -1 -1 -10 105 176 191 211 -1 -1 -1 -1000 -1000 -1000 -10 0.999285
106 3 car -1 -1 -10 571 171 630 231 -1 -1 -1 -1000 -1000 -1000 -10 0.999957
106 19 car -1 -1 -10 126 167 202 197 -1 -1 -1 -1000 -1000 -1000 -10 0.976688
106 23 car -1 -1 -10 0 172 84 225 -1 -1 -1 -1000 -1000 -1000 -10 0.967832
106 26 car -1 -1 -10 93 175 178 211 -1 -1 -1 -1000 -1000 -1000 -10 0.999527
107 3 car -1 -1 -10 571 172 627 230 -1 -1 -1 -1000 -1000 -1000 -10 0.999961
107 19 car -1 -1 -10 107 165 189 195 -1 -1 -1 -1000 -1000 -1000 -10 0.981906
107 24 car -1 -1 -10 0 170 58 226 -1 -1 -1 -1000 -1000 -1000 -10 0.920413
107 26 car -1 -1 -10 80 174 167 212 -1 -1 -1 -1000 -1000 -1000 -10 0.999815
107 27 car -1 -1 -10 219 168 259 190 -1 -1 -1 -1000 -1000 -1000 -10 0.324779
108 3 car -1 -1 -10 570 171 625 232 -1 -1 -1 -1000 -1000 -1000 -10 0.99997
108 19 car -1 -1 -10 104 166 183 196 -1 -1 -1 -1000 -1000 -1000 -10 0.996218
108 24 car -1 -1 -10 0 168 45 227 -1 -1 -1 -1000 -1000 -1000 -10 0.541406
108 26 car -1 -1 -10 66 174 156 214 -1 -1 -1 -1000 -1000 -1000 -10 0.999575
108 27 car -1 -1 -10 209 165 265 192 -1 -1 -1 -1000 -1000 -1000 -10 0.426995
109 3 car -1 -1 -10 567 172 625 232 -1 -1 -1 -1000 -1000 -1000 -10 0.999967
109 19 car -1 -1 -10 93 165 173 197 -1 -1 -1 -1000 -1000 -1000 -10 0.995869
109 26 car -1 -1 -10 51 174 141 216 -1 -1 -1 -1000 -1000 -1000 -10 0.999694
109 27 car -1 -1 -10 201 169 254 189 -1 -1 -1 -1000 -1000 -1000 -10 0.789763
110 3 car -1 -1 -10 566 173 624 232 -1 -1 -1 -1000 -1000 -1000 -10 0.999906
110 19 car -1 -1 -10 82 165 164 197 -1 -1 -1 -1000 -1000 -1000 -10 0.998841
110 26 car -1 -1 -10 33 174 130 216 -1 -1 -1 -1000 -1000 -1000 -10 0.999581
110 27 car -1 -1 -10 189 170 249 191 -1 -1 -1 -1000 -1000 -1000 -10 0.815162
111 3 car -1 -1 -10 563 172 622 232 -1 -1 -1 -1000 -1000 -1000 -10 0.9999
111 19 car -1 -1 -10 70 164 155 196 -1 -1 -1 -1000 -1000 -1000 -10 0.998778
111 23 car -1 -1 -10 15 173 114 217 -1 -1 -1 -1000 -1000 -1000 -10 0.999587
111 27 car -1 -1 -10 183 169 240 190 -1 -1 -1 -1000 -1000 -1000 -10 0.876269
112 3 car -1 -1 -10 562 172 620 232 -1 -1 -1 -1000 -1000 -1000 -10 0.999907
112 19 car -1 -1 -10 57 164 146 197 -1 -1 -1 -1000 -1000 -1000 -10 0.998218
112 23 car -1 -1 -10 0 171 101 218 -1 -1 -1 -1000 -1000 -1000 -10 0.998844
112 27 car -1 -1 -10 181 170 233 190 -1 -1 -1 -1000 -1000 -1000 -10 0.980645
113 3 car -1 -1 -10 559 172 618 233 -1 -1 -1 -1000 -1000 -1000 -10 0.999929
113 23 car -1 -1 -10 0 172 87 219 -1 -1 -1 -1000 -1000 -1000 -10 0.992024
113 26 car -1 -1 -10 37 164 136 198 -1 -1 -1 -1000 -1000 -1000 -10 0.965468
113 27 car -1 -1 -10 171 169 228 190 -1 -1 -1 -1000 -1000 -1000 -10 0.873158
114 3 car -1 -1 -10 559 172 615 234 -1 -1 -1 -1000 -1000 -1000 -10 0.99997
114 23 car -1 -1 -10 0 165 115 215 -1 -1 -1 -1000 -1000 -1000 -10 0.353057
114 26 car -1 -1 -10 31 164 130 198 -1 -1 -1 -1000 -1000 -1000 -10 0.814581
114 27 car -1 -1 -10 159 168 222 191 -1 -1 -1 -1000 -1000 -1000 -10 0.903693
115 3 car -1 -1 -10 558 172 614 234 -1 -1 -1 -1000 -1000 -1000 -10 0.999979
115 24 car -1 -1 -10 0 172 61 221 -1 -1 -1 -1000 -1000 -1000 -10 0.829383
115 26 car -1 -1 -10 8 163 114 198 -1 -1 -1 -1000 -1000 -1000 -10 0.978931
115 27 car -1 -1 -10 155 169 217 191 -1 -1 -1 -1000 -1000 -1000 -10 0.867302
116 3 car -1 -1 -10 556 172 614 235 -1 -1 -1 -1000 -1000 -1000 -10 0.999971
116 26 car -1 -1 -10 0 162 97 205 -1 -1 -1 -1000 -1000 -1000 -10 0.959562
116 27 car -1 -1 -10 145 169 208 192 -1 -1 -1 -1000 -1000 -1000 -10 0.772085
117 3 car -1 -1 -10 553 172 613 234 -1 -1 -1 -1000 -1000 -1000 -10 0.999944
117 27 car -1 -1 -10 136 168 201 194 -1 -1 -1 -1000 -1000 -1000 -10 0.327088
118 3 car -1 -1 -10 552 172 611 234 -1 -1 -1 -1000 -1000 -1000 -10 0.999933
119 3 car -1 -1 -10 551 172 611 233 -1 -1 -1 -1000 -1000 -1000 -10 0.999958
119 27 car -1 -1 -10 121 170 187 194 -1 -1 -1 -1000 -1000 -1000 -10 0.313078
120 3 car -1 -1 -10 551 172 611 233 -1 -1 -1 -1000 -1000 -1000 -10 0.999958
120 27 car -1 -1 -10 114 168 180 194 -1 -1 -1 -1000 -1000 -1000 -10 0.450266
121 3 car -1 -1 -10 551 171 611 233 -1 -1 -1 -1000 -1000 -1000 -10 0.999973
121 27 car -1 -1 -10 102 168 174 194 -1 -1 -1 -1000 -1000 -1000 -10 0.547737
122 3 car -1 -1 -10 552 172 613 232 -1 -1 -1 -1000 -1000 -1000 -10 0.99998
122 27 car -1 -1 -10 101 167 172 194 -1 -1 -1 -1000 -1000 -1000 -10 0.629957
123 3 car -1 -1 -10 553 172 614 232 -1 -1 -1 -1000 -1000 -1000 -10 0.999973
123 27 car -1 -1 -10 93 167 163 195 -1 -1 -1 -1000 -1000 -1000 -10 0.48843
124 3 car -1 -1 -10 555 172 614 233 -1 -1 -1 -1000 -1000 -1000 -10 0.999983
124 27 car -1 -1 -10 90 168 161 196 -1 -1 -1 -1000 -1000 -1000 -10 0.489546
125 3 car -1 -1 -10 557 172 614 234 -1 -1 -1 -1000 -1000 -1000 -10 0.999983
125 27 car -1 -1 -10 83 169 152 197 -1 -1 -1 -1000 -1000 -1000 -10 0.834779
126 3 car -1 -1 -10 559 172 614 235 -1 -1 -1 -1000 -1000 -1000 -10 0.999992
126 27 car -1 -1 -10 78 169 148 199 -1 -1 -1 -1000 -1000 -1000 -10 0.656704
127 3 car -1 -1 -10 560 173 614 236 -1 -1 -1 -1000 -1000 -1000 -10 0.999987
127 27 car -1 -1 -10 71 170 139 199 -1 -1 -1 -1000 -1000 -1000 -10 0.765895
128 3 car -1 -1 -10 559 173 614 237 -1 -1 -1 -1000 -1000 -1000 -10 0.999985
128 27 car -1 -1 -10 62 169 130 200 -1 -1 -1 -1000 -1000 -1000 -10 0.774637
129 3 car -1 -1 -10 559 173 614 238 -1 -1 -1 -1000 -1000 -1000 -10 0.999986
129 27 car -1 -1 -10 56 170 126 201 -1 -1 -1 -1000 -1000 -1000 -10 0.616951
130 3 car -1 -1 -10 559 173 614 237 -1 -1 -1 -1000 -1000 -1000 -10 0.999984
130 27 car -1 -1 -10 43 170 118 200 -1 -1 -1 -1000 -1000 -1000 -10 0.382413
131 3 car -1 -1 -10 559 173 615 237 -1 -1 -1 -1000 -1000 -1000 -10 0.999987
131 27 car -1 -1 -10 33 169 108 200 -1 -1 -1 -1000 -1000 -1000 -10 0.865224
132 3 car -1 -1 -10 558 173 615 237 -1 -1 -1 -1000 -1000 -1000 -10 0.999989
133 3 car -1 -1 -10 558 173 615 237 -1 -1 -1 -1000 -1000 -1000 -10 0.999989
133 27 car -1 -1 -10 0 169 88 202 -1 -1 -1 -1000 -1000 -1000 -10 0.718682
134 3 car -1 -1 -10 558 173 614 237 -1 -1 -1 -1000 -1000 -1000 -10 0.999987
134 27 car -1 -1 -10 0 170 76 202 -1 -1 -1 -1000 -1000 -1000 -10 0.573418
135 3 car -1 -1 -10 558 173 614 238 -1 -1 -1 -1000 -1000 -1000 -10 0.999991
135 27 car -1 -1 -10 0 175 69 203 -1 -1 -1 -1000 -1000 -1000 -10 0.344529
136 3 car -1 -1 -10 557 173 613 237 -1 -1 -1 -1000 -1000 -1000 -10 0.999992
137 3 car -1 -1 -10 556 173 614 237 -1 -1 -1 -1000 -1000 -1000 -10 0.999995
138 3 car -1 -1 -10 556 173 613 237 -1 -1 -1 -1000 -1000 -1000 -10 0.999996
139 3 car -1 -1 -10 555 173 613 236 -1 -1 -1 -1000 -1000 -1000 -10 0.999991
140 3 car -1 -1 -10 554 173 612 236 -1 -1 -1 -1000 -1000 -1000 -10 0.999986
141 3 car -1 -1 -10 553 173 612 237 -1 -1 -1 -1000 -1000 -1000 -10 0.999986
142 3 car -1 -1 -10 552 173 611 237 -1 -1 -1 -1000 -1000 -1000 -10 0.999984
142 28 car -1 -1 -10 313 176 346 196 -1 -1 -1 -1000 -1000 -1000 -10 0.33343
143 3 car -1 -1 -10 552 173 610 237 -1 -1 -1 -1000 -1000 -1000 -10 0.99998
143 28 car -1 -1 -10 307 176 342 196 -1 -1 -1 -1000 -1000 -1000 -10 0.711914
144 3 car -1 -1 -10 552 173 609 236 -1 -1 -1 -1000 -1000 -1000 -10 0.999974
144 28 car -1 -1 -10 304 176 341 196 -1 -1 -1 -1000 -1000 -1000 -10 0.874247
144 29 car -1 -1 -10 516 158 543 194 -1 -1 -1 -1000 -1000 -1000 -10 0.91629
145 3 car -1 -1 -10 551 173 610 236 -1 -1 -1 -1000 -1000 -1000 -10 0.999972
145 28 car -1 -1 -10 300 175 340 197 -1 -1 -1 -1000 -1000 -1000 -10 0.904993
145 29 car -1 -1 -10 515 157 541 194 -1 -1 -1 -1000 -1000 -1000 -10 0.966523
146 3 car -1 -1 -10 550 173 609 235 -1 -1 -1 -1000 -1000 -1000 -10 0.99997
146 28 car -1 -1 -10 298 175 334 196 -1 -1 -1 -1000 -1000 -1000 -10 0.931278
146 29 car -1 -1 -10 513 156 541 195 -1 -1 -1 -1000 -1000 -1000 -10 0.986249
147 3 car -1 -1 -10 549 173 606 235 -1 -1 -1 -1000 -1000 -1000 -10 0.999974
147 28 car -1 -1 -10 293 175 331 197 -1 -1 -1 -1000 -1000 -1000 -10 0.981943
147 29 car -1 -1 -10 512 156 540 195 -1 -1 -1 -1000 -1000 -1000 -10 0.971368
148 3 car -1 -1 -10 550 173 605 236 -1 -1 -1 -1000 -1000 -1000 -10 0.999982
148 28 car -1 -1 -10 290 176 328 197 -1 -1 -1 -1000 -1000 -1000 -10 0.846401
148 29 car -1 -1 -10 510 156 539 200 -1 -1 -1 -1000 -1000 -1000 -10 0.975
148 30 car -1 -1 -10 827 181 886 204 -1 -1 -1 -1000 -1000 -1000 -10 0.484355
149 3 car -1 -1 -10 549 173 604 236 -1 -1 -1 -1000 -1000 -1000 -10 0.999986
149 28 car -1 -1 -10 285 178 325 198 -1 -1 -1 -1000 -1000 -1000 -10 0.906934
149 29 car -1 -1 -10 509 156 538 201 -1 -1 -1 -1000 -1000 -1000 -10 0.994704
149 30 car -1 -1 -10 832 181 892 205 -1 -1 -1 -1000 -1000 -1000 -10 0.678344
150 3 car -1 -1 -10 548 173 604 235 -1 -1 -1 -1000 -1000 -1000 -10 0.99998
150 28 car -1 -1 -10 280 178 323 197 -1 -1 -1 -1000 -1000 -1000 -10 0.958248
150 29 car -1 -1 -10 506 155 538 202 -1 -1 -1 -1000 -1000 -1000 -10 0.998564
150 30 car -1 -1 -10 835 181 894 206 -1 -1 -1 -1000 -1000 -1000 -10 0.906412
151 3 car -1 -1 -10 549 174 603 235 -1 -1 -1 -1000 -1000 -1000 -10 0.999978
151 28 car -1 -1 -10 278 177 322 198 -1 -1 -1 -1000 -1000 -1000 -10 0.974959
151 29 car -1 -1 -10 505 155 539 202 -1 -1 -1 -1000 -1000 -1000 -10 0.998967
151 30 car -1 -1 -10 841 179 907 209 -1 -1 -1 -1000 -1000 -1000 -10 0.871433
152 3 car -1 -1 -10 549 174 603 235 -1 -1 -1 -1000 -1000 -1000 -10 0.999975
152 28 car -1 -1 -10 276 177 315 198 -1 -1 -1 -1000 -1000 -1000 -10 0.831024
152 29 car -1 -1 -10 501 154 539 204 -1 -1 -1 -1000 -1000 -1000 -10 0.997903
152 30 car -1 -1 -10 843 180 914 208 -1 -1 -1 -1000 -1000 -1000 -10 0.954168
153 3 car -1 -1 -10 550 175 605 234 -1 -1 -1 -1000 -1000 -1000 -10 0.999968
153 28 car -1 -1 -10 273 177 314 199 -1 -1 -1 -1000 -1000 -1000 -10 0.890816
153 29 car -1 -1 -10 499 153 537 205 -1 -1 -1 -1000 -1000 -1000 -10 0.949245
153 30 car -1 -1 -10 850 180 921 209 -1 -1 -1 -1000 -1000 -1000 -10 0.96656
154 3 car -1 -1 -10 552 175 607 235 -1 -1 -1 -1000 -1000 -1000 -10 0.999926
154 28 car -1 -1 -10 269 177 315 200 -1 -1 -1 -1000 -1000 -1000 -10 0.993874
154 29 car -1 -1 -10 491 153 538 206 -1 -1 -1 -1000 -1000 -1000 -10 0.996264
154 30 car -1 -1 -10 853 181 923 210 -1 -1 -1 -1000 -1000 -1000 -10 0.950679
155 3 car -1 -1 -10 553 174 607 235 -1 -1 -1 -1000 -1000 -1000 -10 0.999968
155 28 car -1 -1 -10 269 177 308 200 -1 -1 -1 -1000 -1000 -1000 -10 0.990149
155 29 car -1 -1 -10 487 150 538 209 -1 -1 -1 -1000 -1000 -1000 -10 0.998947
155 30 car -1 -1 -10 859 182 932 209 -1 -1 -1 -1000 -1000 -1000 -10 0.954841
156 3 car -1 -1 -10 553 175 608 234 -1 -1 -1 -1000 -1000 -1000 -10 0.999963
156 28 car -1 -1 -10 267 177 302 201 -1 -1 -1 -1000 -1000 -1000 -10 0.942742
156 29 car -1 -1 -10 483 149 536 212 -1 -1 -1 -1000 -1000 -1000 -10 0.998593
156 30 car -1 -1 -10 866 182 942 209 -1 -1 -1 -1000 -1000 -1000 -10 0.964026
157 3 car -1 -1 -10 553 175 609 233 -1 -1 -1 -1000 -1000 -1000 -10 0.999961
157 28 car -1 -1 -10 264 176 303 201 -1 -1 -1 -1000 -1000 -1000 -10 0.96339
157 29 car -1 -1 -10 478 149 536 213 -1 -1 -1 -1000 -1000 -1000 -10 0.998698
157 30 car -1 -1 -10 870 183 945 209 -1 -1 -1 -1000 -1000 -1000 -10 0.980749
158 3 car -1 -1 -10 553 175 610 232 -1 -1 -1 -1000 -1000 -1000 -10 0.999861
158 28 car -1 -1 -10 257 177 300 201 -1 -1 -1 -1000 -1000 -1000 -10 0.995516
158 29 car -1 -1 -10 466 144 533 217 -1 -1 -1 -1000 -1000 -1000 -10 0.999424
158 30 car -1 -1 -10 877 183 952 208 -1 -1 -1 -1000 -1000 -1000 -10 0.893077
159 3 car -1 -1 -10 554 175 611 232 -1 -1 -1 -1000 -1000 -1000 -10 0.999912
159 28 car -1 -1 -10 255 177 301 201 -1 -1 -1 -1000 -1000 -1000 -10 0.990687
159 29 car -1 -1 -10 456 140 527 222 -1 -1 -1 -1000 -1000 -1000 -10 0.998407
159 30 car -1 -1 -10 880 188 955 210 -1 -1 -1 -1000 -1000 -1000 -10 0.88242
160 3 car -1 -1 -10 556 175 612 232 -1 -1 -1 -1000 -1000 -1000 -10 0.999833
160 28 car -1 -1 -10 247 178 299 201 -1 -1 -1 -1000 -1000 -1000 -10 0.993528
160 29 car -1 -1 -10 444 140 530 226 -1 -1 -1 -1000 -1000 -1000 -10 0.983718
160 30 car -1 -1 -10 887 187 961 211 -1 -1 -1 -1000 -1000 -1000 -10 0.925228
161 3 car -1 -1 -10 558 175 612 232 -1 -1 -1 -1000 -1000 -1000 -10 0.999893
161 28 car -1 -1 -10 244 177 296 203 -1 -1 -1 -1000 -1000 -1000 -10 0.994209
161 29 car -1 -1 -10 427 135 528 231 -1 -1 -1 -1000 -1000 -1000 -10 0.873047
161 30 car -1 -1 -10 891 190 971 212 -1 -1 -1 -1000 -1000 -1000 -10 0.975615
162 3 car -1 -1 -10 558 176 611 233 -1 -1 -1 -1000 -1000 -1000 -10 0.999926
162 28 car -1 -1 -10 238 179 291 204 -1 -1 -1 -1000 -1000 -1000 -10 0.98128
162 29 car -1 -1 -10 404 121 520 245 -1 -1 -1 -1000 -1000 -1000 -10 0.977752
162 30 car -1 -1 -10 898 189 981 213 -1 -1 -1 -1000 -1000 -1000 -10 0.997626
163 3 car -1 -1 -10 558 176 612 232 -1 -1 -1 -1000 -1000 -1000 -10 0.999874
163 28 car -1 -1 -10 233 180 287 204 -1 -1 -1 -1000 -1000 -1000 -10 0.995266
163 29 car -1 -1 -10 379 115 511 254 -1 -1 -1 -1000 -1000 -1000 -10 0.993482
163 30 car -1 -1 -10 906 190 988 214 -1 -1 -1 -1000 -1000 -1000 -10 0.998872
164 3 car -1 -1 -10 558 177 612 232 -1 -1 -1 -1000 -1000 -1000 -10 0.999884
164 28 car -1 -1 -10 223 181 283 205 -1 -1 -1 -1000 -1000 -1000 -10 0.987666
164 29 car -1 -1 -10 343 111 504 271 -1 -1 -1 -1000 -1000 -1000 -10 0.999626
164 30 car -1 -1 -10 912 191 991 216 -1 -1 -1 -1000 -1000 -1000 -10 0.997374
165 3 car -1 -1 -10 559 178 612 233 -1 -1 -1 -1000 -1000 -1000 -10 0.999943
165 28 car -1 -1 -10 221 183 275 207 -1 -1 -1 -1000 -1000 -1000 -10 0.966099
165 29 car -1 -1 -10 282 96 493 293 -1 -1 -1 -1000 -1000 -1000 -10 0.999699
165 30 car -1 -1 -10 923 193 1003 216 -1 -1 -1 -1000 -1000 -1000 -10 0.988244
166 3 car -1 -1 -10 560 179 612 232 -1 -1 -1 -1000 -1000 -1000 -10 0.999945
166 28 car -1 -1 -10 214 183 267 206 -1 -1 -1 -1000 -1000 -1000 -10 0.892701
166 29 car -1 -1 -10 187 76 474 323 -1 -1 -1 -1000 -1000 -1000 -10 0.994021
166 30 car -1 -1 -10 930 193 1012 218 -1 -1 -1 -1000 -1000 -1000 -10 0.99707
167 3 car -1 -1 -10 560 179 611 232 -1 -1 -1 -1000 -1000 -1000 -10 0.999956
167 30 car -1 -1 -10 938 193 1021 218 -1 -1 -1 -1000 -1000 -1000 -10 0.997373
167 31 car -1 -1 -10 0 0 476 375 -1 -1 -1 -1000 -1000 -1000 -10 0.998698
167 32 car -1 -1 -10 1019 190 1088 221 -1 -1 -1 -1000 -1000 -1000 -10 0.823692
168 3 car -1 -1 -10 561 179 612 232 -1 -1 -1 -1000 -1000 -1000 -10 0.999964
168 30 car -1 -1 -10 950 194 1029 220 -1 -1 -1 -1000 -1000 -1000 -10 0.996365
168 31 car -1 -1 -10 0 0 430 375 -1 -1 -1 -1000 -1000 -1000 -10 0.999907
168 32 car -1 -1 -10 1030 191 1097 223 -1 -1 -1 -1000 -1000 -1000 -10 0.945691
168 33 car -1 -1 -10 193 180 264 209 -1 -1 -1 -1000 -1000 -1000 -10 0.760145
169 3 car -1 -1 -10 562 179 612 231 -1 -1 -1 -1000 -1000 -1000 -10 0.999949
169 30 car -1 -1 -10 955 195 1047 222 -1 -1 -1 -1000 -1000 -1000 -10 0.968081
169 31 car -1 -1 -10 0 0 399 375 -1 -1 -1 -1000 -1000 -1000 -10 0.999505
169 32 car -1 -1 -10 1040 193 1112 226 -1 -1 -1 -1000 -1000 -1000 -10 0.941498
169 33 car -1 -1 -10 184 180 254 213 -1 -1 -1 -1000 -1000 -1000 -10 0.669262
170 3 car -1 -1 -10 562 179 612 231 -1 -1 -1 -1000 -1000 -1000 -10 0.999965
170 28 car -1 -1 -10 185 181 248 211 -1 -1 -1 -1000 -1000 -1000 -10 0.983755
170 30 car -1 -1 -10 965 195 1054 223 -1 -1 -1 -1000 -1000 -1000 -10 0.986545
170 31 car -1 -1 -10 0 0 311 375 -1 -1 -1 -1000 -1000 -1000 -10 0.994771
170 32 car -1 -1 -10 1049 194 1125 226 -1 -1 -1 -1000 -1000 -1000 -10 0.987112
170 34 car -1 -1 -10 288 181 329 205 -1 -1 -1 -1000 -1000 -1000 -10 0.922348
170 35 car -1 -1 -10 245 179 295 208 -1 -1 -1 -1000 -1000 -1000 -10 0.760786
171 3 car -1 -1 -10 562 180 614 230 -1 -1 -1 -1000 -1000 -1000 -10 0.999971
171 28 car -1 -1 -10 176 182 241 211 -1 -1 -1 -1000 -1000 -1000 -10 0.902485
171 30 car -1 -1 -10 976 195 1066 223 -1 -1 -1 -1000 -1000 -1000 -10 0.995475
171 32 car -1 -1 -10 1066 193 1145 227 -1 -1 -1 -1000 -1000 -1000 -10 0.952498
171 34 car -1 -1 -10 282 181 326 203 -1 -1 -1 -1000 -1000 -1000 -10 0.971364
171 35 car -1 -1 -10 243 180 292 204 -1 -1 -1 -1000 -1000 -1000 -10 0.80429
172 3 car -1 -1 -10 564 178 617 229 -1 -1 -1 -1000 -1000 -1000 -10 0.999926
172 28 car -1 -1 -10 164 182 236 211 -1 -1 -1 -1000 -1000 -1000 -10 0.98829
172 30 car -1 -1 -10 987 195 1078 224 -1 -1 -1 -1000 -1000 -1000 -10 0.998635
172 32 car -1 -1 -10 1077 195 1152 228 -1 -1 -1 -1000 -1000 -1000 -10 0.843071
172 34 car -1 -1 -10 278 180 323 204 -1 -1 -1 -1000 -1000 -1000 -10 0.989868
172 35 car -1 -1 -10 231 179 285 206 -1 -1 -1 -1000 -1000 -1000 -10 0.931688
173 3 car -1 -1 -10 565 177 617 229 -1 -1 -1 -1000 -1000 -1000 -10 0.999893
173 28 car -1 -1 -10 152 181 226 211 -1 -1 -1 -1000 -1000 -1000 -10 0.99662
173 30 car -1 -1 -10 997 195 1093 226 -1 -1 -1 -1000 -1000 -1000 -10 0.999051
173 34 car -1 -1 -10 274 180 317 204 -1 -1 -1 -1000 -1000 -1000 -10 0.995546
173 35 car -1 -1 -10 222 177 278 207 -1 -1 -1 -1000 -1000 -1000 -10 0.958579
173 36 car -1 -1 -10 1086 196 1170 229 -1 -1 -1 -1000 -1000 -1000 -10 0.973878
173 37 car -1 -1 -10 310 177 350 202 -1 -1 -1 -1000 -1000 -1000 -10 0.520712
174 3 car -1 -1 -10 565 177 617 229 -1 -1 -1 -1000 -1000 -1000 -10 0.999821
174 28 car -1 -1 -10 140 181 218 212 -1 -1 -1 -1000 -1000 -1000 -10 0.996511
174 30 car -1 -1 -10 1003 194 1107 228 -1 -1 -1 -1000 -1000 -1000 -10 0.998138
174 34 car -1 -1 -10 268 181 311 204 -1 -1 -1 -1000 -1000 -1000 -10 0.98683
174 35 car -1 -1 -10 209 179 276 208 -1 -1 -1 -1000 -1000 -1000 -10 0.943224
174 36 car -1 -1 -10 1100 195 1188 230 -1 -1 -1 -1000 -1000 -1000 -10 0.982047
174 38 car -1 -1 -10 527 180 552 203 -1 -1 -1 -1000 -1000 -1000 -10 0.993943
175 3 car -1 -1 -10 565 177 618 229 -1 -1 -1 -1000 -1000 -1000 -10 0.999782
175 28 car -1 -1 -10 126 182 210 215 -1 -1 -1 -1000 -1000 -1000 -10 0.986735
175 30 car -1 -1 -10 1022 197 1121 231 -1 -1 -1 -1000 -1000 -1000 -10 0.996967
175 35 car -1 -1 -10 206 177 271 209 -1 -1 -1 -1000 -1000 -1000 -10 0.969899
175 36 car -1 -1 -10 1116 197 1204 232 -1 -1 -1 -1000 -1000 -1000 -10 0.994396
175 38 car -1 -1 -10 523 180 550 205 -1 -1 -1 -1000 -1000 -1000 -10 0.996198
176 3 car -1 -1 -10 567 178 619 228 -1 -1 -1 -1000 -1000 -1000 -10 0.99963
176 28 car -1 -1 -10 113 181 201 217 -1 -1 -1 -1000 -1000 -1000 -10 0.967721
176 30 car -1 -1 -10 1032 197 1136 231 -1 -1 -1 -1000 -1000 -1000 -10 0.998986
176 34 car -1 -1 -10 257 183 301 207 -1 -1 -1 -1000 -1000 -1000 -10 0.802101
176 35 car -1 -1 -10 195 178 266 209 -1 -1 -1 -1000 -1000 -1000 -10 0.997971
176 36 car -1 -1 -10 1133 198 1220 232 -1 -1 -1 -1000 -1000 -1000 -10 0.998695
176 38 car -1 -1 -10 520 181 546 205 -1 -1 -1 -1000 -1000 -1000 -10 0.997898
177 3 car -1 -1 -10 567 179 620 228 -1 -1 -1 -1000 -1000 -1000 -10 0.999796
177 28 car -1 -1 -10 99 181 188 218 -1 -1 -1 -1000 -1000 -1000 -10 0.983255
177 30 car -1 -1 -10 1045 196 1149 235 -1 -1 -1 -1000 -1000 -1000 -10 0.998809
177 35 car -1 -1 -10 189 179 263 209 -1 -1 -1 -1000 -1000 -1000 -10 0.995824
177 38 car -1 -1 -10 517 181 544 208 -1 -1 -1 -1000 -1000 -1000 -10 0.999227
177 39 car -1 -1 -10 1150 197 1242 235 -1 -1 -1 -1000 -1000 -1000 -10 0.997782
178 3 car -1 -1 -10 568 179 620 228 -1 -1 -1 -1000 -1000 -1000 -10 0.99962
178 28 car -1 -1 -10 88 181 177 219 -1 -1 -1 -1000 -1000 -1000 -10 0.943778
178 30 car -1 -1 -10 1062 195 1171 238 -1 -1 -1 -1000 -1000 -1000 -10 0.997146
178 34 car -1 -1 -10 291 182 331 204 -1 -1 -1 -1000 -1000 -1000 -10 0.303825
178 35 car -1 -1 -10 244 180 291 209 -1 -1 -1 -1000 -1000 -1000 -10 0.982776
178 38 car -1 -1 -10 511 181 543 210 -1 -1 -1 -1000 -1000 -1000 -10 0.996714
178 39 car -1 -1 -10 1166 193 1242 237 -1 -1 -1 -1000 -1000 -1000 -10 0.934867
178 40 car -1 -1 -10 174 177 245 209 -1 -1 -1 -1000 -1000 -1000 -10 0.939867
179 3 car -1 -1 -10 569 178 620 228 -1 -1 -1 -1000 -1000 -1000 -10 0.999443
179 28 car -1 -1 -10 66 181 164 218 -1 -1 -1 -1000 -1000 -1000 -10 0.979969
179 30 car -1 -1 -10 1077 200 1190 239 -1 -1 -1 -1000 -1000 -1000 -10 0.982085
179 38 car -1 -1 -10 506 180 539 211 -1 -1 -1 -1000 -1000 -1000 -10 0.999466
179 39 car -1 -1 -10 1183 195 1242 237 -1 -1 -1 -1000 -1000 -1000 -10 0.940469
179 40 car -1 -1 -10 158 176 235 212 -1 -1 -1 -1000 -1000 -1000 -10 0.976825
179 41 car -1 -1 -10 234 179 282 208 -1 -1 -1 -1000 -1000 -1000 -10 0.975865
180 3 car -1 -1 -10 570 176 620 226 -1 -1 -1 -1000 -1000 -1000 -10 0.999817
180 28 car -1 -1 -10 47 178 146 214 -1 -1 -1 -1000 -1000 -1000 -10 0.95808
180 34 car -1 -1 -10 275 179 324 203 -1 -1 -1 -1000 -1000 -1000 -10 0.778347
180 35 car -1 -1 -10 225 178 279 205 -1 -1 -1 -1000 -1000 -1000 -10 0.982153
180 36 car -1 -1 -10 1090 198 1215 241 -1 -1 -1 -1000 -1000 -1000 -10 0.972846
180 38 car -1 -1 -10 498 177 537 213 -1 -1 -1 -1000 -1000 -1000 -10 0.999537
180 39 car -1 -1 -10 1203 191 1242 236 -1 -1 -1 -1000 -1000 -1000 -10 0.3596
180 40 car -1 -1 -10 147 176 227 211 -1 -1 -1 -1000 -1000 -1000 -10 0.999688
181 3 car -1 -1 -10 571 175 621 225 -1 -1 -1 -1000 -1000 -1000 -10 0.999806
181 28 car -1 -1 -10 21 174 139 218 -1 -1 -1 -1000 -1000 -1000 -10 0.898167
181 34 car -1 -1 -10 270 180 319 202 -1 -1 -1 -1000 -1000 -1000 -10 0.355848
181 36 car -1 -1 -10 1106 195 1242 241 -1 -1 -1 -1000 -1000 -1000 -10 0.917851
181 38 car -1 -1 -10 492 177 531 215 -1 -1 -1 -1000 -1000 -1000 -10 0.999828
181 40 car -1 -1 -10 136 174 218 212 -1 -1 -1 -1000 -1000 -1000 -10 0.999898
181 42 car -1 -1 -10 210 176 276 207 -1 -1 -1 -1000 -1000 -1000 -10 0.926887
182 3 car -1 -1 -10 573 175 622 225 -1 -1 -1 -1000 -1000 -1000 -10 0.999626
182 28 car -1 -1 -10 0 175 120 221 -1 -1 -1 -1000 -1000 -1000 -10 0.677693
182 34 car -1 -1 -10 259 180 313 204 -1 -1 -1 -1000 -1000 -1000 -10 0.978983
182 35 car -1 -1 -10 203 178 270 208 -1 -1 -1 -1000 -1000 -1000 -10 0.990848
182 36 car -1 -1 -10 1131 197 1242 240 -1 -1 -1 -1000 -1000 -1000 -10 0.978396
182 38 car -1 -1 -10 537 177 562 199 -1 -1 -1 -1000 -1000 -1000 -10 0.998266
182 40 car -1 -1 -10 119 174 208 214 -1 -1 -1 -1000 -1000 -1000 -10 0.999884
182 43 car -1 -1 -10 483 177 531 219 -1 -1 -1 -1000 -1000 -1000 -10 0.998429
183 3 car -1 -1 -10 573 175 622 226 -1 -1 -1 -1000 -1000 -1000 -10 0.999518
183 28 car -1 -1 -10 0 181 106 225 -1 -1 -1 -1000 -1000 -1000 -10 0.957807
183 35 car -1 -1 -10 193 180 260 209 -1 -1 -1 -1000 -1000 -1000 -10 0.987889
183 36 car -1 -1 -10 1151 198 1242 242 -1 -1 -1 -1000 -1000 -1000 -10 0.975973
183 38 car -1 -1 -10 535 179 562 200 -1 -1 -1 -1000 -1000 -1000 -10 0.997734
183 40 car -1 -1 -10 106 175 199 216 -1 -1 -1 -1000 -1000 -1000 -10 0.999569
183 41 car -1 -1 -10 253 180 307 205 -1 -1 -1 -1000 -1000 -1000 -10 0.99865
183 43 car -1 -1 -10 472 178 523 223 -1 -1 -1 -1000 -1000 -1000 -10 0.999833
184 3 car -1 -1 -10 574 176 622 226 -1 -1 -1 -1000 -1000 -1000 -10 0.99922
184 28 car -1 -1 -10 0 180 84 227 -1 -1 -1 -1000 -1000 -1000 -10 0.904215
184 35 car -1 -1 -10 182 180 250 210 -1 -1 -1 -1000 -1000 -1000 -10 0.995568
184 36 car -1 -1 -10 1177 193 1242 245 -1 -1 -1 -1000 -1000 -1000 -10 0.766162
184 38 car -1 -1 -10 532 179 560 202 -1 -1 -1 -1000 -1000 -1000 -10 0.989596
184 40 car -1 -1 -10 90 175 183 217 -1 -1 -1 -1000 -1000 -1000 -10 0.999725
184 41 car -1 -1 -10 243 181 302 206 -1 -1 -1 -1000 -1000 -1000 -10 0.999308
184 43 car -1 -1 -10 459 180 518 225 -1 -1 -1 -1000 -1000 -1000 -10 0.999995
185 3 car -1 -1 -10 576 175 625 225 -1 -1 -1 -1000 -1000 -1000 -10 0.998697
185 28 car -1 -1 -10 0 178 60 230 -1 -1 -1 -1000 -1000 -1000 -10 0.990062
185 35 car -1 -1 -10 166 179 243 211 -1 -1 -1 -1000 -1000 -1000 -10 0.999505
185 38 car -1 -1 -10 528 178 558 204 -1 -1 -1 -1000 -1000 -1000 -10 0.989371
185 40 car -1 -1 -10 70 176 173 220 -1 -1 -1 -1000 -1000 -1000 -10 0.998958
185 41 car -1 -1 -10 235 181 295 208 -1 -1 -1 -1000 -1000 -1000 -10 0.999166
185 43 car -1 -1 -10 446 181 506 231 -1 -1 -1 -1000 -1000 -1000 -10 0.999996
186 3 car -1 -1 -10 577 175 625 225 -1 -1 -1 -1000 -1000 -1000 -10 0.999121
186 28 car -1 -1 -10 0 178 37 232 -1 -1 -1 -1000 -1000 -1000 -10 0.834022
186 35 car -1 -1 -10 152 180 229 211 -1 -1 -1 -1000 -1000 -1000 -10 0.999879
186 38 car -1 -1 -10 524 178 555 206 -1 -1 -1 -1000 -1000 -1000 -10 0.997753
186 40 car -1 -1 -10 50 174 153 218 -1 -1 -1 -1000 -1000 -1000 -10 0.997582
186 41 car -1 -1 -10 227 180 287 209 -1 -1 -1 -1000 -1000 -1000 -10 0.997857
186 43 car -1 -1 -10 425 181 498 237 -1 -1 -1 -1000 -1000 -1000 -10 0.999985
187 3 car -1 -1 -10 577 175 626 224 -1 -1 -1 -1000 -1000 -1000 -10 0.999401
187 35 car -1 -1 -10 140 180 217 212 -1 -1 -1 -1000 -1000 -1000 -10 0.999786
187 38 car -1 -1 -10 520 179 555 207 -1 -1 -1 -1000 -1000 -1000 -10 0.994345
187 40 car -1 -1 -10 26 178 139 221 -1 -1 -1 -1000 -1000 -1000 -10 0.997938
187 41 car -1 -1 -10 215 181 283 210 -1 -1 -1 -1000 -1000 -1000 -10 0.997999
187 43 car -1 -1 -10 401 182 483 247 -1 -1 -1 -1000 -1000 -1000 -10 0.999893
188 3 car -1 -1 -10 578 176 626 224 -1 -1 -1 -1000 -1000 -1000 -10 0.999171
188 35 car -1 -1 -10 125 181 206 213 -1 -1 -1 -1000 -1000 -1000 -10 0.999332
188 38 car -1 -1 -10 515 178 551 209 -1 -1 -1 -1000 -1000 -1000 -10 0.998911
188 40 car -1 -1 -10 0 180 124 225 -1 -1 -1 -1000 -1000 -1000 -10 0.994128
188 41 car -1 -1 -10 205 182 274 211 -1 -1 -1 -1000 -1000 -1000 -10 0.998602
188 43 car -1 -1 -10 367 185 469 259 -1 -1 -1 -1000 -1000 -1000 -10 0.999972
189 3 car -1 -1 -10 579 176 627 224 -1 -1 -1 -1000 -1000 -1000 -10 0.998588
189 35 car -1 -1 -10 110 182 196 218 -1 -1 -1 -1000 -1000 -1000 -10 0.999768
189 38 car -1 -1 -10 511 179 546 213 -1 -1 -1 -1000 -1000 -1000 -10 0.998287
189 40 car -1 -1 -10 0 179 106 228 -1 -1 -1 -1000 -1000 -1000 -10 0.999847
189 41 car -1 -1 -10 192 184 266 213 -1 -1 -1 -1000 -1000 -1000 -10 0.99886
189 43 car -1 -1 -10 314 188 448 279 -1 -1 -1 -1000 -1000 -1000 -10 0.999913
190 3 car -1 -1 -10 579 177 628 225 -1 -1 -1 -1000 -1000 -1000 -10 0.99902
190 35 car -1 -1 -10 91 184 182 221 -1 -1 -1 -1000 -1000 -1000 -10 0.99971
190 38 car -1 -1 -10 500 182 546 216 -1 -1 -1 -1000 -1000 -1000 -10 0.99984
190 40 car -1 -1 -10 0 179 88 232 -1 -1 -1 -1000 -1000 -1000 -10 0.998288
190 41 car -1 -1 -10 182 186 256 215 -1 -1 -1 -1000 -1000 -1000 -10 0.999685
190 43 car -1 -1 -10 225 184 420 312 -1 -1 -1 -1000 -1000 -1000 -10 0.999918
191 3 car -1 -1 -10 491 183 543 221 -1 -1 -1 -1000 -1000 -1000 -10 0.999616
191 35 car -1 -1 -10 71 184 172 223 -1 -1 -1 -1000 -1000 -1000 -10 0.999683
191 40 car -1 -1 -10 0 182 67 238 -1 -1 -1 -1000 -1000 -1000 -10 0.971778
191 41 car -1 -1 -10 172 185 244 217 -1 -1 -1 -1000 -1000 -1000 -10 0.993945
191 43 car -1 -1 -10 74 195 366 374 -1 -1 -1 -1000 -1000 -1000 -10 0.999979
191 44 car -1 -1 -10 580 178 630 225 -1 -1 -1 -1000 -1000 -1000 -10 0.998014
192 3 car -1 -1 -10 481 182 537 225 -1 -1 -1 -1000 -1000 -1000 -10 0.999942
192 35 car -1 -1 -10 55 185 149 223 -1 -1 -1 -1000 -1000 -1000 -10 0.982609
192 41 car -1 -1 -10 157 186 233 219 -1 -1 -1 -1000 -1000 -1000 -10 0.985651
192 43 car -1 -1 -10 0 192 282 372 -1 -1 -1 -1000 -1000 -1000 -10 0.997684
192 44 car -1 -1 -10 582 178 630 224 -1 -1 -1 -1000 -1000 -1000 -10 0.998307
193 3 car -1 -1 -10 470 183 528 229 -1 -1 -1 -1000 -1000 -1000 -10 0.999996
193 35 car -1 -1 -10 27 184 135 228 -1 -1 -1 -1000 -1000 -1000 -10 0.999678
193 41 car -1 -1 -10 139 186 221 221 -1 -1 -1 -1000 -1000 -1000 -10 0.999954
193 43 car -1 -1 -10 0 200 158 375 -1 -1 -1 -1000 -1000 -1000 -10 0.937359
193 44 car -1 -1 -10 583 177 631 224 -1 -1 -1 -1000 -1000 -1000 -10 0.999327
194 3 car -1 -1 -10 453 186 523 234 -1 -1 -1 -1000 -1000 -1000 -10 0.999997
194 40 car -1 -1 -10 0 188 124 229 -1 -1 -1 -1000 -1000 -1000 -10 0.995996
194 41 car -1 -1 -10 125 186 208 222 -1 -1 -1 -1000 -1000 -1000 -10 0.999984
194 44 car -1 -1 -10 585 177 632 224 -1 -1 -1 -1000 -1000 -1000 -10 0.998799
195 3 car -1 -1 -10 433 187 513 243 -1 -1 -1 -1000 -1000 -1000 -10 0.99999
195 40 car -1 -1 -10 0 187 105 231 -1 -1 -1 -1000 -1000 -1000 -10 0.998383
195 41 car -1 -1 -10 106 186 198 223 -1 -1 -1 -1000 -1000 -1000 -10 0.999945
195 44 car -1 -1 -10 586 179 632 224 -1 -1 -1 -1000 -1000 -1000 -10 0.997906
196 3 car -1 -1 -10 406 188 505 249 -1 -1 -1 -1000 -1000 -1000 -10 0.999955
196 38 car -1 -1 -10 541 178 566 203 -1 -1 -1 -1000 -1000 -1000 -10 0.807058
196 40 car -1 -1 -10 0 181 85 231 -1 -1 -1 -1000 -1000 -1000 -10 0.972164
196 41 car -1 -1 -10 87 184 180 224 -1 -1 -1 -1000 -1000 -1000 -10 0.999987
196 44 car -1 -1 -10 586 178 633 223 -1 -1 -1 -1000 -1000 -1000 -10 0.998791
197 3 car -1 -1 -10 368 187 490 266 -1 -1 -1 -1000 -1000 -1000 -10 0.999987
197 38 car -1 -1 -10 538 177 565 203 -1 -1 -1 -1000 -1000 -1000 -10 0.949963
197 40 car -1 -1 -10 0 185 58 235 -1 -1 -1 -1000 -1000 -1000 -10 0.59106
197 41 car -1 -1 -10 61 183 165 225 -1 -1 -1 -1000 -1000 -1000 -10 0.999984
197 44 car -1 -1 -10 588 177 634 223 -1 -1 -1 -1000 -1000 -1000 -10 0.998259
198 3 car -1 -1 -10 308 186 467 287 -1 -1 -1 -1000 -1000 -1000 -10 0.999968
198 38 car -1 -1 -10 534 176 564 204 -1 -1 -1 -1000 -1000 -1000 -10 0.993547
198 40 car -1 -1 -10 0 183 29 229 -1 -1 -1 -1000 -1000 -1000 -10 0.46896
198 41 car -1 -1 -10 39 181 146 226 -1 -1 -1 -1000 -1000 -1000 -10 0.999965
198 44 car -1 -1 -10 588 177 634 223 -1 -1 -1 -1000 -1000 -1000 -10 0.998657
199 3 car -1 -1 -10 206 188 445 328 -1 -1 -1 -1000 -1000 -1000 -10 0.999984
199 35 car -1 -1 -10 15 182 126 227 -1 -1 -1 -1000 -1000 -1000 -10 0.999883
199 38 car -1 -1 -10 531 176 561 206 -1 -1 -1 -1000 -1000 -1000 -10 0.996709
199 44 car -1 -1 -10 587 177 634 223 -1 -1 -1 -1000 -1000 -1000 -10 0.998571
200 3 car -1 -1 -10 11 186 401 375 -1 -1 -1 -1000 -1000 -1000 -10 0.999927
200 35 car -1 -1 -10 0 185 110 227 -1 -1 -1 -1000 -1000 -1000 -10 0.999837
200 44 car -1 -1 -10 588 177 634 223 -1 -1 -1 -1000 -1000 -1000 -10 0.997837
200 45 car -1 -1 -10 525 176 558 210 -1 -1 -1 -1000 -1000 -1000 -10 0.999669
201 3 car -1 -1 -10 0 189 322 375 -1 -1 -1 -1000 -1000 -1000 -10 0.997924
201 35 car -1 -1 -10 0 181 91 229 -1 -1 -1 -1000 -1000 -1000 -10 0.926226
201 44 car -1 -1 -10 588 176 634 223 -1 -1 -1 -1000 -1000 -1000 -10 0.999284
201 45 car -1 -1 -10 519 177 556 209 -1 -1 -1 -1000 -1000 -1000 -10 0.999331
202 3 car -1 -1 -10 0 199 201 372 -1 -1 -1 -1000 -1000 -1000 -10 0.99077
202 35 car -1 -1 -10 0 183 61 236 -1 -1 -1 -1000 -1000 -1000 -10 0.866229
202 38 car -1 -1 -10 512 175 551 211 -1 -1 -1 -1000 -1000 -1000 -10 0.999867
202 44 car -1 -1 -10 589 176 633 222 -1 -1 -1 -1000 -1000 -1000 -10 0.998585
203 38 car -1 -1 -10 504 174 548 212 -1 -1 -1 -1000 -1000 -1000 -10 0.999357
203 40 car -1 -1 -10 0 186 33 235 -1 -1 -1 -1000 -1000 -1000 -10 0.802799
203 44 car -1 -1 -10 589 176 633 221 -1 -1 -1 -1000 -1000 -1000 -10 0.9935
203 45 car -1 -1 -10 547 177 572 199 -1 -1 -1 -1000 -1000 -1000 -10 0.970818
204 44 car -1 -1 -10 588 173 631 219 -1 -1 -1 -1000 -1000 -1000 -10 0.995424
204 45 car -1 -1 -10 543 176 571 201 -1 -1 -1 -1000 -1000 -1000 -10 0.977189
204 46 car -1 -1 -10 496 175 544 216 -1 -1 -1 -1000 -1000 -1000 -10 0.999844
205 44 car -1 -1 -10 588 174 631 219 -1 -1 -1 -1000 -1000 -1000 -10 0.995429
205 46 car -1 -1 -10 486 175 538 218 -1 -1 -1 -1000 -1000 -1000 -10 0.999959
206 38 car -1 -1 -10 473 175 533 221 -1 -1 -1 -1000 -1000 -1000 -10 0.999995
206 44 car -1 -1 -10 587 173 631 218 -1 -1 -1 -1000 -1000 -1000 -10 0.998559
206 45 car -1 -1 -10 539 177 565 201 -1 -1 -1 -1000 -1000 -1000 -10 0.98815
207 38 car -1 -1 -10 455 174 525 225 -1 -1 -1 -1000 -1000 -1000 -10 0.999997
207 44 car -1 -1 -10 587 173 631 215 -1 -1 -1 -1000 -1000 -1000 -10 0.99924
207 45 car -1 -1 -10 534 175 564 202 -1 -1 -1 -1000 -1000 -1000 -10 0.995315
208 38 car -1 -1 -10 438 174 515 235 -1 -1 -1 -1000 -1000 -1000 -10 0.999983
208 44 car -1 -1 -10 588 173 631 216 -1 -1 -1 -1000 -1000 -1000 -10 0.999006
208 47 car -1 -1 -10 531 175 561 204 -1 -1 -1 -1000 -1000 -1000 -10 0.995295
209 38 car -1 -1 -10 407 180 505 245 -1 -1 -1 -1000 -1000 -1000 -10 0.999935
209 44 car -1 -1 -10 591 176 631 220 -1 -1 -1 -1000 -1000 -1000 -10 0.997705
209 45 car -1 -1 -10 525 179 559 209 -1 -1 -1 -1000 -1000 -1000 -10 0.999505
209 47 car -1 -1 -10 405 178 430 194 -1 -1 -1 -1000 -1000 -1000 -10 0.735034
210 38 car -1 -1 -10 371 180 487 265 -1 -1 -1 -1000 -1000 -1000 -10 0.999985
210 45 car -1 -1 -10 589 177 630 222 -1 -1 -1 -1000 -1000 -1000 -10 0.999522
210 48 car -1 -1 -10 518 178 555 213 -1 -1 -1 -1000 -1000 -1000 -10 0.997161
211 38 car -1 -1 -10 312 178 466 287 -1 -1 -1 -1000 -1000 -1000 -10 0.999936
211 45 car -1 -1 -10 589 177 629 222 -1 -1 -1 -1000 -1000 -1000 -10 0.999623
211 48 car -1 -1 -10 510 180 551 216 -1 -1 -1 -1000 -1000 -1000 -10 0.999782
211 49 car -1 -1 -10 394 180 420 197 -1 -1 -1 -1000 -1000 -1000 -10 0.773284
212 38 car -1 -1 -10 207 181 438 324 -1 -1 -1 -1000 -1000 -1000 -10 0.999979
212 45 car -1 -1 -10 589 177 629 220 -1 -1 -1 -1000 -1000 -1000 -10 0.997628
212 46 car -1 -1 -10 500 179 548 218 -1 -1 -1 -1000 -1000 -1000 -10 0.999792
213 38 car -1 -1 -10 0 173 393 375 -1 -1 -1 -1000 -1000 -1000 -10 0.999989
213 44 car -1 -1 -10 588 175 631 218 -1 -1 -1 -1000 -1000 -1000 -10 0.998393
213 45 car -1 -1 -10 491 177 540 220 -1 -1 -1 -1000 -1000 -1000 -10 0.999511
214 38 car -1 -1 -10 0 193 292 366 -1 -1 -1 -1000 -1000 -1000 -10 0.999412
214 44 car -1 -1 -10 588 175 631 217 -1 -1 -1 -1000 -1000 -1000 -10 0.99857
214 48 car -1 -1 -10 544 177 569 200 -1 -1 -1 -1000 -1000 -1000 -10 0.998371
214 50 car -1 -1 -10 478 178 536 225 -1 -1 -1 -1000 -1000 -1000 -10 0.999977
214 51 car -1 -1 -10 385 174 414 195 -1 -1 -1 -1000 -1000 -1000 -10 0.862616
215 44 car -1 -1 -10 588 175 631 217 -1 -1 -1 -1000 -1000 -1000 -10 0.998581
215 50 car -1 -1 -10 462 178 526 230 -1 -1 -1 -1000 -1000 -1000 -10 0.99999
215 51 car -1 -1 -10 383 175 410 195 -1 -1 -1 -1000 -1000 -1000 -10 0.993414
216 44 car -1 -1 -10 589 175 630 217 -1 -1 -1 -1000 -1000 -1000 -10 0.997726
216 46 car -1 -1 -10 538 179 565 204 -1 -1 -1 -1000 -1000 -1000 -10 0.998593
216 50 car -1 -1 -10 439 180 517 239 -1 -1 -1 -1000 -1000 -1000 -10 0.999982
216 51 car -1 -1 -10 378 174 406 196 -1 -1 -1 -1000 -1000 -1000 -10 0.991476
217 45 car -1 -1 -10 589 178 629 219 -1 -1 -1 -1000 -1000 -1000 -10 0.996921
217 46 car -1 -1 -10 535 180 564 206 -1 -1 -1 -1000 -1000 -1000 -10 0.998526
217 50 car -1 -1 -10 412 182 508 249 -1 -1 -1 -1000 -1000 -1000 -10 0.999974
217 51 car -1 -1 -10 374 175 403 197 -1 -1 -1 -1000 -1000 -1000 -10 0.982396
218 45 car -1 -1 -10 590 177 631 219 -1 -1 -1 -1000 -1000 -1000 -10 0.999333
218 50 car -1 -1 -10 369 183 490 267 -1 -1 -1 -1000 -1000 -1000 -10 0.99998
218 51 car -1 -1 -10 370 176 399 197 -1 -1 -1 -1000 -1000 -1000 -10 0.983592
218 52 car -1 -1 -10 530 180 562 209 -1 -1 -1 -1000 -1000 -1000 -10 0.998809
219 45 car -1 -1 -10 589 179 629 221 -1 -1 -1 -1000 -1000 -1000 -10 0.999518
219 47 car -1 -1 -10 364 179 395 198 -1 -1 -1 -1000 -1000 -1000 -10 0.958807
219 50 car -1 -1 -10 304 181 464 296 -1 -1 -1 -1000 -1000 -1000 -10 0.99998
219 52 car -1 -1 -10 526 183 559 213 -1 -1 -1 -1000 -1000 -1000 -10 0.997277
220 45 car -1 -1 -10 589 180 630 221 -1 -1 -1 -1000 -1000 -1000 -10 0.999584
220 47 car -1 -1 -10 361 178 391 200 -1 -1 -1 -1000 -1000 -1000 -10 0.995991
220 50 car -1 -1 -10 184 181 435 345 -1 -1 -1 -1000 -1000 -1000 -10 0.999983
220 52 car -1 -1 -10 520 184 557 217 -1 -1 -1 -1000 -1000 -1000 -10 0.999904
221 38 car -1 -1 -10 0 185 373 375 -1 -1 -1 -1000 -1000 -1000 -10 0.99996
221 45 car -1 -1 -10 513 183 553 220 -1 -1 -1 -1000 -1000 -1000 -10 0.99998
221 51 car -1 -1 -10 356 179 387 201 -1 -1 -1 -1000 -1000 -1000 -10 0.995006
221 53 car -1 -1 -10 590 179 631 221 -1 -1 -1 -1000 -1000 -1000 -10 0.999552
222 38 car -1 -1 -10 0 182 248 373 -1 -1 -1 -1000 -1000 -1000 -10 0.998203
222 47 car -1 -1 -10 350 178 382 202 -1 -1 -1 -1000 -1000 -1000 -10 0.999498
222 53 car -1 -1 -10 590 179 631 221 -1 -1 -1 -1000 -1000 -1000 -10 0.999604
222 54 car -1 -1 -10 504 183 552 223 -1 -1 -1 -1000 -1000 -1000 -10 0.999894
223 45 car -1 -1 -10 493 182 547 226 -1 -1 -1 -1000 -1000 -1000 -10 0.999934
223 51 car -1 -1 -10 344 178 377 201 -1 -1 -1 -1000 -1000 -1000 -10 0.999028
223 53 car -1 -1 -10 591 177 631 220 -1 -1 -1 -1000 -1000 -1000 -10 0.999617
224 45 car -1 -1 -10 482 184 540 229 -1 -1 -1 -1000 -1000 -1000 -10 0.999995
224 47 car -1 -1 -10 338 177 373 202 -1 -1 -1 -1000 -1000 -1000 -10 0.999772
224 53 car -1 -1 -10 591 177 631 220 -1 -1 -1 -1000 -1000 -1000 -10 0.999741
225 45 car -1 -1 -10 466 184 533 235 -1 -1 -1 -1000 -1000 -1000 -10 0.999995
225 51 car -1 -1 -10 333 177 367 202 -1 -1 -1 -1000 -1000 -1000 -10 0.999298
225 53 car -1 -1 -10 591 177 631 220 -1 -1 -1 -1000 -1000 -1000 -10 0.999627
226 45 car -1 -1 -10 446 185 525 243 -1 -1 -1 -1000 -1000 -1000 -10 0.999985
226 47 car -1 -1 -10 324 176 363 202 -1 -1 -1 -1000 -1000 -1000 -10 0.999812
226 53 car -1 -1 -10 593 175 630 218 -1 -1 -1 -1000 -1000 -1000 -10 0.999206
227 45 car -1 -1 -10 418 187 514 255 -1 -1 -1 -1000 -1000 -1000 -10 0.999987
227 46 car -1 -1 -10 592 175 630 218 -1 -1 -1 -1000 -1000 -1000 -10 0.999283
227 47 car -1 -1 -10 317 176 357 201 -1 -1 -1 -1000 -1000 -1000 -10 0.999877
227 55 car -1 -1 -10 547 178 573 201 -1 -1 -1 -1000 -1000 -1000 -10 0.890043
228 46 car -1 -1 -10 592 175 630 218 -1 -1 -1 -1000 -1000 -1000 -10 0.999004
228 47 car -1 -1 -10 309 176 350 203 -1 -1 -1 -1000 -1000 -1000 -10 0.999824
228 51 car -1 -1 -10 370 189 493 275 -1 -1 -1 -1000 -1000 -1000 -10 0.999949
228 56 car -1 -1 -10 542 178 571 204 -1 -1 -1 -1000 -1000 -1000 -10 0.936115
229 46 car -1 -1 -10 591 178 630 218 -1 -1 -1 -1000 -1000 -1000 -10 0.999261
229 47 car -1 -1 -10 298 176 342 204 -1 -1 -1 -1000 -1000 -1000 -10 0.999917
229 51 car -1 -1 -10 303 188 475 305 -1 -1 -1 -1000 -1000 -1000 -10 0.999982
229 56 car -1 -1 -10 537 178 565 207 -1 -1 -1 -1000 -1000 -1000 -10 0.980719
230 47 car -1 -1 -10 290 176 333 206 -1 -1 -1 -1000 -1000 -1000 -10 0.999655
230 50 car -1 -1 -10 165 195 444 355 -1 -1 -1 -1000 -1000 -1000 -10 0.999912
230 53 car -1 -1 -10 531 177 563 208 -1 -1 -1 -1000 -1000 -1000 -10 0.999053
230 56 car -1 -1 -10 590 176 629 216 -1 -1 -1 -1000 -1000 -1000 -10 0.998719
231 38 car -1 -1 -10 0 193 383 375 -1 -1 -1 -1000 -1000 -1000 -10 0.999954
231 47 car -1 -1 -10 278 174 324 205 -1 -1 -1 -1000 -1000 -1000 -10 0.999859
231 53 car -1 -1 -10 525 178 559 210 -1 -1 -1 -1000 -1000 -1000 -10 0.999837
231 56 car -1 -1 -10 589 176 628 217 -1 -1 -1 -1000 -1000 -1000 -10 0.999497
232 38 car -1 -1 -10 0 197 247 375 -1 -1 -1 -1000 -1000 -1000 -10 0.981885
232 47 car -1 -1 -10 266 176 315 208 -1 -1 -1 -1000 -1000 -1000 -10 0.999916
232 53 car -1 -1 -10 518 179 554 212 -1 -1 -1 -1000 -1000 -1000 -10 0.999432
232 57 car -1 -1 -10 589 178 625 219 -1 -1 -1 -1000 -1000 -1000 -10 0.999843
233 47 car -1 -1 -10 254 177 306 209 -1 -1 -1 -1000 -1000 -1000 -10 0.999874
233 53 car -1 -1 -10 506 179 552 217 -1 -1 -1 -1000 -1000 -1000 -10 0.999903
233 57 car -1 -1 -10 588 178 624 219 -1 -1 -1 -1000 -1000 -1000 -10 0.999804
234 47 car -1 -1 -10 241 174 295 208 -1 -1 -1 -1000 -1000 -1000 -10 0.999683
234 56 car -1 -1 -10 587 176 623 216 -1 -1 -1 -1000 -1000 -1000 -10 0.999867
234 57 car -1 -1 -10 494 178 548 219 -1 -1 -1 -1000 -1000 -1000 -10 0.999693
235 47 car -1 -1 -10 225 174 283 208 -1 -1 -1 -1000 -1000 -1000 -10 0.9997
235 56 car -1 -1 -10 586 175 622 215 -1 -1 -1 -1000 -1000 -1000 -10 0.999929
235 57 car -1 -1 -10 483 178 539 222 -1 -1 -1 -1000 -1000 -1000 -10 0.999984
236 47 car -1 -1 -10 210 174 272 210 -1 -1 -1 -1000 -1000 -1000 -10 0.999938
236 56 car -1 -1 -10 585 175 621 216 -1 -1 -1 -1000 -1000 -1000 -10 0.99994
236 57 car -1 -1 -10 469 180 531 227 -1 -1 -1 -1000 -1000 -1000 -10 0.999995
237 47 car -1 -1 -10 192 175 260 211 -1 -1 -1 -1000 -1000 -1000 -10 0.999953
237 53 car -1 -1 -10 585 175 620 216 -1 -1 -1 -1000 -1000 -1000 -10 0.999936
237 57 car -1 -1 -10 450 183 522 235 -1 -1 -1 -1000 -1000 -1000 -10 0.999946
238 47 car -1 -1 -10 176 175 247 213 -1 -1 -1 -1000 -1000 -1000 -10 0.999961
238 53 car -1 -1 -10 584 175 620 216 -1 -1 -1 -1000 -1000 -1000 -10 0.999939
238 57 car -1 -1 -10 424 180 509 247 -1 -1 -1 -1000 -1000 -1000 -10 0.999944
239 47 car -1 -1 -10 157 175 233 214 -1 -1 -1 -1000 -1000 -1000 -10 0.999981
239 51 car -1 -1 -10 392 181 495 259 -1 -1 -1 -1000 -1000 -1000 -10 0.99998
239 53 car -1 -1 -10 584 175 620 215 -1 -1 -1 -1000 -1000 -1000 -10 0.99994
240 47 car -1 -1 -10 136 175 218 216 -1 -1 -1 -1000 -1000 -1000 -10 0.999988
240 51 car -1 -1 -10 340 183 475 279 -1 -1 -1 -1000 -1000 -1000 -10 0.999757
240 53 car -1 -1 -10 585 175 620 216 -1 -1 -1 -1000 -1000 -1000 -10 0.999948
240 58 car -1 -1 -10 399 179 428 193 -1 -1 -1 -1000 -1000 -1000 -10 0.709609
241 47 car -1 -1 -10 115 174 201 219 -1 -1 -1 -1000 -1000 -1000 -10 0.999941
241 51 car -1 -1 -10 245 182 454 321 -1 -1 -1 -1000 -1000 -1000 -10 0.99977
241 53 car -1 -1 -10 584 175 620 216 -1 -1 -1 -1000 -1000 -1000 -10 0.99996
241 59 car -1 -1 -10 396 180 423 195 -1 -1 -1 -1000 -1000 -1000 -10 0.950278
242 47 car -1 -1 -10 89 176 186 221 -1 -1 -1 -1000 -1000 -1000 -10 0.999608
242 51 car -1 -1 -10 58 182 407 375 -1 -1 -1 -1000 -1000 -1000 -10 0.999736
242 53 car -1 -1 -10 584 175 620 216 -1 -1 -1 -1000 -1000 -1000 -10 0.999969
243 47 car -1 -1 -10 68 176 164 216 -1 -1 -1 -1000 -1000 -1000 -10 0.728545
243 51 car -1 -1 -10 0 188 326 375 -1 -1 -1 -1000 -1000 -1000 -10 0.999466
243 53 car -1 -1 -10 585 176 619 216 -1 -1 -1 -1000 -1000 -1000 -10 0.999957
244 51 car -1 -1 -10 0 193 163 375 -1 -1 -1 -1000 -1000 -1000 -10 0.978821
244 53 car -1 -1 -10 585 176 619 215 -1 -1 -1 -1000 -1000 -1000 -10 0.999954
244 60 car -1 -1 -10 37 177 143 226 -1 -1 -1 -1000 -1000 -1000 -10 0.998732
244 61 car -1 -1 -10 385 182 411 197 -1 -1 -1 -1000 -1000 -1000 -10 0.986683
245 53 car -1 -1 -10 584 176 619 216 -1 -1 -1 -1000 -1000 -1000 -10 0.999957
245 60 car -1 -1 -10 0 177 121 229 -1 -1 -1 -1000 -1000 -1000 -10 0.999795
246 53 car -1 -1 -10 584 176 619 215 -1 -1 -1 -1000 -1000 -1000 -10 0.999962
246 60 car -1 -1 -10 0 173 95 234 -1 -1 -1 -1000 -1000 -1000 -10 0.999638
246 61 car -1 -1 -10 375 180 402 197 -1 -1 -1 -1000 -1000 -1000 -10 0.986725
247 53 car -1 -1 -10 584 176 619 215 -1 -1 -1 -1000 -1000 -1000 -10 0.99994
247 60 car -1 -1 -10 0 179 68 230 -1 -1 -1 -1000 -1000 -1000 -10 0.651014
247 61 car -1 -1 -10 369 180 397 198 -1 -1 -1 -1000 -1000 -1000 -10 0.996658
248 53 car -1 -1 -10 584 177 619 216 -1 -1 -1 -1000 -1000 -1000 -10 0.999861
248 60 car -1 -1 -10 0 179 30 242 -1 -1 -1 -1000 -1000 -1000 -10 0.423009
248 61 car -1 -1 -10 362 182 393 200 -1 -1 -1 -1000 -1000 -1000 -10 0.991779
249 61 car -1 -1 -10 357 182 387 202 -1 -1 -1 -1000 -1000 -1000 -10 0.994886
249 62 car -1 -1 -10 583 178 620 218 -1 -1 -1 -1000 -1000 -1000 -10 0.999796
250 61 car -1 -1 -10 349 184 382 203 -1 -1 -1 -1000 -1000 -1000 -10 0.995335
250 63 car -1 -1 -10 582 178 621 218 -1 -1 -1 -1000 -1000 -1000 -10 0.999766
250 64 car -1 -1 -10 543 181 569 202 -1 -1 -1 -1000 -1000 -1000 -10 0.989891
251 53 car -1 -1 -10 584 177 618 216 -1 -1 -1 -1000 -1000 -1000 -10 0.999771
251 61 car -1 -1 -10 345 182 378 201 -1 -1 -1 -1000 -1000 -1000 -10 0.817744
251 64 car -1 -1 -10 538 180 568 202 -1 -1 -1 -1000 -1000 -1000 -10 0.993836
252 53 car -1 -1 -10 584 177 618 216 -1 -1 -1 -1000 -1000 -1000 -10 0.999772
252 64 car -1 -1 -10 534 179 566 204 -1 -1 -1 -1000 -1000 -1000 -10 0.99632
253 53 car -1 -1 -10 584 177 619 215 -1 -1 -1 -1000 -1000 -1000 -10 0.99986
253 61 car -1 -1 -10 532 178 562 205 -1 -1 -1 -1000 -1000 -1000 -10 0.911731
253 65 car -1 -1 -10 328 182 366 204 -1 -1 -1 -1000 -1000 -1000 -10 0.569998
254 53 car -1 -1 -10 584 176 619 215 -1 -1 -1 -1000 -1000 -1000 -10 0.999921
254 61 car -1 -1 -10 526 178 560 207 -1 -1 -1 -1000 -1000 -1000 -10 0.993115
254 65 car -1 -1 -10 315 182 358 208 -1 -1 -1 -1000 -1000 -1000 -10 0.562746
255 53 car -1 -1 -10 585 177 619 215 -1 -1 -1 -1000 -1000 -1000 -10 0.999907
255 62 car -1 -1 -10 521 179 557 209 -1 -1 -1 -1000 -1000 -1000 -10 0.999482
255 64 car -1 -1 -10 544 179 569 200 -1 -1 -1 -1000 -1000 -1000 -10 0.675523
255 66 car -1 -1 -10 299 184 351 208 -1 -1 -1 -1000 -1000 -1000 -10 0.385473
256 53 car -1 -1 -10 585 177 618 216 -1 -1 -1 -1000 -1000 -1000 -10 0.999837
256 62 car -1 -1 -10 516 179 552 212 -1 -1 -1 -1000 -1000 -1000 -10 0.999405
256 66 car -1 -1 -10 299 183 349 208 -1 -1 -1 -1000 -1000 -1000 -10 0.383582
257 53 car -1 -1 -10 585 177 619 215 -1 -1 -1 -1000 -1000 -1000 -10 0.99989
257 62 car -1 -1 -10 509 179 547 215 -1 -1 -1 -1000 -1000 -1000 -10 0.999425
257 65 car -1 -1 -10 380 183 407 199 -1 -1 -1 -1000 -1000 -1000 -10 0.799037
257 67 car -1 -1 -10 293 185 336 208 -1 -1 -1 -1000 -1000 -1000 -10 0.980166
257 68 car -1 -1 -10 541 180 566 202 -1 -1 -1 -1000 -1000 -1000 -10 0.979994
258 53 car -1 -1 -10 585 173 619 212 -1 -1 -1 -1000 -1000 -1000 -10 0.999948
258 62 car -1 -1 -10 501 176 546 214 -1 -1 -1 -1000 -1000 -1000 -10 0.99978
258 65 car -1 -1 -10 284 182 329 206 -1 -1 -1 -1000 -1000 -1000 -10 0.999095
258 68 car -1 -1 -10 538 177 564 199 -1 -1 -1 -1000 -1000 -1000 -10 0.992767
258 69 car -1 -1 -10 374 179 400 196 -1 -1 -1 -1000 -1000 -1000 -10 0.816304
259 53 car -1 -1 -10 586 171 619 211 -1 -1 -1 -1000 -1000 -1000 -10 0.999931
259 61 car -1 -1 -10 273 180 320 206 -1 -1 -1 -1000 -1000 -1000 -10 0.999254
259 62 car -1 -1 -10 491 175 544 215 -1 -1 -1 -1000 -1000 -1000 -10 0.999206
259 65 car -1 -1 -10 368 176 397 195 -1 -1 -1 -1000 -1000 -1000 -10 0.986249
259 70 car -1 -1 -10 535 176 563 199 -1 -1 -1 -1000 -1000 -1000 -10 0.985993
260 53 car -1 -1 -10 585 176 620 213 -1 -1 -1 -1000 -1000 -1000 -10 0.999927
260 61 car -1 -1 -10 261 182 311 209 -1 -1 -1 -1000 -1000 -1000 -10 0.999727
260 62 car -1 -1 -10 480 177 537 222 -1 -1 -1 -1000 -1000 -1000 -10 0.999981
260 63 car -1 -1 -10 383 178 410 194 -1 -1 -1 -1000 -1000 -1000 -10 0.508043
260 69 car -1 -1 -10 362 180 393 197 -1 -1 -1 -1000 -1000 -1000 -10 0.982164
260 71 car -1 -1 -10 530 180 559 202 -1 -1 -1 -1000 -1000 -1000 -10 0.995662
261 53 car -1 -1 -10 586 176 620 215 -1 -1 -1 -1000 -1000 -1000 -10 0.999933
261 61 car -1 -1 -10 249 182 301 211 -1 -1 -1 -1000 -1000 -1000 -10 0.999878
261 62 car -1 -1 -10 466 179 527 229 -1 -1 -1 -1000 -1000 -1000 -10 0.999987
261 69 car -1 -1 -10 357 181 387 199 -1 -1 -1 -1000 -1000 -1000 -10 0.986534
261 72 car -1 -1 -10 524 180 557 205 -1 -1 -1 -1000 -1000 -1000 -10 0.997878
262 53 car -1 -1 -10 586 176 620 214 -1 -1 -1 -1000 -1000 -1000 -10 0.999917
262 62 car -1 -1 -10 449 178 517 233 -1 -1 -1 -1000 -1000 -1000 -10 0.999977
262 63 car -1 -1 -10 373 177 401 194 -1 -1 -1 -1000 -1000 -1000 -10 0.901818
262 69 car -1 -1 -10 235 179 290 210 -1 -1 -1 -1000 -1000 -1000 -10 0.999893
262 72 car -1 -1 -10 520 178 555 206 -1 -1 -1 -1000 -1000 -1000 -10 0.998548
262 73 car -1 -1 -10 350 180 381 197 -1 -1 -1 -1000 -1000 -1000 -10 0.989666
263 53 car -1 -1 -10 587 173 620 212 -1 -1 -1 -1000 -1000 -1000 -10 0.999918
263 61 car -1 -1 -10 343 176 378 196 -1 -1 -1 -1000 -1000 -1000 -10 0.986722
263 62 car -1 -1 -10 420 177 508 244 -1 -1 -1 -1000 -1000 -1000 -10 0.999887
263 69 car -1 -1 -10 219 178 278 208 -1 -1 -1 -1000 -1000 -1000 -10 0.99981
263 71 car -1 -1 -10 513 178 551 206 -1 -1 -1 -1000 -1000 -1000 -10 0.999399
263 74 car -1 -1 -10 367 176 398 192 -1 -1 -1 -1000 -1000 -1000 -10 0.650062
264 53 car -1 -1 -10 586 171 620 211 -1 -1 -1 -1000 -1000 -1000 -10 0.999907
264 65 car -1 -1 -10 387 176 493 255 -1 -1 -1 -1000 -1000 -1000 -10 0.999984
264 69 car -1 -1 -10 204 177 264 209 -1 -1 -1 -1000 -1000 -1000 -10 0.999332
264 72 car -1 -1 -10 506 177 548 207 -1 -1 -1 -1000 -1000 -1000 -10 0.997913
264 73 car -1 -1 -10 335 175 371 195 -1 -1 -1 -1000 -1000 -1000 -10 0.996384
264 74 car -1 -1 -10 358 174 393 192 -1 -1 -1 -1000 -1000 -1000 -10 0.935399
265 53 car -1 -1 -10 585 172 619 211 -1 -1 -1 -1000 -1000 -1000 -10 0.999942
265 65 car -1 -1 -10 331 177 476 276 -1 -1 -1 -1000 -1000 -1000 -10 0.999684
265 69 car -1 -1 -10 183 178 252 210 -1 -1 -1 -1000 -1000 -1000 -10 0.999871
265 73 car -1 -1 -10 326 175 364 195 -1 -1 -1 -1000 -1000 -1000 -10 0.994836
265 74 car -1 -1 -10 355 175 387 193 -1 -1 -1 -1000 -1000 -1000 -10 0.936773
265 75 car -1 -1 -10 496 175 542 211 -1 -1 -1 -1000 -1000 -1000 -10 0.999831
265 76 car -1 -1 -10 537 173 562 197 -1 -1 -1 -1000 -1000 -1000 -10 0.996845
266 53 car -1 -1 -10 584 173 619 211 -1 -1 -1 -1000 -1000 -1000 -10 0.999954
266 65 car -1 -1 -10 245 179 450 308 -1 -1 -1 -1000 -1000 -1000 -10 0.999905
266 66 car -1 -1 -10 337 171 388 190 -1 -1 -1 -1000 -1000 -1000 -10 0.537721
266 69 car -1 -1 -10 165 178 233 211 -1 -1 -1 -1000 -1000 -1000 -10 0.999977
266 76 car -1 -1 -10 532 172 561 199 -1 -1 -1 -1000 -1000 -1000 -10 0.973677
266 77 car -1 -1 -10 486 176 536 214 -1 -1 -1 -1000 -1000 -1000 -10 0.999099
267 53 car -1 -1 -10 584 172 619 212 -1 -1 -1 -1000 -1000 -1000 -10 0.999956
267 65 car -1 -1 -10 61 177 415 375 -1 -1 -1 -1000 -1000 -1000 -10 0.999873
267 69 car -1 -1 -10 145 178 223 214 -1 -1 -1 -1000 -1000 -1000 -10 0.999702
267 71 car -1 -1 -10 528 172 557 200 -1 -1 -1 -1000 -1000 -1000 -10 0.994233
267 74 car -1 -1 -10 338 175 374 195 -1 -1 -1 -1000 -1000 -1000 -10 0.815672
267 78 car -1 -1 -10 472 177 532 219 -1 -1 -1 -1000 -1000 -1000 -10 0.999956
267 79 car -1 -1 -10 311 176 349 195 -1 -1 -1 -1000 -1000 -1000 -10 0.795471
268 53 car -1 -1 -10 584 173 619 212 -1 -1 -1 -1000 -1000 -1000 -10 0.999959
268 61 car -1 -1 -10 298 176 341 199 -1 -1 -1 -1000 -1000 -1000 -10 0.999035
268 65 car -1 -1 -10 0 189 352 366 -1 -1 -1 -1000 -1000 -1000 -10 0.99194
268 71 car -1 -1 -10 523 173 557 204 -1 -1 -1 -1000 -1000 -1000 -10 0.995324
268 78 car -1 -1 -10 458 178 522 224 -1 -1 -1 -1000 -1000 -1000 -10 0.999995
268 80 car -1 -1 -10 332 175 369 196 -1 -1 -1 -1000 -1000 -1000 -10 0.991985
269 53 car -1 -1 -10 584 172 619 212 -1 -1 -1 -1000 -1000 -1000 -10 0.999937
269 62 car -1 -1 -10 441 178 512 231 -1 -1 -1 -1000 -1000 -1000 -10 0.99999
269 65 car -1 -1 -10 0 189 217 375 -1 -1 -1 -1000 -1000 -1000 -10 0.999013
269 69 car -1 -1 -10 94 180 181 217 -1 -1 -1 -1000 -1000 -1000 -10 0.999898
269 72 car -1 -1 -10 516 171 553 206 -1 -1 -1 -1000 -1000 -1000 -10 0.999225
269 73 car -1 -1 -10 289 177 334 199 -1 -1 -1 -1000 -1000 -1000 -10 0.999503
269 80 car -1 -1 -10 323 175 363 197 -1 -1 -1 -1000 -1000 -1000 -10 0.991377
270 53 car -1 -1 -10 585 172 620 212 -1 -1 -1 -1000 -1000 -1000 -10 0.999964
270 62 car -1 -1 -10 415 180 502 239 -1 -1 -1 -1000 -1000 -1000 -10 0.999963
270 69 car -1 -1 -10 65 180 163 222 -1 -1 -1 -1000 -1000 -1000 -10 0.999965
270 71 car -1 -1 -10 510 172 551 206 -1 -1 -1 -1000 -1000 -1000 -10 0.999803
270 73 car -1 -1 -10 279 177 326 201 -1 -1 -1 -1000 -1000 -1000 -10 0.999636
270 80 car -1 -1 -10 317 176 356 196 -1 -1 -1 -1000 -1000 -1000 -10 0.950897
271 53 car -1 -1 -10 586 173 620 212 -1 -1 -1 -1000 -1000 -1000 -10 0.999967
271 62 car -1 -1 -10 383 182 489 249 -1 -1 -1 -1000 -1000 -1000 -10 0.999988
271 69 car -1 -1 -10 37 181 137 225 -1 -1 -1 -1000 -1000 -1000 -10 0.999766
271 73 car -1 -1 -10 269 177 317 202 -1 -1 -1 -1000 -1000 -1000 -10 0.999807
271 75 car -1 -1 -10 503 172 548 209 -1 -1 -1 -1000 -1000 -1000 -10 0.999682
271 81 car -1 -1 -10 309 177 353 199 -1 -1 -1 -1000 -1000 -1000 -10 0.995301
272 62 car -1 -1 -10 336 184 472 268 -1 -1 -1 -1000 -1000 -1000 -10 0.999941
272 69 car -1 -1 -10 0 182 109 228 -1 -1 -1 -1000 -1000 -1000 -10 0.99914
272 73 car -1 -1 -10 258 177 308 204 -1 -1 -1 -1000 -1000 -1000 -10 0.999853
272 77 car -1 -1 -10 587 173 621 212 -1 -1 -1 -1000 -1000 -1000 -10 0.999956
272 81 car -1 -1 -10 298 178 345 198 -1 -1 -1 -1000 -1000 -1000 -10 0.990201
272 82 car -1 -1 -10 497 171 544 213 -1 -1 -1 -1000 -1000 -1000 -10 0.999875
273 62 car -1 -1 -10 266 182 444 297 -1 -1 -1 -1000 -1000 -1000 -10 0.999982
273 69 car -1 -1 -10 0 181 92 231 -1 -1 -1 -1000 -1000 -1000 -10 0.98573
273 73 car -1 -1 -10 244 177 298 204 -1 -1 -1 -1000 -1000 -1000 -10 0.999752
273 76 car -1 -1 -10 541 178 567 197 -1 -1 -1 -1000 -1000 -1000 -10 0.986999
273 77 car -1 -1 -10 587 173 622 212 -1 -1 -1 -1000 -1000 -1000 -10 0.999954
273 78 car -1 -1 -10 487 172 540 216 -1 -1 -1 -1000 -1000 -1000 -10 0.999919
273 83 car -1 -1 -10 286 176 340 202 -1 -1 -1 -1000 -1000 -1000 -10 0.994763
274 62 car -1 -1 -10 119 185 410 354 -1 -1 -1 -1000 -1000 -1000 -10 0.999981
274 69 car -1 -1 -10 0 176 57 233 -1 -1 -1 -1000 -1000 -1000 -10 0.980067
274 73 car -1 -1 -10 230 178 288 205 -1 -1 -1 -1000 -1000 -1000 -10 0.995413
274 76 car -1 -1 -10 538 177 566 199 -1 -1 -1 -1000 -1000 -1000 -10 0.996587
274 77 car -1 -1 -10 588 174 622 212 -1 -1 -1 -1000 -1000 -1000 -10 0.999954
274 78 car -1 -1 -10 477 172 533 219 -1 -1 -1 -1000 -1000 -1000 -10 0.999967
274 83 car -1 -1 -10 278 176 333 200 -1 -1 -1 -1000 -1000 -1000 -10 0.881606
275 65 car -1 -1 -10 0 184 360 375 -1 -1 -1 -1000 -1000 -1000 -10 0.999664
275 73 car -1 -1 -10 215 178 281 206 -1 -1 -1 -1000 -1000 -1000 -10 0.983422
275 76 car -1 -1 -10 534 177 563 201 -1 -1 -1 -1000 -1000 -1000 -10 0.998728
275 77 car -1 -1 -10 588 173 622 212 -1 -1 -1 -1000 -1000 -1000 -10 0.999974
275 78 car -1 -1 -10 461 172 528 225 -1 -1 -1 -1000 -1000 -1000 -10 0.999961
275 83 car -1 -1 -10 264 175 321 201 -1 -1 -1 -1000 -1000 -1000 -10 0.998441
276 65 car -1 -1 -10 0 196 253 372 -1 -1 -1 -1000 -1000 -1000 -10 0.995576
276 71 car -1 -1 -10 531 178 561 202 -1 -1 -1 -1000 -1000 -1000 -10 0.998331
276 77 car -1 -1 -10 588 174 622 212 -1 -1 -1 -1000 -1000 -1000 -10 0.99997
276 78 car -1 -1 -10 442 170 519 231 -1 -1 -1 -1000 -1000 -1000 -10 0.999989
276 83 car -1 -1 -10 254 177 311 204 -1 -1 -1 -1000 -1000 -1000 -10 0.999237
276 84 car -1 -1 -10 199 179 264 210 -1 -1 -1 -1000 -1000 -1000 -10 0.999558
277 71 car -1 -1 -10 525 177 559 204 -1 -1 -1 -1000 -1000 -1000 -10 0.998706
277 77 car -1 -1 -10 588 173 623 212 -1 -1 -1 -1000 -1000 -1000 -10 0.999971
277 78 car -1 -1 -10 419 172 509 240 -1 -1 -1 -1000 -1000 -1000 -10 0.999978
277 83 car -1 -1 -10 240 177 300 205 -1 -1 -1 -1000 -1000 -1000 -10 0.99755
277 84 car -1 -1 -10 182 178 251 210 -1 -1 -1 -1000 -1000 -1000 -10 0.999887
278 71 car -1 -1 -10 520 177 556 205 -1 -1 -1 -1000 -1000 -1000 -10 0.998367
278 77 car -1 -1 -10 588 173 624 212 -1 -1 -1 -1000 -1000 -1000 -10 0.999968
278 78 car -1 -1 -10 386 172 495 253 -1 -1 -1 -1000 -1000 -1000 -10 0.999981
278 84 car -1 -1 -10 162 178 235 212 -1 -1 -1 -1000 -1000 -1000 -10 0.999909
278 85 car -1 -1 -10 224 178 292 207 -1 -1 -1 -1000 -1000 -1000 -10 0.999462
279 53 car -1 -1 -10 512 177 552 208 -1 -1 -1 -1000 -1000 -1000 -10 0.999699
279 77 car -1 -1 -10 588 173 624 212 -1 -1 -1 -1000 -1000 -1000 -10 0.999972
279 78 car -1 -1 -10 335 167 475 274 -1 -1 -1 -1000 -1000 -1000 -10 0.99989
279 84 car -1 -1 -10 141 178 216 214 -1 -1 -1 -1000 -1000 -1000 -10 0.999949
279 85 car -1 -1 -10 205 177 279 207 -1 -1 -1 -1000 -1000 -1000 -10 0.9998
280 71 car -1 -1 -10 506 178 549 212 -1 -1 -1 -1000 -1000 -1000 -10 0.999763
280 77 car -1 -1 -10 588 173 625 212 -1 -1 -1 -1000 -1000 -1000 -10 0.999967
280 78 car -1 -1 -10 258 166 449 301 -1 -1 -1 -1000 -1000 -1000 -10 0.999887
280 84 car -1 -1 -10 118 181 198 216 -1 -1 -1 -1000 -1000 -1000 -10 0.999879
280 85 car -1 -1 -10 189 178 267 209 -1 -1 -1 -1000 -1000 -1000 -10 0.999889
281 62 car -1 -1 -10 103 167 407 365 -1 -1 -1 -1000 -1000 -1000 -10 0.999921
281 71 car -1 -1 -10 496 178 541 216 -1 -1 -1 -1000 -1000 -1000 -10 0.999855
281 77 car -1 -1 -10 589 174 625 212 -1 -1 -1 -1000 -1000 -1000 -10 0.999955
281 84 car -1 -1 -10 90 180 180 218 -1 -1 -1 -1000 -1000 -1000 -10 0.999868
281 85 car -1 -1 -10 167 180 254 213 -1 -1 -1 -1000 -1000 -1000 -10 0.979199
282 65 car -1 -1 -10 0 151 343 375 -1 -1 -1 -1000 -1000 -1000 -10 0.999726
282 77 car -1 -1 -10 589 174 625 213 -1 -1 -1 -1000 -1000 -1000 -10 0.999947
282 82 car -1 -1 -10 483 179 539 220 -1 -1 -1 -1000 -1000 -1000 -10 0.999945
282 86 car -1 -1 -10 152 176 226 215 -1 -1 -1 -1000 -1000 -1000 -10 0.745239
283 65 car -1 -1 -10 0 135 240 375 -1 -1 -1 -1000 -1000 -1000 -10 0.923525
283 77 car -1 -1 -10 590 174 626 212 -1 -1 -1 -1000 -1000 -1000 -10 0.999936
283 82 car -1 -1 -10 470 180 532 224 -1 -1 -1 -1000 -1000 -1000 -10 0.999991
283 85 car -1 -1 -10 126 181 224 217 -1 -1 -1 -1000 -1000 -1000 -10 0.998643
283 86 car -1 -1 -10 36 181 133 223 -1 -1 -1 -1000 -1000 -1000 -10 0.556603
284 69 car -1 -1 -10 0 183 106 228 -1 -1 -1 -1000 -1000 -1000 -10 0.99964
284 77 car -1 -1 -10 590 174 627 212 -1 -1 -1 -1000 -1000 -1000 -10 0.999944
284 82 car -1 -1 -10 455 181 521 230 -1 -1 -1 -1000 -1000 -1000 -10 0.999996
284 84 car -1 -1 -10 102 180 204 221 -1 -1 -1 -1000 -1000 -1000 -10 0.999884
285 69 car -1 -1 -10 0 182 79 229 -1 -1 -1 -1000 -1000 -1000 -10 0.954074
285 77 car -1 -1 -10 590 174 628 212 -1 -1 -1 -1000 -1000 -1000 -10 0.999949
285 82 car -1 -1 -10 430 182 511 239 -1 -1 -1 -1000 -1000 -1000 -10 0.999991
285 84 car -1 -1 -10 68 180 182 223 -1 -1 -1 -1000 -1000 -1000 -10 0.99983
286 69 car -1 -1 -10 0 182 40 230 -1 -1 -1 -1000 -1000 -1000 -10 0.866032
286 77 car -1 -1 -10 590 174 628 212 -1 -1 -1 -1000 -1000 -1000 -10 0.999955
286 82 car -1 -1 -10 400 184 502 249 -1 -1 -1 -1000 -1000 -1000 -10 0.999993
286 84 car -1 -1 -10 34 180 162 226 -1 -1 -1 -1000 -1000 -1000 -10 0.998497
287 77 car -1 -1 -10 590 173 628 212 -1 -1 -1 -1000 -1000 -1000 -10 0.999976
287 82 car -1 -1 -10 359 185 485 264 -1 -1 -1 -1000 -1000 -1000 -10 0.999982
287 84 car -1 -1 -10 2 182 134 228 -1 -1 -1 -1000 -1000 -1000 -10 0.99973
288 77 car -1 -1 -10 590 173 628 212 -1 -1 -1 -1000 -1000 -1000 -10 0.999981
288 82 car -1 -1 -10 293 183 459 289 -1 -1 -1 -1000 -1000 -1000 -10 0.999992
288 84 car -1 -1 -10 0 182 110 227 -1 -1 -1 -1000 -1000 -1000 -10 0.99976
289 77 car -1 -1 -10 590 173 628 212 -1 -1 -1 -1000 -1000 -1000 -10 0.999956
289 82 car -1 -1 -10 174 181 436 335 -1 -1 -1 -1000 -1000 -1000 -10 0.999975
289 84 car -1 -1 -10 0 179 85 228 -1 -1 -1 -1000 -1000 -1000 -10 0.987993
290 69 car -1 -1 -10 0 180 48 227 -1 -1 -1 -1000 -1000 -1000 -10 0.932341
290 77 car -1 -1 -10 590 172 629 211 -1 -1 -1 -1000 -1000 -1000 -10 0.999918
290 82 car -1 -1 -10 0 189 379 375 -1 -1 -1 -1000 -1000 -1000 -10 0.999937
291 77 car -1 -1 -10 590 171 629 211 -1 -1 -1 -1000 -1000 -1000 -10 0.999865
291 82 car -1 -1 -10 0 201 290 372 -1 -1 -1 -1000 -1000 -1000 -10 0.998856
292 77 car -1 -1 -10 590 172 629 211 -1 -1 -1 -1000 -1000 -1000 -10 0.999814
293 77 car -1 -1 -10 590 173 629 211 -1 -1 -1 -1000 -1000 -1000 -10 0.999909
294 77 car -1 -1 -10 590 174 629 212 -1 -1 -1 -1000 -1000 -1000 -10 0.999852
295 77 car -1 -1 -10 592 175 630 215 -1 -1 -1 -1000 -1000 -1000 -10 0.999933
296 77 car -1 -1 -10 592 174 630 214 -1 -1 -1 -1000 -1000 -1000 -10 0.999944
