0 0 car -1 -1 -10 603 174 684 236 -1 -1 -1 -1000 -1000 -1000 -10 0.999991
0 1 car -1 -1 -10 348 179 390 208 -1 -1 -1 -1000 -1000 -1000 -10 0.999664
0 2 car -1 -1 -10 425 179 463 205 -1 -1 -1 -1000 -1000 -1000 -10 0.997898
1 0 car -1 -1 -10 601 175 676 234 -1 -1 -1 -1000 -1000 -1000 -10 0.999989
1 1 car -1 -1 -10 336 179 385 210 -1 -1 -1 -1000 -1000 -1000 -10 0.999745
1 2 car -1 -1 -10 416 178 456 207 -1 -1 -1 -1000 -1000 -1000 -10 0.999687
2 0 car -1 -1 -10 596 176 672 235 -1 -1 -1 -1000 -1000 -1000 -10 0.999988
2 1 car -1 -1 -10 404 179 452 211 -1 -1 -1 -1000 -1000 -1000 -10 0.999817
2 3 car -1 -1 -10 324 180 376 212 -1 -1 -1 -1000 -1000 -1000 -10 0.999406
3 0 car -1 -1 -10 593 180 671 238 -1 -1 -1 -1000 -1000 -1000 -10 0.999874
3 2 car -1 -1 -10 390 181 447 216 -1 -1 -1 -1000 -1000 -1000 -10 0.999606
3 3 car -1 -1 -10 308 183 367 216 -1 -1 -1 -1000 -1000 -1000 -10 0.999728
4 0 car -1 -1 -10 591 180 665 238 -1 -1 -1 -1000 -1000 -1000 -10 0.999977
4 1 car -1 -1 -10 293 184 356 219 -1 -1 -1 -1000 -1000 -1000 -10 0.999967
4 4 car -1 -1 -10 375 183 435 219 -1 -1 -1 -1000 -1000 -1000 -10 0.999913
5 0 car -1 -1 -10 587 180 663 238 -1 -1 -1 -1000 -1000 -1000 -10 0.999974
5 1 car -1 -1 -10 275 183 343 221 -1 -1 -1 -1000 -1000 -1000 -10 0.999962
5 4 car -1 -1 -10 355 183 424 223 -1 -1 -1 -1000 -1000 -1000 -10 0.999992
6 0 car -1 -1 -10 584 181 660 238 -1 -1 -1 -1000 -1000 -1000 -10 0.999969
6 1 car -1 -1 -10 252 184 327 224 -1 -1 -1 -1000 -1000 -1000 -10 0.999991
6 5 car -1 -1 -10 329 184 410 228 -1 -1 -1 -1000 -1000 -1000 -10 0.999972
7 0 car -1 -1 -10 583 182 655 238 -1 -1 -1 -1000 -1000 -1000 -10 0.999963
7 1 car -1 -1 -10 224 185 310 229 -1 -1 -1 -1000 -1000 -1000 -10 0.999758
7 5 car -1 -1 -10 294 186 392 236 -1 -1 -1 -1000 -1000 -1000 -10 0.999984
8 0 car -1 -1 -10 584 183 651 240 -1 -1 -1 -1000 -1000 -1000 -10 0.999988
8 1 car -1 -1 -10 190 186 286 237 -1 -1 -1 -1000 -1000 -1000 -10 0.999966
8 5 car -1 -1 -10 253 189 371 245 -1 -1 -1 -1000 -1000 -1000 -10 0.999994
9 0 car -1 -1 -10 582 182 650 239 -1 -1 -1 -1000 -1000 -1000 -10 0.999992
9 1 car -1 -1 -10 145 186 257 243 -1 -1 -1 -1000 -1000 -1000 -10 0.999735
9 5 car -1 -1 -10 196 191 341 257 -1 -1 -1 -1000 -1000 -1000 -10 0.99995
10 0 car -1 -1 -10 579 181 647 239 -1 -1 -1 -1000 -1000 -1000 -10 0.999983
10 1 car -1 -1 -10 91 184 226 248 -1 -1 -1 -1000 -1000 -1000 -10 0.997574
10 5 car -1 -1 -10 101 189 302 275 -1 -1 -1 -1000 -1000 -1000 -10 0.999532
11 0 car -1 -1 -10 575 181 643 237 -1 -1 -1 -1000 -1000 -1000 -10 0.999968
11 1 car -1 -1 -10 29 188 181 250 -1 -1 -1 -1000 -1000 -1000 -10 0.542248
11 5 car -1 -1 -10 0 191 239 297 -1 -1 -1 -1000 -1000 -1000 -10 0.998529
12 0 car -1 -1 -10 573 180 640 238 -1 -1 -1 -1000 -1000 -1000 -10 0.999983
12 5 car -1 -1 -10 0 188 150 337 -1 -1 -1 -1000 -1000 -1000 -10 0.998296
12 6 car -1 -1 -10 0 189 125 255 -1 -1 -1 -1000 -1000 -1000 -10 0.78286
13 0 car -1 -1 -10 571 181 636 237 -1 -1 -1 -1000 -1000 -1000 -10 0.999986
13 6 car -1 -1 -10 0 177 46 296 -1 -1 -1 -1000 -1000 -1000 -10 0.669116
14 0 car -1 -1 -10 571 178 632 236 -1 -1 -1 -1000 -1000 -1000 -10 0.99997
15 0 car -1 -1 -10 566 177 630 235 -1 -1 -1 -1000 -1000 -1000 -10 0.999967
16 0 car -1 -1 -10 566 175 626 235 -1 -1 -1 -1000 -1000 -1000 -10 0.999993
17 0 car -1 -1 -10 564 176 624 235 -1 -1 -1 -1000 -1000 -1000 -10 0.999991
18 0 car -1 -1 -10 562 177 622 235 -1 -1 -1 -1000 -1000 -1000 -10 0.999983
19 7 car -1 -1 -10 562 177 620 235 -1 -1 -1 -1000 -1000 -1000 -10 0.999957
20 7 car -1 -1 -10 561 178 620 235 -1 -1 -1 -1000 -1000 -1000 -10 0.999869
21 7 car -1 -1 -10 561 178 619 235 -1 -1 -1 -1000 -1000 -1000 -10 0.999676
22 7 car -1 -1 -10 556 181 620 236 -1 -1 -1 -1000 -1000 -1000 -10 0.999638
23 0 car -1 -1 -10 558 180 622 237 -1 -1 -1 -1000 -1000 -1000 -10 0.999585
24 7 car -1 -1 -10 561 178 620 235 -1 -1 -1 -1000 -1000 -1000 -10 0.999786
25 7 car -1 -1 -10 561 178 620 234 -1 -1 -1 -1000 -1000 -1000 -10 0.999911
26 0 car -1 -1 -10 561 176 621 233 -1 -1 -1 -1000 -1000 -1000 -10 0.999932
27 0 car -1 -1 -10 561 175 621 232 -1 -1 -1 -1000 -1000 -1000 -10 0.999955
28 0 car -1 -1 -10 562 175 622 232 -1 -1 -1 -1000 -1000 -1000 -10 0.999965
29 0 car -1 -1 -10 564 174 623 232 -1 -1 -1 -1000 -1000 -1000 -10 0.999936
30 0 car -1 -1 -10 566 173 624 232 -1 -1 -1 -1000 -1000 -1000 -10 0.999951
31 0 car -1 -1 -10 566 174 625 232 -1 -1 -1 -1000 -1000 -1000 -10 0.999953
32 0 car -1 -1 -10 568 175 626 233 -1 -1 -1 -1000 -1000 -1000 -10 0.99989
33 0 car -1 -1 -10 570 176 627 231 -1 -1 -1 -1000 -1000 -1000 -10 0.999911
34 8 car -1 -1 -10 573 178 629 233 -1 -1 -1 -1000 -1000 -1000 -10 0.999862
35 8 car -1 -1 -10 573 177 630 232 -1 -1 -1 -1000 -1000 -1000 -10 0.999944
36 8 car -1 -1 -10 573 175 631 232 -1 -1 -1 -1000 -1000 -1000 -10 0.999943
37 8 car -1 -1 -10 575 175 633 231 -1 -1 -1 -1000 -1000 -1000 -10 0.999922
38 8 car -1 -1 -10 575 174 633 231 -1 -1 -1 -1000 -1000 -1000 -10 0.999943
39 8 car -1 -1 -10 575 175 633 231 -1 -1 -1 -1000 -1000 -1000 -10 0.999925
40 8 car -1 -1 -10 576 175 633 231 -1 -1 -1 -1000 -1000 -1000 -10 0.999937
41 8 car -1 -1 -10 577 176 633 231 -1 -1 -1 -1000 -1000 -1000 -10 0.999966
42 8 car -1 -1 -10 576 176 632 230 -1 -1 -1 -1000 -1000 -1000 -10 0.99996
43 8 car -1 -1 -10 577 176 633 231 -1 -1 -1 -1000 -1000 -1000 -10 0.999957
44 9 car -1 -1 -10 578 177 632 231 -1 -1 -1 -1000 -1000 -1000 -10 0.999948
45 9 car -1 -1 -10 578 178 631 232 -1 -1 -1 -1000 -1000 -1000 -10 0.999935
46 9 car -1 -1 -10 577 178 632 231 -1 -1 -1 -1000 -1000 -1000 -10 0.999876
47 9 car -1 -1 -10 577 179 631 230 -1 -1 -1 -1000 -1000 -1000 -10 0.999919
48 9 car -1 -1 -10 576 178 631 231 -1 -1 -1 -1000 -1000 -1000 -10 0.999952
49 10 car -1 -1 -10 576 178 629 232 -1 -1 -1 -1000 -1000 -1000 -10 0.999963
50 10 car -1 -1 -10 577 179 628 233 -1 -1 -1 -1000 -1000 -1000 -10 0.999956
51 10 car -1 -1 -10 577 179 627 234 -1 -1 -1 -1000 -1000 -1000 -10 0.999953
52 10 car -1 -1 -10 576 179 627 232 -1 -1 -1 -1000 -1000 -1000 -10 0.999977
53 10 car -1 -1 -10 574 178 628 231 -1 -1 -1 -1000 -1000 -1000 -10 0.999974
54 10 car -1 -1 -10 573 178 628 230 -1 -1 -1 -1000 -1000 -1000 -10 0.999959
55 11 car -1 -1 -10 571 177 624 228 -1 -1 -1 -1000 -1000 -1000 -10 0.999967
56 11 car -1 -1 -10 570 175 623 227 -1 -1 -1 -1000 -1000 -1000 -10 0.999967
57 11 car -1 -1 -10 568 175 621 227 -1 -1 -1 -1000 -1000 -1000 -10 0.999955
58 10 car -1 -1 -10 567 178 620 229 -1 -1 -1 -1000 -1000 -1000 -10 0.999929
59 10 car -1 -1 -10 567 180 618 232 -1 -1 -1 -1000 -1000 -1000 -10 0.999915
60 10 car -1 -1 -10 564 184 619 234 -1 -1 -1 -1000 -1000 -1000 -10 0.999825
61 10 car -1 -1 -10 565 182 616 232 -1 -1 -1 -1000 -1000 -1000 -10 0.99967
62 12 car -1 -1 -10 563 175 618 224 -1 -1 -1 -1000 -1000 -1000 -10 0.999563
63 10 car -1 -1 -10 564 171 616 220 -1 -1 -1 -1000 -1000 -1000 -10 0.999769
64 12 car -1 -1 -10 563 175 613 223 -1 -1 -1 -1000 -1000 -1000 -10 0.999379
65 12 car -1 -1 -10 563 177 617 228 -1 -1 -1 -1000 -1000 -1000 -10 0.999936
66 10 car -1 -1 -10 562 180 613 229 -1 -1 -1 -1000 -1000 -1000 -10 0.999878
67 12 car -1 -1 -10 562 180 613 228 -1 -1 -1 -1000 -1000 -1000 -10 0.999861
68 12 car -1 -1 -10 563 177 613 227 -1 -1 -1 -1000 -1000 -1000 -10 0.999907
69 12 car -1 -1 -10 564 176 613 225 -1 -1 -1 -1000 -1000 -1000 -10 0.999851
69 13 car -1 -1 -10 498 178 525 197 -1 -1 -1 -1000 -1000 -1000 -10 0.886882
70 12 car -1 -1 -10 563 176 613 223 -1 -1 -1 -1000 -1000 -1000 -10 0.999628
70 13 car -1 -1 -10 494 177 521 196 -1 -1 -1 -1000 -1000 -1000 -10 0.970587
71 12 car -1 -1 -10 563 175 613 224 -1 -1 -1 -1000 -1000 -1000 -10 0.999743
71 14 car -1 -1 -10 485 178 517 198 -1 -1 -1 -1000 -1000 -1000 -10 0.991997
72 12 car -1 -1 -10 565 176 615 226 -1 -1 -1 -1000 -1000 -1000 -10 0.999681
72 13 car -1 -1 -10 480 178 512 203 -1 -1 -1 -1000 -1000 -1000 -10 0.998731
73 12 car -1 -1 -10 565 175 616 225 -1 -1 -1 -1000 -1000 -1000 -10 0.99973
73 13 car -1 -1 -10 471 180 507 206 -1 -1 -1 -1000 -1000 -1000 -10 0.999678
74 12 car -1 -1 -10 565 176 616 223 -1 -1 -1 -1000 -1000 -1000 -10 0.99968
74 15 car -1 -1 -10 462 179 501 208 -1 -1 -1 -1000 -1000 -1000 -10 0.999773
75 12 car -1 -1 -10 564 176 617 223 -1 -1 -1 -1000 -1000 -1000 -10 0.999653
75 14 car -1 -1 -10 531 177 559 199 -1 -1 -1 -1000 -1000 -1000 -10 0.999351
75 15 car -1 -1 -10 452 182 493 211 -1 -1 -1 -1000 -1000 -1000 -10 0.999349
76 12 car -1 -1 -10 565 176 616 224 -1 -1 -1 -1000 -1000 -1000 -10 0.999713
76 14 car -1 -1 -10 526 177 555 202 -1 -1 -1 -1000 -1000 -1000 -10 0.999812
76 15 car -1 -1 -10 436 182 485 215 -1 -1 -1 -1000 -1000 -1000 -10 0.999699
77 12 car -1 -1 -10 565 176 616 224 -1 -1 -1 -1000 -1000 -1000 -10 0.999588
77 15 car -1 -1 -10 520 176 552 204 -1 -1 -1 -1000 -1000 -1000 -10 0.999734
77 16 car -1 -1 -10 419 183 474 218 -1 -1 -1 -1000 -1000 -1000 -10 0.999639
78 12 car -1 -1 -10 566 179 616 227 -1 -1 -1 -1000 -1000 -1000 -10 0.9998
78 13 car -1 -1 -10 513 180 547 211 -1 -1 -1 -1000 -1000 -1000 -10 0.99993
78 17 car -1 -1 -10 400 187 461 226 -1 -1 -1 -1000 -1000 -1000 -10 0.99998
79 12 car -1 -1 -10 566 186 617 232 -1 -1 -1 -1000 -1000 -1000 -10 0.999376
79 13 car -1 -1 -10 505 187 544 220 -1 -1 -1 -1000 -1000 -1000 -10 0.999976
79 17 car -1 -1 -10 374 194 444 238 -1 -1 -1 -1000 -1000 -1000 -10 0.99998
80 12 car -1 -1 -10 566 185 617 233 -1 -1 -1 -1000 -1000 -1000 -10 0.999713
80 17 car -1 -1 -10 343 198 426 247 -1 -1 -1 -1000 -1000 -1000 -10 0.999985
80 18 car -1 -1 -10 492 188 541 224 -1 -1 -1 -1000 -1000 -1000 -10 0.999848
81 12 car -1 -1 -10 568 182 617 231 -1 -1 -1 -1000 -1000 -1000 -10 0.999825
81 17 car -1 -1 -10 302 196 403 257 -1 -1 -1 -1000 -1000 -1000 -10 0.99997
81 18 car -1 -1 -10 481 187 532 226 -1 -1 -1 -1000 -1000 -1000 -10 0.999913
82 12 car -1 -1 -10 569 182 617 230 -1 -1 -1 -1000 -1000 -1000 -10 0.999901
82 16 car -1 -1 -10 464 187 523 232 -1 -1 -1 -1000 -1000 -1000 -10 0.999995
82 17 car -1 -1 -10 239 199 371 272 -1 -1 -1 -1000 -1000 -1000 -10 0.999995
83 12 car -1 -1 -10 568 181 618 229 -1 -1 -1 -1000 -1000 -1000 -10 0.999948
83 16 car -1 -1 -10 440 186 512 238 -1 -1 -1 -1000 -1000 -1000 -10 0.99999
83 17 car -1 -1 -10 147 202 328 294 -1 -1 -1 -1000 -1000 -1000 -10 0.999964
83 19 car -1 -1 -10 791 169 828 191 -1 -1 -1 -1000 -1000 -1000 -10 0.955667
84 12 car -1 -1 -10 567 179 618 226 -1 -1 -1 -1000 -1000 -1000 -10 0.999862
84 16 car -1 -1 -10 408 183 496 249 -1 -1 -1 -1000 -1000 -1000 -10 0.999967
84 17 car -1 -1 -10 0 205 266 330 -1 -1 -1 -1000 -1000 -1000 -10 0.999801
84 19 car -1 -1 -10 799 168 834 189 -1 -1 -1 -1000 -1000 -1000 -10 0.881317
85 12 car -1 -1 -10 568 177 618 224 -1 -1 -1 -1000 -1000 -1000 -10 0.999871
85 16 car -1 -1 -10 360 184 479 266 -1 -1 -1 -1000 -1000 -1000 -10 0.999982
85 17 car -1 -1 -10 0 212 159 375 -1 -1 -1 -1000 -1000 -1000 -10 0.998979
85 19 car -1 -1 -10 804 164 836 188 -1 -1 -1 -1000 -1000 -1000 -10 0.79738
86 12 car -1 -1 -10 568 177 619 224 -1 -1 -1 -1000 -1000 -1000 -10 0.999841
86 16 car -1 -1 -10 281 185 449 299 -1 -1 -1 -1000 -1000 -1000 -10 0.999991
86 19 car -1 -1 -10 805 166 848 189 -1 -1 -1 -1000 -1000 -1000 -10 0.498538
87 12 car -1 -1 -10 568 179 619 226 -1 -1 -1 -1000 -1000 -1000 -10 0.999881
87 16 car -1 -1 -10 116 198 405 357 -1 -1 -1 -1000 -1000 -1000 -10 0.999988
87 19 car -1 -1 -10 809 167 854 191 -1 -1 -1 -1000 -1000 -1000 -10 0.963696
88 12 car -1 -1 -10 568 178 619 226 -1 -1 -1 -1000 -1000 -1000 -10 0.999848
88 17 car -1 -1 -10 0 198 332 374 -1 -1 -1 -1000 -1000 -1000 -10 0.998623
88 19 car -1 -1 -10 814 166 858 190 -1 -1 -1 -1000 -1000 -1000 -10 0.97243
89 12 car -1 -1 -10 568 178 619 226 -1 -1 -1 -1000 -1000 -1000 -10 0.999726
89 17 car -1 -1 -10 0 214 139 375 -1 -1 -1 -1000 -1000 -1000 -10 0.983481
89 19 car -1 -1 -10 819 166 870 191 -1 -1 -1 -1000 -1000 -1000 -10 0.701579
90 12 car -1 -1 -10 568 178 619 225 -1 -1 -1 -1000 -1000 -1000 -10 0.999732
91 12 car -1 -1 -10 569 177 618 225 -1 -1 -1 -1000 -1000 -1000 -10 0.999571
91 19 car -1 -1 -10 829 166 886 190 -1 -1 -1 -1000 -1000 -1000 -10 0.885386
92 12 car -1 -1 -10 568 176 619 223 -1 -1 -1 -1000 -1000 -1000 -10 0.999659
92 19 car -1 -1 -10 834 162 890 188 -1 -1 -1 -1000 -1000 -1000 -10 0.980491
93 12 car -1 -1 -10 568 175 618 223 -1 -1 -1 -1000 -1000 -1000 -10 0.999734
93 19 car -1 -1 -10 836 159 899 190 -1 -1 -1 -1000 -1000 -1000 -10 0.989675
93 20 car -1 -1 -10 797 163 847 187 -1 -1 -1 -1000 -1000 -1000 -10 0.482764
94 12 car -1 -1 -10 568 176 617 223 -1 -1 -1 -1000 -1000 -1000 -10 0.999745
94 19 car -1 -1 -10 843 160 910 188 -1 -1 -1 -1000 -1000 -1000 -10 0.951651
94 20 car -1 -1 -10 801 164 849 185 -1 -1 -1 -1000 -1000 -1000 -10 0.914011
95 12 car -1 -1 -10 568 178 617 225 -1 -1 -1 -1000 -1000 -1000 -10 0.999696
95 20 car -1 -1 -10 811 164 854 186 -1 -1 -1 -1000 -1000 -1000 -10 0.959381
95 21 car -1 -1 -10 854 158 922 188 -1 -1 -1 -1000 -1000 -1000 -10 0.889834
96 12 car -1 -1 -10 567 177 616 226 -1 -1 -1 -1000 -1000 -1000 -10 0.999815
96 19 car -1 -1 -10 859 158 931 189 -1 -1 -1 -1000 -1000 -1000 -10 0.997902
96 20 car -1 -1 -10 816 164 858 185 -1 -1 -1 -1000 -1000 -1000 -10 0.864393
97 12 car -1 -1 -10 566 177 616 225 -1 -1 -1 -1000 -1000 -1000 -10 0.999839
97 19 car -1 -1 -10 867 156 940 190 -1 -1 -1 -1000 -1000 -1000 -10 0.999015
97 20 car -1 -1 -10 820 161 868 186 -1 -1 -1 -1000 -1000 -1000 -10 0.992958
98 12 car -1 -1 -10 565 176 616 224 -1 -1 -1 -1000 -1000 -1000 -10 0.999805
98 19 car -1 -1 -10 876 153 951 189 -1 -1 -1 -1000 -1000 -1000 -10 0.999528
98 20 car -1 -1 -10 823 159 873 183 -1 -1 -1 -1000 -1000 -1000 -10 0.957194
99 12 car -1 -1 -10 564 175 613 223 -1 -1 -1 -1000 -1000 -1000 -10 0.999756
99 19 car -1 -1 -10 884 153 964 187 -1 -1 -1 -1000 -1000 -1000 -10 0.999398
99 20 car -1 -1 -10 829 158 877 181 -1 -1 -1 -1000 -1000 -1000 -10 0.959494
100 12 car -1 -1 -10 564 176 613 224 -1 -1 -1 -1000 -1000 -1000 -10 0.999813
100 19 car -1 -1 -10 894 151 978 189 -1 -1 -1 -1000 -1000 -1000 -10 0.999366
100 20 car -1 -1 -10 838 159 886 183 -1 -1 -1 -1000 -1000 -1000 -10 0.892912
100 22 car -1 -1 -10 817 167 853 183 -1 -1 -1 -1000 -1000 -1000 -10 0.886555
101 12 car -1 -1 -10 563 178 612 227 -1 -1 -1 -1000 -1000 -1000 -10 0.999784
101 19 car -1 -1 -10 904 152 992 191 -1 -1 -1 -1000 -1000 -1000 -10 0.998877
101 20 car -1 -1 -10 841 160 894 186 -1 -1 -1 -1000 -1000 -1000 -10 0.988232
101 22 car -1 -1 -10 821 169 861 187 -1 -1 -1 -1000 -1000 -1000 -10 0.846873
102 12 car -1 -1 -10 562 180 613 228 -1 -1 -1 -1000 -1000 -1000 -10 0.999816
102 19 car -1 -1 -10 914 152 1010 193 -1 -1 -1 -1000 -1000 -1000 -10 0.981547
102 20 car -1 -1 -10 850 159 904 189 -1 -1 -1 -1000 -1000 -1000 -10 0.99399
102 22 car -1 -1 -10 825 170 870 189 -1 -1 -1 -1000 -1000 -1000 -10 0.80702
103 12 car -1 -1 -10 561 179 612 227 -1 -1 -1 -1000 -1000 -1000 -10 0.999821
103 19 car -1 -1 -10 927 152 1031 192 -1 -1 -1 -1000 -1000 -1000 -10 0.999155
103 20 car -1 -1 -10 854 157 919 190 -1 -1 -1 -1000 -1000 -1000 -10 0.998108
103 22 car -1 -1 -10 831 169 877 189 -1 -1 -1 -1000 -1000 -1000 -10 0.89989
104 12 car -1 -1 -10 561 177 613 227 -1 -1 -1 -1000 -1000 -1000 -10 0.999876
104 19 car -1 -1 -10 943 150 1045 193 -1 -1 -1 -1000 -1000 -1000 -10 0.997838
104 20 car -1 -1 -10 863 157 930 189 -1 -1 -1 -1000 -1000 -1000 -10 0.999011
104 22 car -1 -1 -10 840 168 883 189 -1 -1 -1 -1000 -1000 -1000 -10 0.967907
105 12 car -1 -1 -10 560 177 612 227 -1 -1 -1 -1000 -1000 -1000 -10 0.99983
105 19 car -1 -1 -10 956 149 1069 194 -1 -1 -1 -1000 -1000 -1000 -10 0.999193
105 20 car -1 -1 -10 872 156 943 189 -1 -1 -1 -1000 -1000 -1000 -10 0.999366
105 22 car -1 -1 -10 847 168 892 189 -1 -1 -1 -1000 -1000 -1000 -10 0.972498
106 12 car -1 -1 -10 561 177 613 227 -1 -1 -1 -1000 -1000 -1000 -10 0.999879
106 19 car -1 -1 -10 973 146 1094 196 -1 -1 -1 -1000 -1000 -1000 -10 0.999904
106 22 car -1 -1 -10 853 168 902 191 -1 -1 -1 -1000 -1000 -1000 -10 0.994216
106 23 car -1 -1 -10 882 156 959 190 -1 -1 -1 -1000 -1000 -1000 -10 0.99916
107 12 car -1 -1 -10 561 178 614 227 -1 -1 -1 -1000 -1000 -1000 -10 0.999896
107 19 car -1 -1 -10 992 146 1121 198 -1 -1 -1 -1000 -1000 -1000 -10 0.999412
107 20 car -1 -1 -10 891 157 978 190 -1 -1 -1 -1000 -1000 -1000 -10 0.997597
107 24 car -1 -1 -10 866 168 912 190 -1 -1 -1 -1000 -1000 -1000 -10 0.992486
108 12 car -1 -1 -10 561 178 615 227 -1 -1 -1 -1000 -1000 -1000 -10 0.999712
108 19 car -1 -1 -10 1013 147 1156 198 -1 -1 -1 -1000 -1000 -1000 -10 0.999325
108 20 car -1 -1 -10 904 156 989 191 -1 -1 -1 -1000 -1000 -1000 -10 0.998297
108 22 car -1 -1 -10 872 168 925 189 -1 -1 -1 -1000 -1000 -1000 -10 0.99002
109 12 car -1 -1 -10 562 178 614 227 -1 -1 -1 -1000 -1000 -1000 -10 0.999796
109 19 car -1 -1 -10 1035 145 1188 200 -1 -1 -1 -1000 -1000 -1000 -10 0.998858
109 20 car -1 -1 -10 919 154 1003 192 -1 -1 -1 -1000 -1000 -1000 -10 0.999685
109 22 car -1 -1 -10 881 167 937 191 -1 -1 -1 -1000 -1000 -1000 -10 0.983314
109 25 car -1 -1 -10 515 177 541 198 -1 -1 -1 -1000 -1000 -1000 -10 0.995466
110 12 car -1 -1 -10 562 178 614 227 -1 -1 -1 -1000 -1000 -1000 -10 0.999789
110 19 car -1 -1 -10 1058 141 1218 198 -1 -1 -1 -1000 -1000 -1000 -10 0.924601
110 20 car -1 -1 -10 928 154 1026 191 -1 -1 -1 -1000 -1000 -1000 -10 0.999497
110 22 car -1 -1 -10 892 167 950 191 -1 -1 -1 -1000 -1000 -1000 -10 0.99341
110 25 car -1 -1 -10 511 177 537 200 -1 -1 -1 -1000 -1000 -1000 -10 0.997619
111 12 car -1 -1 -10 563 177 617 227 -1 -1 -1 -1000 -1000 -1000 -10 0.999827
111 19 car -1 -1 -10 1098 141 1242 203 -1 -1 -1 -1000 -1000 -1000 -10 0.994061
111 20 car -1 -1 -10 945 152 1049 189 -1 -1 -1 -1000 -1000 -1000 -10 0.999009
111 25 car -1 -1 -10 506 178 534 200 -1 -1 -1 -1000 -1000 -1000 -10 0.999345
111 26 car -1 -1 -10 904 166 966 191 -1 -1 -1 -1000 -1000 -1000 -10 0.973954
112 12 car -1 -1 -10 564 178 617 227 -1 -1 -1 -1000 -1000 -1000 -10 0.999887
112 19 car -1 -1 -10 1122 134 1242 205 -1 -1 -1 -1000 -1000 -1000 -10 0.961602
112 20 car -1 -1 -10 962 151 1065 191 -1 -1 -1 -1000 -1000 -1000 -10 0.999502
112 25 car -1 -1 -10 500 177 530 203 -1 -1 -1 -1000 -1000 -1000 -10 0.999036
112 26 car -1 -1 -10 915 166 982 192 -1 -1 -1 -1000 -1000 -1000 -10 0.98768
113 12 car -1 -1 -10 564 179 618 228 -1 -1 -1 -1000 -1000 -1000 -10 0.999832
113 19 car -1 -1 -10 1151 138 1242 210 -1 -1 -1 -1000 -1000 -1000 -10 0.98215
113 20 car -1 -1 -10 979 152 1087 195 -1 -1 -1 -1000 -1000 -1000 -10 0.999133
113 25 car -1 -1 -10 492 178 526 208 -1 -1 -1 -1000 -1000 -1000 -10 0.999856
113 26 car -1 -1 -10 926 168 999 195 -1 -1 -1 -1000 -1000 -1000 -10 0.987745
114 12 car -1 -1 -10 564 180 619 229 -1 -1 -1 -1000 -1000 -1000 -10 0.999745
114 19 car -1 -1 -10 1189 138 1242 209 -1 -1 -1 -1000 -1000 -1000 -10 0.995841
114 20 car -1 -1 -10 995 151 1118 197 -1 -1 -1 -1000 -1000 -1000 -10 0.999292
114 25 car -1 -1 -10 484 179 520 209 -1 -1 -1 -1000 -1000 -1000 -10 0.999827
114 26 car -1 -1 -10 939 168 1018 199 -1 -1 -1 -1000 -1000 -1000 -10 0.999066
115 12 car -1 -1 -10 564 177 619 228 -1 -1 -1 -1000 -1000 -1000 -10 0.999665
115 20 car -1 -1 -10 1012 150 1151 194 -1 -1 -1 -1000 -1000 -1000 -10 0.998002
115 25 car -1 -1 -10 476 177 514 209 -1 -1 -1 -1000 -1000 -1000 -10 0.999591
115 27 car -1 -1 -10 951 164 1043 195 -1 -1 -1 -1000 -1000 -1000 -10 0.993733
116 12 car -1 -1 -10 565 175 620 226 -1 -1 -1 -1000 -1000 -1000 -10 0.999684
116 20 car -1 -1 -10 1035 147 1182 191 -1 -1 -1 -1000 -1000 -1000 -10 0.999453
116 25 car -1 -1 -10 464 176 508 212 -1 -1 -1 -1000 -1000 -1000 -10 0.999547
116 27 car -1 -1 -10 969 162 1061 195 -1 -1 -1 -1000 -1000 -1000 -10 0.992209
117 12 car -1 -1 -10 564 175 621 227 -1 -1 -1 -1000 -1000 -1000 -10 0.999627
117 20 car -1 -1 -10 1062 142 1216 193 -1 -1 -1 -1000 -1000 -1000 -10 0.998031
117 25 car -1 -1 -10 450 179 501 218 -1 -1 -1 -1000 -1000 -1000 -10 0.998487
117 27 car -1 -1 -10 989 158 1078 193 -1 -1 -1 -1000 -1000 -1000 -10 0.999391
118 12 car -1 -1 -10 565 177 622 229 -1 -1 -1 -1000 -1000 -1000 -10 0.999526
118 20 car -1 -1 -10 1094 141 1242 195 -1 -1 -1 -1000 -1000 -1000 -10 0.998951
118 25 car -1 -1 -10 433 181 490 224 -1 -1 -1 -1000 -1000 -1000 -10 0.999894
118 27 car -1 -1 -10 1009 159 1112 197 -1 -1 -1 -1000 -1000 -1000 -10 0.998754
119 12 car -1 -1 -10 566 181 622 231 -1 -1 -1 -1000 -1000 -1000 -10 0.999702
119 20 car -1 -1 -10 1120 145 1242 204 -1 -1 -1 -1000 -1000 -1000 -10 0.99962
119 25 car -1 -1 -10 413 187 476 232 -1 -1 -1 -1000 -1000 -1000 -10 0.999746
119 27 car -1 -1 -10 1028 165 1138 205 -1 -1 -1 -1000 -1000 -1000 -10 0.998843
119 28 car -1 -1 -10 519 182 545 202 -1 -1 -1 -1000 -1000 -1000 -10 0.99894
120 12 car -1 -1 -10 566 181 622 231 -1 -1 -1 -1000 -1000 -1000 -10 0.999665
120 19 car -1 -1 -10 1158 147 1242 205 -1 -1 -1 -1000 -1000 -1000 -10 0.999343
120 25 car -1 -1 -10 384 188 458 239 -1 -1 -1 -1000 -1000 -1000 -10 0.999938
120 27 car -1 -1 -10 1044 165 1170 205 -1 -1 -1 -1000 -1000 -1000 -10 0.990889
120 28 car -1 -1 -10 514 180 542 204 -1 -1 -1 -1000 -1000 -1000 -10 0.99935
121 12 car -1 -1 -10 565 175 622 228 -1 -1 -1 -1000 -1000 -1000 -10 0.999468
121 19 car -1 -1 -10 1191 141 1242 206 -1 -1 -1 -1000 -1000 -1000 -10 0.990866
121 25 car -1 -1 -10 347 180 439 244 -1 -1 -1 -1000 -1000 -1000 -10 0.999944
121 27 car -1 -1 -10 1077 162 1203 207 -1 -1 -1 -1000 -1000 -1000 -10 0.999609
121 28 car -1 -1 -10 507 176 537 200 -1 -1 -1 -1000 -1000 -1000 -10 0.999317
122 12 car -1 -1 -10 566 174 623 226 -1 -1 -1 -1000 -1000 -1000 -10 0.999664
122 20 car -1 -1 -10 1104 160 1242 206 -1 -1 -1 -1000 -1000 -1000 -10 0.999573
122 25 car -1 -1 -10 296 182 415 255 -1 -1 -1 -1000 -1000 -1000 -10 0.99998
122 28 car -1 -1 -10 502 174 534 199 -1 -1 -1 -1000 -1000 -1000 -10 0.998165
123 12 car -1 -1 -10 565 175 624 226 -1 -1 -1 -1000 -1000 -1000 -10 0.999051
123 20 car -1 -1 -10 1126 154 1242 202 -1 -1 -1 -1000 -1000 -1000 -10 0.998443
123 25 car -1 -1 -10 218 185 376 281 -1 -1 -1 -1000 -1000 -1000 -10 0.999893
123 28 car -1 -1 -10 493 175 529 202 -1 -1 -1 -1000 -1000 -1000 -10 0.999475
124 12 car -1 -1 -10 566 174 624 226 -1 -1 -1 -1000 -1000 -1000 -10 0.999469
124 20 car -1 -1 -10 1163 151 1242 199 -1 -1 -1 -1000 -1000 -1000 -10 0.981812
124 25 car -1 -1 -10 80 189 324 328 -1 -1 -1 -1000 -1000 -1000 -10 0.999891
124 28 car -1 -1 -10 484 175 523 206 -1 -1 -1 -1000 -1000 -1000 -10 0.999836
125 12 car -1 -1 -10 567 175 623 228 -1 -1 -1 -1000 -1000 -1000 -10 0.99931
125 19 car -1 -1 -10 1200 157 1242 201 -1 -1 -1 -1000 -1000 -1000 -10 0.782013
125 25 car -1 -1 -10 0 210 224 375 -1 -1 -1 -1000 -1000 -1000 -10 0.999131
125 29 car -1 -1 -10 473 179 516 210 -1 -1 -1 -1000 -1000 -1000 -10 0.999557
126 12 car -1 -1 -10 566 177 625 230 -1 -1 -1 -1000 -1000 -1000 -10 0.999464
126 29 car -1 -1 -10 462 182 510 217 -1 -1 -1 -1000 -1000 -1000 -10 0.9994
127 12 car -1 -1 -10 566 179 624 231 -1 -1 -1 -1000 -1000 -1000 -10 0.99927
127 29 car -1 -1 -10 444 185 502 223 -1 -1 -1 -1000 -1000 -1000 -10 0.999821
128 12 car -1 -1 -10 566 179 623 231 -1 -1 -1 -1000 -1000 -1000 -10 0.999161
128 29 car -1 -1 -10 427 187 488 227 -1 -1 -1 -1000 -1000 -1000 -10 0.999893
129 12 car -1 -1 -10 566 177 623 231 -1 -1 -1 -1000 -1000 -1000 -10 0.9987
129 27 car -1 -1 -10 403 187 475 233 -1 -1 -1 -1000 -1000 -1000 -10 0.999975
130 12 car -1 -1 -10 566 176 623 231 -1 -1 -1 -1000 -1000 -1000 -10 0.999199
130 27 car -1 -1 -10 373 188 457 241 -1 -1 -1 -1000 -1000 -1000 -10 0.999975
131 12 car -1 -1 -10 565 175 623 229 -1 -1 -1 -1000 -1000 -1000 -10 0.999634
131 27 car -1 -1 -10 330 191 438 250 -1 -1 -1 -1000 -1000 -1000 -10 0.999985
132 12 car -1 -1 -10 564 176 624 230 -1 -1 -1 -1000 -1000 -1000 -10 0.999586
132 27 car -1 -1 -10 276 196 410 268 -1 -1 -1 -1000 -1000 -1000 -10 0.999987
133 12 car -1 -1 -10 564 177 624 231 -1 -1 -1 -1000 -1000 -1000 -10 0.999364
133 27 car -1 -1 -10 188 197 374 298 -1 -1 -1 -1000 -1000 -1000 -10 0.999968
134 12 car -1 -1 -10 564 179 622 232 -1 -1 -1 -1000 -1000 -1000 -10 0.999549
134 27 car -1 -1 -10 32 208 316 341 -1 -1 -1 -1000 -1000 -1000 -10 0.99999
135 12 car -1 -1 -10 564 183 621 235 -1 -1 -1 -1000 -1000 -1000 -10 0.999238
135 25 car -1 -1 -10 0 216 228 375 -1 -1 -1 -1000 -1000 -1000 -10 0.999547
135 30 car -1 -1 -10 807 173 841 190 -1 -1 -1 -1000 -1000 -1000 -10 0.535952
135 31 car -1 -1 -10 826 169 860 190 -1 -1 -1 -1000 -1000 -1000 -10 0.522038
136 12 car -1 -1 -10 565 183 621 235 -1 -1 -1 -1000 -1000 -1000 -10 0.999667
136 25 car -1 -1 -10 0 221 73 375 -1 -1 -1 -1000 -1000 -1000 -10 0.503833
136 30 car -1 -1 -10 812 172 847 192 -1 -1 -1 -1000 -1000 -1000 -10 0.428605
136 31 car -1 -1 -10 834 168 870 191 -1 -1 -1 -1000 -1000 -1000 -10 0.857827
137 12 car -1 -1 -10 566 182 621 235 -1 -1 -1 -1000 -1000 -1000 -10 0.999335
137 30 car -1 -1 -10 819 172 850 190 -1 -1 -1 -1000 -1000 -1000 -10 0.904088
137 31 car -1 -1 -10 841 166 877 192 -1 -1 -1 -1000 -1000 -1000 -10 0.540207
138 12 car -1 -1 -10 566 178 623 231 -1 -1 -1 -1000 -1000 -1000 -10 0.999731
138 30 car -1 -1 -10 825 171 861 190 -1 -1 -1 -1000 -1000 -1000 -10 0.620995
138 32 car -1 -1 -10 847 166 884 191 -1 -1 -1 -1000 -1000 -1000 -10 0.946944
139 12 car -1 -1 -10 567 175 624 231 -1 -1 -1 -1000 -1000 -1000 -10 0.99976
139 30 car -1 -1 -10 831 169 863 188 -1 -1 -1 -1000 -1000 -1000 -10 0.535396
139 32 car -1 -1 -10 854 164 893 193 -1 -1 -1 -1000 -1000 -1000 -10 0.955038
140 12 car -1 -1 -10 569 173 626 229 -1 -1 -1 -1000 -1000 -1000 -10 0.999858
140 30 car -1 -1 -10 835 167 873 187 -1 -1 -1 -1000 -1000 -1000 -10 0.688015
140 31 car -1 -1 -10 860 161 905 190 -1 -1 -1 -1000 -1000 -1000 -10 0.948815
141 12 car -1 -1 -10 569 174 628 228 -1 -1 -1 -1000 -1000 -1000 -10 0.999654
141 31 car -1 -1 -10 865 161 913 187 -1 -1 -1 -1000 -1000 -1000 -10 0.938088
141 33 car -1 -1 -10 651 172 676 196 -1 -1 -1 -1000 -1000 -1000 -10 0.998065
141 34 car -1 -1 -10 843 166 883 186 -1 -1 -1 -1000 -1000 -1000 -10 0.928444
142 12 car -1 -1 -10 572 176 630 230 -1 -1 -1 -1000 -1000 -1000 -10 0.999414
142 31 car -1 -1 -10 877 160 920 188 -1 -1 -1 -1000 -1000 -1000 -10 0.994022
142 33 car -1 -1 -10 653 175 681 197 -1 -1 -1 -1000 -1000 -1000 -10 0.991698
142 35 car -1 -1 -10 850 167 889 187 -1 -1 -1 -1000 -1000 -1000 -10 0.754854
143 12 car -1 -1 -10 573 176 631 231 -1 -1 -1 -1000 -1000 -1000 -10 0.99977
143 31 car -1 -1 -10 884 160 934 190 -1 -1 -1 -1000 -1000 -1000 -10 0.987298
143 33 car -1 -1 -10 655 175 681 201 -1 -1 -1 -1000 -1000 -1000 -10 0.995236
143 35 car -1 -1 -10 858 168 899 188 -1 -1 -1 -1000 -1000 -1000 -10 0.970411
144 12 car -1 -1 -10 574 175 632 233 -1 -1 -1 -1000 -1000 -1000 -10 0.999866
144 31 car -1 -1 -10 894 161 947 190 -1 -1 -1 -1000 -1000 -1000 -10 0.969596
144 33 car -1 -1 -10 658 176 686 202 -1 -1 -1 -1000 -1000 -1000 -10 0.995104
144 35 car -1 -1 -10 864 168 911 189 -1 -1 -1 -1000 -1000 -1000 -10 0.961956
145 12 car -1 -1 -10 576 175 634 234 -1 -1 -1 -1000 -1000 -1000 -10 0.999948
145 31 car -1 -1 -10 903 162 968 193 -1 -1 -1 -1000 -1000 -1000 -10 0.985862
145 35 car -1 -1 -10 873 169 921 192 -1 -1 -1 -1000 -1000 -1000 -10 0.99337
145 36 car -1 -1 -10 660 177 689 204 -1 -1 -1 -1000 -1000 -1000 -10 0.999488
146 12 car -1 -1 -10 578 175 635 234 -1 -1 -1 -1000 -1000 -1000 -10 0.999857
146 31 car -1 -1 -10 915 163 974 192 -1 -1 -1 -1000 -1000 -1000 -10 0.96451
146 35 car -1 -1 -10 885 167 931 193 -1 -1 -1 -1000 -1000 -1000 -10 0.982608
146 36 car -1 -1 -10 662 178 693 205 -1 -1 -1 -1000 -1000 -1000 -10 0.999675
147 12 car -1 -1 -10 580 176 637 232 -1 -1 -1 -1000 -1000 -1000 -10 0.999939
147 31 car -1 -1 -10 922 162 991 193 -1 -1 -1 -1000 -1000 -1000 -10 0.582403
147 35 car -1 -1 -10 888 169 948 192 -1 -1 -1 -1000 -1000 -1000 -10 0.937684
147 36 car -1 -1 -10 664 179 695 207 -1 -1 -1 -1000 -1000 -1000 -10 0.999765
148 12 car -1 -1 -10 581 176 638 231 -1 -1 -1 -1000 -1000 -1000 -10 0.999948
148 31 car -1 -1 -10 938 162 1007 196 -1 -1 -1 -1000 -1000 -1000 -10 0.996481
148 37 car -1 -1 -10 668 177 700 209 -1 -1 -1 -1000 -1000 -1000 -10 0.999549
148 38 car -1 -1 -10 898 169 952 194 -1 -1 -1 -1000 -1000 -1000 -10 0.995131
149 12 car -1 -1 -10 583 177 640 233 -1 -1 -1 -1000 -1000 -1000 -10 0.99982
149 31 car -1 -1 -10 949 162 1027 200 -1 -1 -1 -1000 -1000 -1000 -10 0.99749
149 37 car -1 -1 -10 670 178 704 211 -1 -1 -1 -1000 -1000 -1000 -10 0.999895
149 38 car -1 -1 -10 908 171 963 197 -1 -1 -1 -1000 -1000 -1000 -10 0.996237
150 12 car -1 -1 -10 584 179 641 234 -1 -1 -1 -1000 -1000 -1000 -10 0.999748
150 31 car -1 -1 -10 965 166 1034 206 -1 -1 -1 -1000 -1000 -1000 -10 0.999328
150 36 car -1 -1 -10 671 181 708 215 -1 -1 -1 -1000 -1000 -1000 -10 0.999829
150 38 car -1 -1 -10 916 175 977 202 -1 -1 -1 -1000 -1000 -1000 -10 0.998223
151 12 car -1 -1 -10 584 178 642 234 -1 -1 -1 -1000 -1000 -1000 -10 0.999909
151 31 car -1 -1 -10 977 163 1051 204 -1 -1 -1 -1000 -1000 -1000 -10 0.999577
151 36 car -1 -1 -10 674 181 715 215 -1 -1 -1 -1000 -1000 -1000 -10 0.997968
151 38 car -1 -1 -10 929 172 990 200 -1 -1 -1 -1000 -1000 -1000 -10 0.988174
152 12 car -1 -1 -10 584 174 644 230 -1 -1 -1 -1000 -1000 -1000 -10 0.999964
152 31 car -1 -1 -10 992 157 1075 201 -1 -1 -1 -1000 -1000 -1000 -10 0.999603
152 37 car -1 -1 -10 675 175 719 212 -1 -1 -1 -1000 -1000 -1000 -10 0.999968
152 38 car -1 -1 -10 936 167 1010 196 -1 -1 -1 -1000 -1000 -1000 -10 0.994738
153 12 car -1 -1 -10 586 174 646 230 -1 -1 -1 -1000 -1000 -1000 -10 0.999976
153 31 car -1 -1 -10 1009 155 1098 200 -1 -1 -1 -1000 -1000 -1000 -10 0.998807
153 37 car -1 -1 -10 678 175 726 213 -1 -1 -1 -1000 -1000 -1000 -10 0.999569
153 38 car -1 -1 -10 950 165 1026 194 -1 -1 -1 -1000 -1000 -1000 -10 0.995772
154 12 car -1 -1 -10 589 175 648 231 -1 -1 -1 -1000 -1000 -1000 -10 0.999953
154 31 car -1 -1 -10 1028 154 1121 201 -1 -1 -1 -1000 -1000 -1000 -10 0.99888
154 36 car -1 -1 -10 681 177 733 215 -1 -1 -1 -1000 -1000 -1000 -10 0.999324
154 38 car -1 -1 -10 963 165 1046 196 -1 -1 -1 -1000 -1000 -1000 -10 0.985828
155 12 car -1 -1 -10 590 176 649 232 -1 -1 -1 -1000 -1000 -1000 -10 0.999881
155 31 car -1 -1 -10 1048 155 1146 201 -1 -1 -1 -1000 -1000 -1000 -10 0.998669
155 36 car -1 -1 -10 683 178 742 222 -1 -1 -1 -1000 -1000 -1000 -10 0.999834
155 38 car -1 -1 -10 979 163 1068 197 -1 -1 -1 -1000 -1000 -1000 -10 0.996504
156 31 car -1 -1 -10 1068 152 1185 203 -1 -1 -1 -1000 -1000 -1000 -10 0.998598
156 36 car -1 -1 -10 688 178 749 224 -1 -1 -1 -1000 -1000 -1000 -10 0.999971
156 38 car -1 -1 -10 994 165 1090 199 -1 -1 -1 -1000 -1000 -1000 -10 0.997927
156 39 car -1 -1 -10 592 177 652 233 -1 -1 -1 -1000 -1000 -1000 -10 0.999927
157 31 car -1 -1 -10 1092 150 1240 208 -1 -1 -1 -1000 -1000 -1000 -10 0.999736
157 36 car -1 -1 -10 693 179 759 226 -1 -1 -1 -1000 -1000 -1000 -10 0.999905
157 38 car -1 -1 -10 1009 164 1111 202 -1 -1 -1 -1000 -1000 -1000 -10 0.997605
157 39 car -1 -1 -10 592 176 653 231 -1 -1 -1 -1000 -1000 -1000 -10 0.999967
158 31 car -1 -1 -10 1114 151 1242 208 -1 -1 -1 -1000 -1000 -1000 -10 0.999807
158 37 car -1 -1 -10 698 180 766 228 -1 -1 -1 -1000 -1000 -1000 -10 0.999968
158 38 car -1 -1 -10 1022 163 1131 202 -1 -1 -1 -1000 -1000 -1000 -10 0.998633
158 39 car -1 -1 -10 593 176 654 231 -1 -1 -1 -1000 -1000 -1000 -10 0.999968
159 31 car -1 -1 -10 1142 150 1242 209 -1 -1 -1 -1000 -1000 -1000 -10 0.99983
159 36 car -1 -1 -10 705 179 778 232 -1 -1 -1 -1000 -1000 -1000 -10 0.999967
159 38 car -1 -1 -10 1051 162 1157 201 -1 -1 -1 -1000 -1000 -1000 -10 0.992415
159 39 car -1 -1 -10 594 174 655 230 -1 -1 -1 -1000 -1000 -1000 -10 0.999952
160 31 car -1 -1 -10 1175 146 1242 213 -1 -1 -1 -1000 -1000 -1000 -10 0.985286
160 36 car -1 -1 -10 712 182 792 236 -1 -1 -1 -1000 -1000 -1000 -10 0.99833
160 38 car -1 -1 -10 1078 162 1188 205 -1 -1 -1 -1000 -1000 -1000 -10 0.983353
160 39 car -1 -1 -10 596 175 656 231 -1 -1 -1 -1000 -1000 -1000 -10 0.999953
161 36 car -1 -1 -10 717 179 811 246 -1 -1 -1 -1000 -1000 -1000 -10 0.999901
161 38 car -1 -1 -10 1092 163 1222 205 -1 -1 -1 -1000 -1000 -1000 -10 0.997781
161 39 car -1 -1 -10 599 176 656 233 -1 -1 -1 -1000 -1000 -1000 -10 0.999951
161 40 pedestrian -1 -1 -10 737 179 763 239 -1 -1 -1 -1000 -1000 -1000 -10 0.431738
162 36 car -1 -1 -10 729 183 824 252 -1 -1 -1 -1000 -1000 -1000 -10 0.999895
162 38 car -1 -1 -10 1119 162 1242 207 -1 -1 -1 -1000 -1000 -1000 -10 0.997835
162 39 car -1 -1 -10 600 176 659 232 -1 -1 -1 -1000 -1000 -1000 -10 0.999954
162 41 pedestrian -1 -1 -10 749 175 775 251 -1 -1 -1 -1000 -1000 -1000 -10 0.943314
163 36 car -1 -1 -10 736 183 848 258 -1 -1 -1 -1000 -1000 -1000 -10 0.999931
163 38 car -1 -1 -10 1141 161 1242 206 -1 -1 -1 -1000 -1000 -1000 -10 0.999378
163 39 car -1 -1 -10 601 176 659 232 -1 -1 -1 -1000 -1000 -1000 -10 0.999889
163 42 pedestrian -1 -1 -10 765 170 794 262 -1 -1 -1 -1000 -1000 -1000 -10 0.892336
164 31 car -1 -1 -10 1174 148 1242 207 -1 -1 -1 -1000 -1000 -1000 -10 0.8989
164 36 car -1 -1 -10 747 183 873 269 -1 -1 -1 -1000 -1000 -1000 -10 0.999763
164 39 car -1 -1 -10 601 176 663 233 -1 -1 -1 -1000 -1000 -1000 -10 0.999932
164 42 pedestrian -1 -1 -10 780 173 813 271 -1 -1 -1 -1000 -1000 -1000 -10 0.93519
165 31 car -1 -1 -10 1210 157 1242 207 -1 -1 -1 -1000 -1000 -1000 -10 0.924347
165 36 car -1 -1 -10 754 183 914 284 -1 -1 -1 -1000 -1000 -1000 -10 0.998657
165 39 car -1 -1 -10 602 178 662 233 -1 -1 -1 -1000 -1000 -1000 -10 0.999923
165 42 pedestrian -1 -1 -10 803 172 841 292 -1 -1 -1 -1000 -1000 -1000 -10 0.983835
166 36 car -1 -1 -10 773 188 956 302 -1 -1 -1 -1000 -1000 -1000 -10 0.990632
166 39 car -1 -1 -10 603 179 661 234 -1 -1 -1 -1000 -1000 -1000 -10 0.999733
166 42 pedestrian -1 -1 -10 833 173 875 312 -1 -1 -1 -1000 -1000 -1000 -10 0.954879
167 36 car -1 -1 -10 788 183 1022 332 -1 -1 -1 -1000 -1000 -1000 -10 0.999687
167 39 car -1 -1 -10 603 178 661 235 -1 -1 -1 -1000 -1000 -1000 -10 0.999682
167 42 pedestrian -1 -1 -10 870 173 933 335 -1 -1 -1 -1000 -1000 -1000 -10 0.574933
168 36 car -1 -1 -10 809 192 1123 361 -1 -1 -1 -1000 -1000 -1000 -10 0.99685
168 39 car -1 -1 -10 602 177 662 234 -1 -1 -1 -1000 -1000 -1000 -10 0.999801
168 42 pedestrian -1 -1 -10 936 160 997 374 -1 -1 -1 -1000 -1000 -1000 -10 0.990687
169 36 car -1 -1 -10 831 192 1242 364 -1 -1 -1 -1000 -1000 -1000 -10 0.993772
169 39 car -1 -1 -10 602 177 662 234 -1 -1 -1 -1000 -1000 -1000 -10 0.999817
169 42 pedestrian -1 -1 -10 1033 168 1112 375 -1 -1 -1 -1000 -1000 -1000 -10 0.993831
170 36 car -1 -1 -10 884 186 1242 375 -1 -1 -1 -1000 -1000 -1000 -10 0.999901
170 39 car -1 -1 -10 602 177 662 235 -1 -1 -1 -1000 -1000 -1000 -10 0.999822
171 36 car -1 -1 -10 967 191 1242 374 -1 -1 -1 -1000 -1000 -1000 -10 0.999697
171 39 car -1 -1 -10 601 181 664 237 -1 -1 -1 -1000 -1000 -1000 -10 0.999774
172 36 car -1 -1 -10 1106 193 1242 371 -1 -1 -1 -1000 -1000 -1000 -10 0.998452
172 39 car -1 -1 -10 601 182 664 238 -1 -1 -1 -1000 -1000 -1000 -10 0.999934
173 39 car -1 -1 -10 601 181 664 238 -1 -1 -1 -1000 -1000 -1000 -10 0.999936
174 39 car -1 -1 -10 601 181 664 238 -1 -1 -1 -1000 -1000 -1000 -10 0.999923
175 39 car -1 -1 -10 600 180 664 238 -1 -1 -1 -1000 -1000 -1000 -10 0.999863
176 39 car -1 -1 -10 600 180 664 239 -1 -1 -1 -1000 -1000 -1000 -10 0.999736
177 39 car -1 -1 -10 600 180 664 238 -1 -1 -1 -1000 -1000 -1000 -10 0.999052
178 39 car -1 -1 -10 601 177 663 236 -1 -1 -1 -1000 -1000 -1000 -10 0.999651
179 39 car -1 -1 -10 598 175 662 237 -1 -1 -1 -1000 -1000 -1000 -10 0.99978
180 39 car -1 -1 -10 597 176 663 237 -1 -1 -1 -1000 -1000 -1000 -10 0.999649
181 39 car -1 -1 -10 597 176 662 237 -1 -1 -1 -1000 -1000 -1000 -10 0.999783
182 39 car -1 -1 -10 598 175 661 237 -1 -1 -1 -1000 -1000 -1000 -10 0.999874
183 43 car -1 -1 -10 599 173 660 235 -1 -1 -1 -1000 -1000 -1000 -10 0.999927
184 43 car -1 -1 -10 599 172 660 233 -1 -1 -1 -1000 -1000 -1000 -10 0.999948
185 43 car -1 -1 -10 598 171 660 232 -1 -1 -1 -1000 -1000 -1000 -10 0.999945
186 43 car -1 -1 -10 598 171 659 233 -1 -1 -1 -1000 -1000 -1000 -10 0.999954
187 43 car -1 -1 -10 598 171 660 232 -1 -1 -1 -1000 -1000 -1000 -10 0.999948
188 43 car -1 -1 -10 597 171 660 232 -1 -1 -1 -1000 -1000 -1000 -10 0.999964
189 44 car -1 -1 -10 597 171 658 234 -1 -1 -1 -1000 -1000 -1000 -10 0.999973
190 44 car -1 -1 -10 598 172 659 235 -1 -1 -1 -1000 -1000 -1000 -10 0.999972
191 44 car -1 -1 -10 598 172 658 236 -1 -1 -1 -1000 -1000 -1000 -10 0.999974
192 39 car -1 -1 -10 597 174 660 238 -1 -1 -1 -1000 -1000 -1000 -10 0.999954
193 39 car -1 -1 -10 597 175 660 239 -1 -1 -1 -1000 -1000 -1000 -10 0.99994
194 44 car -1 -1 -10 598 174 659 238 -1 -1 -1 -1000 -1000 -1000 -10 0.999966
195 44 car -1 -1 -10 598 174 659 238 -1 -1 -1 -1000 -1000 -1000 -10 0.99997
196 39 car -1 -1 -10 598 174 660 238 -1 -1 -1 -1000 -1000 -1000 -10 0.999964
197 39 car -1 -1 -10 598 174 660 238 -1 -1 -1 -1000 -1000 -1000 -10 0.999959
198 39 car -1 -1 -10 598 175 660 237 -1 -1 -1 -1000 -1000 -1000 -10 0.999967
199 39 car -1 -1 -10 598 175 660 236 -1 -1 -1 -1000 -1000 -1000 -10 0.999971
200 39 car -1 -1 -10 599 173 660 235 -1 -1 -1 -1000 -1000 -1000 -10 0.999981
201 39 car -1 -1 -10 599 174 661 236 -1 -1 -1 -1000 -1000 -1000 -10 0.999968
202 39 car -1 -1 -10 598 174 661 236 -1 -1 -1 -1000 -1000 -1000 -10 0.999977
203 39 car -1 -1 -10 598 175 661 237 -1 -1 -1 -1000 -1000 -1000 -10 0.999967
204 39 car -1 -1 -10 598 174 660 238 -1 -1 -1 -1000 -1000 -1000 -10 0.99998
205 39 car -1 -1 -10 597 175 661 238 -1 -1 -1 -1000 -1000 -1000 -10 0.99996
206 45 car -1 -1 -10 597 175 661 237 -1 -1 -1 -1000 -1000 -1000 -10 0.999972
207 46 car -1 -1 -10 598 175 660 237 -1 -1 -1 -1000 -1000 -1000 -10 0.999976
208 47 car -1 -1 -10 598 175 659 237 -1 -1 -1 -1000 -1000 -1000 -10 0.99998
209 47 car -1 -1 -10 597 174 658 238 -1 -1 -1 -1000 -1000 -1000 -10 0.99998
210 47 car -1 -1 -10 597 175 657 238 -1 -1 -1 -1000 -1000 -1000 -10 0.999966
211 47 car -1 -1 -10 595 174 656 237 -1 -1 -1 -1000 -1000 -1000 -10 0.999986
212 47 car -1 -1 -10 593 174 654 237 -1 -1 -1 -1000 -1000 -1000 -10 0.999991
213 47 car -1 -1 -10 591 175 653 237 -1 -1 -1 -1000 -1000 -1000 -10 0.999986
213 48 pedestrian -1 -1 -10 241 178 267 234 -1 -1 -1 -1000 -1000 -1000 -10 0.848502
214 45 car -1 -1 -10 591 176 652 237 -1 -1 -1 -1000 -1000 -1000 -10 0.999962
215 46 car -1 -1 -10 588 176 650 236 -1 -1 -1 -1000 -1000 -1000 -10 0.999974
215 49 pedestrian -1 -1 -10 175 180 203 248 -1 -1 -1 -1000 -1000 -1000 -10 0.926301
216 45 car -1 -1 -10 588 174 646 236 -1 -1 -1 -1000 -1000 -1000 -10 0.999995
216 49 pedestrian -1 -1 -10 133 182 163 257 -1 -1 -1 -1000 -1000 -1000 -10 0.92462
217 45 car -1 -1 -10 586 174 646 235 -1 -1 -1 -1000 -1000 -1000 -10 0.999996
217 50 pedestrian -1 -1 -10 84 182 118 261 -1 -1 -1 -1000 -1000 -1000 -10 0.954544
218 45 car -1 -1 -10 584 174 645 236 -1 -1 -1 -1000 -1000 -1000 -10 0.999996
218 51 pedestrian -1 -1 -10 25 182 61 272 -1 -1 -1 -1000 -1000 -1000 -10 0.901482
219 45 car -1 -1 -10 583 175 644 235 -1 -1 -1 -1000 -1000 -1000 -10 0.999993
220 45 car -1 -1 -10 582 175 644 235 -1 -1 -1 -1000 -1000 -1000 -10 0.999989
221 52 car -1 -1 -10 581 175 643 235 -1 -1 -1 -1000 -1000 -1000 -10 0.999988
222 52 car -1 -1 -10 581 175 643 235 -1 -1 -1 -1000 -1000 -1000 -10 0.999987
223 52 car -1 -1 -10 581 176 642 235 -1 -1 -1 -1000 -1000 -1000 -10 0.999982
224 52 car -1 -1 -10 581 177 643 235 -1 -1 -1 -1000 -1000 -1000 -10 0.999977
225 52 car -1 -1 -10 581 176 642 235 -1 -1 -1 -1000 -1000 -1000 -10 0.999972
226 52 car -1 -1 -10 580 176 642 235 -1 -1 -1 -1000 -1000 -1000 -10 0.999964
227 53 car -1 -1 -10 578 177 640 233 -1 -1 -1 -1000 -1000 -1000 -10 0.999923
228 53 car -1 -1 -10 578 177 639 236 -1 -1 -1 -1000 -1000 -1000 -10 0.999938
229 53 car -1 -1 -10 577 178 639 236 -1 -1 -1 -1000 -1000 -1000 -10 0.999915
230 53 car -1 -1 -10 577 178 638 235 -1 -1 -1 -1000 -1000 -1000 -10 0.99994
231 53 car -1 -1 -10 577 178 636 235 -1 -1 -1 -1000 -1000 -1000 -10 0.999971
232 53 car -1 -1 -10 577 178 635 235 -1 -1 -1 -1000 -1000 -1000 -10 0.999975
233 53 car -1 -1 -10 576 177 635 233 -1 -1 -1 -1000 -1000 -1000 -10 0.999978
234 53 car -1 -1 -10 576 177 634 233 -1 -1 -1 -1000 -1000 -1000 -10 0.999975
235 53 car -1 -1 -10 575 177 634 233 -1 -1 -1 -1000 -1000 -1000 -10 0.999979
236 53 car -1 -1 -10 575 177 634 233 -1 -1 -1 -1000 -1000 -1000 -10 0.99998
237 54 car -1 -1 -10 575 177 633 232 -1 -1 -1 -1000 -1000 -1000 -10 0.999978
238 54 car -1 -1 -10 576 177 634 232 -1 -1 -1 -1000 -1000 -1000 -10 0.999972
239 55 car -1 -1 -10 576 176 633 231 -1 -1 -1 -1000 -1000 -1000 -10 0.999983
240 55 car -1 -1 -10 576 176 634 230 -1 -1 -1 -1000 -1000 -1000 -10 0.999985
241 55 car -1 -1 -10 576 176 634 230 -1 -1 -1 -1000 -1000 -1000 -10 0.999989
242 54 car -1 -1 -10 577 177 634 231 -1 -1 -1 -1000 -1000 -1000 -10 0.999986
243 55 car -1 -1 -10 577 176 634 230 -1 -1 -1 -1000 -1000 -1000 -10 0.999989
244 55 car -1 -1 -10 578 175 635 229 -1 -1 -1 -1000 -1000 -1000 -10 0.999991
245 55 car -1 -1 -10 579 175 635 229 -1 -1 -1 -1000 -1000 -1000 -10 0.999988
246 55 car -1 -1 -10 579 175 636 229 -1 -1 -1 -1000 -1000 -1000 -10 0.999988
247 55 car -1 -1 -10 580 175 637 228 -1 -1 -1 -1000 -1000 -1000 -10 0.999984
248 55 car -1 -1 -10 580 175 638 228 -1 -1 -1 -1000 -1000 -1000 -10 0.999977
249 55 car -1 -1 -10 581 176 638 227 -1 -1 -1 -1000 -1000 -1000 -10 0.999963
250 55 car -1 -1 -10 581 175 641 228 -1 -1 -1 -1000 -1000 -1000 -10 0.999977
251 55 car -1 -1 -10 582 175 641 228 -1 -1 -1 -1000 -1000 -1000 -10 0.999985
252 55 car -1 -1 -10 583 175 641 227 -1 -1 -1 -1000 -1000 -1000 -10 0.999991
253 56 car -1 -1 -10 584 176 641 228 -1 -1 -1 -1000 -1000 -1000 -10 0.999985
254 57 car -1 -1 -10 586 176 642 229 -1 -1 -1 -1000 -1000 -1000 -10 0.999991
255 57 car -1 -1 -10 587 176 644 230 -1 -1 -1 -1000 -1000 -1000 -10 0.999995
256 57 car -1 -1 -10 589 177 645 229 -1 -1 -1 -1000 -1000 -1000 -10 0.999995
257 57 car -1 -1 -10 591 175 646 229 -1 -1 -1 -1000 -1000 -1000 -10 0.999993
258 57 car -1 -1 -10 591 176 647 229 -1 -1 -1 -1000 -1000 -1000 -10 0.999975
259 58 car -1 -1 -10 592 176 651 229 -1 -1 -1 -1000 -1000 -1000 -10 0.999982
260 58 car -1 -1 -10 594 176 651 229 -1 -1 -1 -1000 -1000 -1000 -10 0.999989
261 58 car -1 -1 -10 594 176 651 229 -1 -1 -1 -1000 -1000 -1000 -10 0.999984
262 55 car -1 -1 -10 596 176 652 228 -1 -1 -1 -1000 -1000 -1000 -10 0.999969
263 55 car -1 -1 -10 597 177 654 228 -1 -1 -1 -1000 -1000 -1000 -10 0.999967
264 55 car -1 -1 -10 598 177 654 228 -1 -1 -1 -1000 -1000 -1000 -10 0.999975
265 55 car -1 -1 -10 599 178 654 228 -1 -1 -1 -1000 -1000 -1000 -10 0.99998
266 55 car -1 -1 -10 599 178 655 227 -1 -1 -1 -1000 -1000 -1000 -10 0.999975
267 55 car -1 -1 -10 601 178 657 227 -1 -1 -1 -1000 -1000 -1000 -10 0.999968
268 55 car -1 -1 -10 601 179 657 227 -1 -1 -1 -1000 -1000 -1000 -10 0.999956
268 59 car -1 -1 -10 567 178 592 194 -1 -1 -1 -1000 -1000 -1000 -10 0.948735
269 58 car -1 -1 -10 602 178 661 229 -1 -1 -1 -1000 -1000 -1000 -10 0.999898
269 59 car -1 -1 -10 562 178 588 195 -1 -1 -1 -1000 -1000 -1000 -10 0.973088
269 60 car -1 -1 -10 589 176 615 194 -1 -1 -1 -1000 -1000 -1000 -10 0.991702
270 58 car -1 -1 -10 602 178 662 228 -1 -1 -1 -1000 -1000 -1000 -10 0.999918
270 60 car -1 -1 -10 554 178 584 196 -1 -1 -1 -1000 -1000 -1000 -10 0.929563
270 61 car -1 -1 -10 583 177 612 194 -1 -1 -1 -1000 -1000 -1000 -10 0.992529
271 58 car -1 -1 -10 603 177 661 228 -1 -1 -1 -1000 -1000 -1000 -10 0.999957
271 59 car -1 -1 -10 577 178 607 197 -1 -1 -1 -1000 -1000 -1000 -10 0.995142
271 62 car -1 -1 -10 547 178 577 197 -1 -1 -1 -1000 -1000 -1000 -10 0.979422
272 58 car -1 -1 -10 604 177 661 228 -1 -1 -1 -1000 -1000 -1000 -10 0.999952
272 62 car -1 -1 -10 538 178 571 198 -1 -1 -1 -1000 -1000 -1000 -10 0.997149
272 63 car -1 -1 -10 570 178 603 198 -1 -1 -1 -1000 -1000 -1000 -10 0.999192
273 58 car -1 -1 -10 604 177 661 228 -1 -1 -1 -1000 -1000 -1000 -10 0.999947
273 60 car -1 -1 -10 563 177 597 201 -1 -1 -1 -1000 -1000 -1000 -10 0.999716
273 62 car -1 -1 -10 530 178 566 200 -1 -1 -1 -1000 -1000 -1000 -10 0.987881
274 58 car -1 -1 -10 605 177 661 228 -1 -1 -1 -1000 -1000 -1000 -10 0.999946
274 62 car -1 -1 -10 555 177 591 203 -1 -1 -1 -1000 -1000 -1000 -10 0.99986
274 64 car -1 -1 -10 520 179 556 202 -1 -1 -1 -1000 -1000 -1000 -10 0.995629
275 58 car -1 -1 -10 606 176 661 228 -1 -1 -1 -1000 -1000 -1000 -10 0.999937
275 64 car -1 -1 -10 546 177 584 205 -1 -1 -1 -1000 -1000 -1000 -10 0.99995
275 65 car -1 -1 -10 509 179 549 204 -1 -1 -1 -1000 -1000 -1000 -10 0.998603
276 58 car -1 -1 -10 607 175 662 226 -1 -1 -1 -1000 -1000 -1000 -10 0.999908
276 64 car -1 -1 -10 535 177 579 207 -1 -1 -1 -1000 -1000 -1000 -10 0.999744
276 65 car -1 -1 -10 498 178 539 206 -1 -1 -1 -1000 -1000 -1000 -10 0.999749
277 58 car -1 -1 -10 608 174 662 224 -1 -1 -1 -1000 -1000 -1000 -10 0.999839
277 65 car -1 -1 -10 483 179 527 207 -1 -1 -1 -1000 -1000 -1000 -10 0.997798
277 66 car -1 -1 -10 524 176 572 210 -1 -1 -1 -1000 -1000 -1000 -10 0.999695
278 58 car -1 -1 -10 609 175 663 225 -1 -1 -1 -1000 -1000 -1000 -10 0.999908
278 65 car -1 -1 -10 468 181 516 210 -1 -1 -1 -1000 -1000 -1000 -10 0.998413
278 67 car -1 -1 -10 510 178 563 214 -1 -1 -1 -1000 -1000 -1000 -10 0.999375
279 58 car -1 -1 -10 610 175 664 225 -1 -1 -1 -1000 -1000 -1000 -10 0.999916
279 65 car -1 -1 -10 446 182 508 215 -1 -1 -1 -1000 -1000 -1000 -10 0.996901
279 67 car -1 -1 -10 494 180 554 219 -1 -1 -1 -1000 -1000 -1000 -10 0.999984
280 58 car -1 -1 -10 610 174 664 226 -1 -1 -1 -1000 -1000 -1000 -10 0.999914
280 67 car -1 -1 -10 473 179 542 224 -1 -1 -1 -1000 -1000 -1000 -10 0.999993
280 68 car -1 -1 -10 425 182 489 220 -1 -1 -1 -1000 -1000 -1000 -10 0.999903
281 58 car -1 -1 -10 610 174 665 226 -1 -1 -1 -1000 -1000 -1000 -10 0.99991
281 67 car -1 -1 -10 447 184 529 233 -1 -1 -1 -1000 -1000 -1000 -10 0.999969
281 68 car -1 -1 -10 399 183 470 226 -1 -1 -1 -1000 -1000 -1000 -10 0.999854
282 58 car -1 -1 -10 610 175 666 227 -1 -1 -1 -1000 -1000 -1000 -10 0.999914
282 67 car -1 -1 -10 413 185 512 245 -1 -1 -1 -1000 -1000 -1000 -10 0.99999
282 68 car -1 -1 -10 361 185 448 234 -1 -1 -1 -1000 -1000 -1000 -10 0.999352
283 58 car -1 -1 -10 611 174 667 227 -1 -1 -1 -1000 -1000 -1000 -10 0.99985
283 67 car -1 -1 -10 367 184 488 265 -1 -1 -1 -1000 -1000 -1000 -10 0.999993
283 68 car -1 -1 -10 311 182 420 243 -1 -1 -1 -1000 -1000 -1000 -10 0.999459
284 58 car -1 -1 -10 612 175 668 227 -1 -1 -1 -1000 -1000 -1000 -10 0.999595
284 67 car -1 -1 -10 286 186 458 289 -1 -1 -1 -1000 -1000 -1000 -10 0.999809
284 68 car -1 -1 -10 251 189 394 252 -1 -1 -1 -1000 -1000 -1000 -10 0.99879
285 58 car -1 -1 -10 614 174 671 226 -1 -1 -1 -1000 -1000 -1000 -10 0.999669
285 67 car -1 -1 -10 137 191 415 338 -1 -1 -1 -1000 -1000 -1000 -10 0.99934
285 68 car -1 -1 -10 153 188 325 282 -1 -1 -1 -1000 -1000 -1000 -10 0.999476
286 58 car -1 -1 -10 616 173 672 225 -1 -1 -1 -1000 -1000 -1000 -10 0.999821
286 67 car -1 -1 -10 0 193 328 375 -1 -1 -1 -1000 -1000 -1000 -10 0.996381
286 69 car -1 -1 -10 0 192 270 298 -1 -1 -1 -1000 -1000 -1000 -10 0.479051
287 58 car -1 -1 -10 616 174 672 226 -1 -1 -1 -1000 -1000 -1000 -10 0.999828
287 67 car -1 -1 -10 0 198 175 367 -1 -1 -1 -1000 -1000 -1000 -10 0.97106
288 58 car -1 -1 -10 618 174 672 225 -1 -1 -1 -1000 -1000 -1000 -10 0.999791
289 58 car -1 -1 -10 618 174 673 225 -1 -1 -1 -1000 -1000 -1000 -10 0.999782
290 58 car -1 -1 -10 618 174 673 225 -1 -1 -1 -1000 -1000 -1000 -10 0.999789
291 58 car -1 -1 -10 618 175 672 225 -1 -1 -1 -1000 -1000 -1000 -10 0.999815
292 58 car -1 -1 -10 617 175 672 225 -1 -1 -1 -1000 -1000 -1000 -10 0.999817
293 58 car -1 -1 -10 617 175 671 225 -1 -1 -1 -1000 -1000 -1000 -10 0.999849
