0 0 car -1 -1 -10 459 179 564 214 -1 -1 -1 -1000 -1000 -1000 -10 0.999527
0 1 car -1 -1 -10 657 181 684 205 -1 -1 -1 -1000 -1000 -1000 -10 0.997659
0 2 car -1 -1 -10 564 186 630 225 -1 -1 -1 -1000 -1000 -1000 -10 0.691787
1 0 car -1 -1 -10 467 180 578 213 -1 -1 -1 -1000 -1000 -1000 -10 0.999283
1 1 car -1 -1 -10 657 180 684 205 -1 -1 -1 -1000 -1000 -1000 -10 0.996954
2 0 car -1 -1 -10 483 180 585 213 -1 -1 -1 -1000 -1000 -1000 -10 0.997758
2 1 car -1 -1 -10 656 182 684 205 -1 -1 -1 -1000 -1000 -1000 -10 0.983552
3 0 car -1 -1 -10 495 181 603 212 -1 -1 -1 -1000 -1000 -1000 -10 0.99611
3 1 car -1 -1 -10 648 181 687 210 -1 -1 -1 -1000 -1000 -1000 -10 0.973485
4 0 car -1 -1 -10 509 182 614 214 -1 -1 -1 -1000 -1000 -1000 -10 0.996202
4 1 car -1 -1 -10 645 184 692 213 -1 -1 -1 -1000 -1000 -1000 -10 0.519558
5 0 car -1 -1 -10 525 181 620 211 -1 -1 -1 -1000 -1000 -1000 -10 0.995155
5 1 car -1 -1 -10 653 183 689 208 -1 -1 -1 -1000 -1000 -1000 -10 0.844154
6 0 car -1 -1 -10 534 181 638 211 -1 -1 -1 -1000 -1000 -1000 -10 0.995031
6 1 car -1 -1 -10 655 182 686 204 -1 -1 -1 -1000 -1000 -1000 -10 0.989604
7 0 car -1 -1 -10 547 181 647 211 -1 -1 -1 -1000 -1000 -1000 -10 0.998558
7 1 car -1 -1 -10 656 181 686 205 -1 -1 -1 -1000 -1000 -1000 -10 0.995492
8 0 car -1 -1 -10 563 181 660 211 -1 -1 -1 -1000 -1000 -1000 -10 0.98909
8 1 car -1 -1 -10 655 181 686 205 -1 -1 -1 -1000 -1000 -1000 -10 0.997444
9 0 car -1 -1 -10 574 181 671 211 -1 -1 -1 -1000 -1000 -1000 -10 0.987213
9 1 car -1 -1 -10 654 181 687 205 -1 -1 -1 -1000 -1000 -1000 -10 0.993132
10 0 car -1 -1 -10 587 181 681 210 -1 -1 -1 -1000 -1000 -1000 -10 0.937509
10 1 car -1 -1 -10 653 181 686 206 -1 -1 -1 -1000 -1000 -1000 -10 0.99347
11 0 car -1 -1 -10 594 180 683 212 -1 -1 -1 -1000 -1000 -1000 -10 0.82366
11 1 car -1 -1 -10 654 182 687 204 -1 -1 -1 -1000 -1000 -1000 -10 0.957226
12 1 car -1 -1 -10 635 183 681 203 -1 -1 -1 -1000 -1000 -1000 -10 0.529266
12 3 car -1 -1 -10 612 181 701 211 -1 -1 -1 -1000 -1000 -1000 -10 0.925594
13 1 car -1 -1 -10 645 182 687 202 -1 -1 -1 -1000 -1000 -1000 -10 0.746706
13 3 car -1 -1 -10 622 180 709 211 -1 -1 -1 -1000 -1000 -1000 -10 0.850963
14 1 car -1 -1 -10 646 181 692 204 -1 -1 -1 -1000 -1000 -1000 -10 0.6726
14 3 car -1 -1 -10 629 179 710 212 -1 -1 -1 -1000 -1000 -1000 -10 0.913527
15 3 car -1 -1 -10 640 178 714 211 -1 -1 -1 -1000 -1000 -1000 -10 0.965873
16 3 car -1 -1 -10 648 179 729 210 -1 -1 -1 -1000 -1000 -1000 -10 0.969583
17 3 car -1 -1 -10 655 180 736 211 -1 -1 -1 -1000 -1000 -1000 -10 0.920987
18 3 car -1 -1 -10 665 181 738 211 -1 -1 -1 -1000 -1000 -1000 -10 0.923384
19 3 car -1 -1 -10 676 182 747 211 -1 -1 -1 -1000 -1000 -1000 -10 0.94118
19 4 car -1 -1 -10 654 181 685 204 -1 -1 -1 -1000 -1000 -1000 -10 0.775736
20 4 car -1 -1 -10 655 181 685 204 -1 -1 -1 -1000 -1000 -1000 -10 0.913563
20 5 car -1 -1 -10 685 181 750 210 -1 -1 -1 -1000 -1000 -1000 -10 0.918054
21 4 car -1 -1 -10 656 181 685 205 -1 -1 -1 -1000 -1000 -1000 -10 0.985027
21 5 car -1 -1 -10 691 180 756 210 -1 -1 -1 -1000 -1000 -1000 -10 0.993462
22 4 car -1 -1 -10 656 181 684 205 -1 -1 -1 -1000 -1000 -1000 -10 0.991472
22 6 car -1 -1 -10 699 180 757 210 -1 -1 -1 -1000 -1000 -1000 -10 0.916218
23 4 car -1 -1 -10 656 181 685 205 -1 -1 -1 -1000 -1000 -1000 -10 0.991859
23 5 car -1 -1 -10 705 180 759 209 -1 -1 -1 -1000 -1000 -1000 -10 0.986135
24 4 car -1 -1 -10 656 181 685 205 -1 -1 -1 -1000 -1000 -1000 -10 0.991595
24 5 car -1 -1 -10 712 181 764 210 -1 -1 -1 -1000 -1000 -1000 -10 0.982063
25 4 car -1 -1 -10 656 181 685 206 -1 -1 -1 -1000 -1000 -1000 -10 0.989783
25 5 car -1 -1 -10 718 181 765 209 -1 -1 -1 -1000 -1000 -1000 -10 0.996578
26 4 car -1 -1 -10 656 181 685 205 -1 -1 -1 -1000 -1000 -1000 -10 0.987695
26 5 car -1 -1 -10 724 182 769 209 -1 -1 -1 -1000 -1000 -1000 -10 0.99348
27 4 car -1 -1 -10 656 180 685 205 -1 -1 -1 -1000 -1000 -1000 -10 0.982955
27 5 car -1 -1 -10 728 181 769 208 -1 -1 -1 -1000 -1000 -1000 -10 0.999592
28 4 car -1 -1 -10 656 180 685 205 -1 -1 -1 -1000 -1000 -1000 -10 0.980269
28 7 car -1 -1 -10 731 181 770 208 -1 -1 -1 -1000 -1000 -1000 -10 0.999753
29 4 car -1 -1 -10 656 180 685 206 -1 -1 -1 -1000 -1000 -1000 -10 0.96733
29 7 car -1 -1 -10 734 180 770 208 -1 -1 -1 -1000 -1000 -1000 -10 0.999771
30 4 car -1 -1 -10 656 181 685 205 -1 -1 -1 -1000 -1000 -1000 -10 0.976638
30 7 car -1 -1 -10 738 180 770 207 -1 -1 -1 -1000 -1000 -1000 -10 0.999695
31 4 car -1 -1 -10 656 180 685 205 -1 -1 -1 -1000 -1000 -1000 -10 0.977925
31 7 car -1 -1 -10 741 181 770 205 -1 -1 -1 -1000 -1000 -1000 -10 0.998126
32 4 car -1 -1 -10 656 180 685 206 -1 -1 -1 -1000 -1000 -1000 -10 0.97087
32 7 car -1 -1 -10 742 182 772 205 -1 -1 -1 -1000 -1000 -1000 -10 0.999658
33 4 car -1 -1 -10 656 180 685 206 -1 -1 -1 -1000 -1000 -1000 -10 0.974532
33 7 car -1 -1 -10 743 182 772 205 -1 -1 -1 -1000 -1000 -1000 -10 0.9998
34 4 car -1 -1 -10 656 180 685 206 -1 -1 -1 -1000 -1000 -1000 -10 0.975961
34 7 car -1 -1 -10 745 181 773 205 -1 -1 -1 -1000 -1000 -1000 -10 0.999842
35 4 car -1 -1 -10 656 180 685 206 -1 -1 -1 -1000 -1000 -1000 -10 0.965175
35 7 car -1 -1 -10 745 182 774 204 -1 -1 -1 -1000 -1000 -1000 -10 0.999709
36 4 car -1 -1 -10 656 180 685 206 -1 -1 -1 -1000 -1000 -1000 -10 0.980651
36 7 car -1 -1 -10 746 182 775 204 -1 -1 -1 -1000 -1000 -1000 -10 0.999426
37 4 car -1 -1 -10 656 180 685 206 -1 -1 -1 -1000 -1000 -1000 -10 0.975615
37 8 car -1 -1 -10 747 182 775 203 -1 -1 -1 -1000 -1000 -1000 -10 0.999261
38 4 car -1 -1 -10 656 180 685 206 -1 -1 -1 -1000 -1000 -1000 -10 0.978498
38 8 car -1 -1 -10 748 183 775 203 -1 -1 -1 -1000 -1000 -1000 -10 0.999032
39 4 car -1 -1 -10 656 181 685 206 -1 -1 -1 -1000 -1000 -1000 -10 0.981351
39 8 car -1 -1 -10 748 183 774 202 -1 -1 -1 -1000 -1000 -1000 -10 0.999203
40 4 car -1 -1 -10 656 181 685 205 -1 -1 -1 -1000 -1000 -1000 -10 0.979139
40 8 car -1 -1 -10 749 183 774 202 -1 -1 -1 -1000 -1000 -1000 -10 0.998771
41 4 car -1 -1 -10 656 180 685 206 -1 -1 -1 -1000 -1000 -1000 -10 0.981051
41 8 car -1 -1 -10 749 183 774 202 -1 -1 -1 -1000 -1000 -1000 -10 0.998749
42 4 car -1 -1 -10 656 180 685 206 -1 -1 -1 -1000 -1000 -1000 -10 0.974325
43 4 car -1 -1 -10 656 180 685 205 -1 -1 -1 -1000 -1000 -1000 -10 0.978987
44 4 car -1 -1 -10 656 180 685 205 -1 -1 -1 -1000 -1000 -1000 -10 0.98188
45 4 car -1 -1 -10 656 180 685 205 -1 -1 -1 -1000 -1000 -1000 -10 0.979975
46 4 car -1 -1 -10 656 180 685 206 -1 -1 -1 -1000 -1000 -1000 -10 0.98179
47 4 car -1 -1 -10 656 180 685 206 -1 -1 -1 -1000 -1000 -1000 -10 0.980599
48 4 car -1 -1 -10 656 180 685 206 -1 -1 -1 -1000 -1000 -1000 -10 0.983847
49 4 car -1 -1 -10 656 180 685 206 -1 -1 -1 -1000 -1000 -1000 -10 0.983578
50 4 car -1 -1 -10 656 180 685 205 -1 -1 -1 -1000 -1000 -1000 -10 0.976723
51 4 car -1 -1 -10 656 180 685 206 -1 -1 -1 -1000 -1000 -1000 -10 0.979791
52 9 car -1 -1 -10 656 180 685 205 -1 -1 -1 -1000 -1000 -1000 -10 0.983249
53 10 car -1 -1 -10 656 180 685 206 -1 -1 -1 -1000 -1000 -1000 -10 0.989844
54 10 car -1 -1 -10 656 181 684 205 -1 -1 -1 -1000 -1000 -1000 -10 0.988099
55 10 car -1 -1 -10 656 181 684 205 -1 -1 -1 -1000 -1000 -1000 -10 0.987646
56 10 car -1 -1 -10 656 181 684 206 -1 -1 -1 -1000 -1000 -1000 -10 0.983083
57 10 car -1 -1 -10 656 181 685 206 -1 -1 -1 -1000 -1000 -1000 -10 0.987957
58 11 car -1 -1 -10 656 180 685 205 -1 -1 -1 -1000 -1000 -1000 -10 0.982217
59 11 car -1 -1 -10 656 180 685 205 -1 -1 -1 -1000 -1000 -1000 -10 0.984864
60 10 car -1 -1 -10 656 180 685 206 -1 -1 -1 -1000 -1000 -1000 -10 0.98913
61 11 car -1 -1 -10 656 180 685 205 -1 -1 -1 -1000 -1000 -1000 -10 0.979994
62 10 car -1 -1 -10 656 181 684 205 -1 -1 -1 -1000 -1000 -1000 -10 0.988538
63 12 car -1 -1 -10 656 181 684 205 -1 -1 -1 -1000 -1000 -1000 -10 0.982406
64 10 car -1 -1 -10 656 181 684 206 -1 -1 -1 -1000 -1000 -1000 -10 0.987027
65 10 car -1 -1 -10 656 181 684 205 -1 -1 -1 -1000 -1000 -1000 -10 0.990573
66 13 car -1 -1 -10 656 181 685 205 -1 -1 -1 -1000 -1000 -1000 -10 0.986986
67 13 car -1 -1 -10 656 180 684 205 -1 -1 -1 -1000 -1000 -1000 -10 0.989155
68 13 car -1 -1 -10 656 180 684 205 -1 -1 -1 -1000 -1000 -1000 -10 0.989989
69 13 car -1 -1 -10 656 181 685 205 -1 -1 -1 -1000 -1000 -1000 -10 0.988808
70 10 car -1 -1 -10 656 181 684 205 -1 -1 -1 -1000 -1000 -1000 -10 0.991046
71 10 car -1 -1 -10 656 181 684 205 -1 -1 -1 -1000 -1000 -1000 -10 0.98989
72 10 car -1 -1 -10 656 181 684 205 -1 -1 -1 -1000 -1000 -1000 -10 0.988163
73 10 car -1 -1 -10 656 181 684 205 -1 -1 -1 -1000 -1000 -1000 -10 0.987502
74 10 car -1 -1 -10 656 180 684 205 -1 -1 -1 -1000 -1000 -1000 -10 0.987126
75 10 car -1 -1 -10 656 180 684 206 -1 -1 -1 -1000 -1000 -1000 -10 0.989909
76 10 car -1 -1 -10 656 180 684 206 -1 -1 -1 -1000 -1000 -1000 -10 0.990135
77 14 car -1 -1 -10 656 181 684 206 -1 -1 -1 -1000 -1000 -1000 -10 0.991766
