0 0 pedestrian -1 -1 -10 393 140 482 362 -1 -1 -1 -1000 -1000 -1000 -10 0.958782
0 1 pedestrian -1 -1 -10 481 135 546 347 -1 -1 -1 -1000 -1000 -1000 -10 0.92438
1 0 pedestrian -1 -1 -10 413 135 495 368 -1 -1 -1 -1000 -1000 -1000 -10 0.947621
1 1 pedestrian -1 -1 -10 492 132 556 353 -1 -1 -1 -1000 -1000 -1000 -10 0.972256
2 0 pedestrian -1 -1 -10 435 138 510 368 -1 -1 -1 -1000 -1000 -1000 -10 0.955015
2 1 pedestrian -1 -1 -10 498 139 569 342 -1 -1 -1 -1000 -1000 -1000 -10 0.948978
3 0 pedestrian -1 -1 -10 446 140 520 365 -1 -1 -1 -1000 -1000 -1000 -10 0.980188
3 1 pedestrian -1 -1 -10 506 143 576 342 -1 -1 -1 -1000 -1000 -1000 -10 0.95161
4 0 pedestrian -1 -1 -10 451 142 535 362 -1 -1 -1 -1000 -1000 -1000 -10 0.994109
4 1 pedestrian -1 -1 -10 515 140 596 346 -1 -1 -1 -1000 -1000 -1000 -10 0.980493
5 0 pedestrian -1 -1 -10 456 152 547 357 -1 -1 -1 -1000 -1000 -1000 -10 0.990779
5 1 pedestrian -1 -1 -10 526 144 606 342 -1 -1 -1 -1000 -1000 -1000 -10 0.926002
6 0 pedestrian -1 -1 -10 467 147 564 363 -1 -1 -1 -1000 -1000 -1000 -10 0.993629
6 1 pedestrian -1 -1 -10 540 132 619 370 -1 -1 -1 -1000 -1000 -1000 -10 0.983936
7 1 pedestrian -1 -1 -10 564 126 624 370 -1 -1 -1 -1000 -1000 -1000 -10 0.947919
7 2 pedestrian -1 -1 -10 488 142 578 370 -1 -1 -1 -1000 -1000 -1000 -10 0.951245
8 1 pedestrian -1 -1 -10 580 133 635 367 -1 -1 -1 -1000 -1000 -1000 -10 0.940158
8 2 pedestrian -1 -1 -10 513 130 577 370 -1 -1 -1 -1000 -1000 -1000 -10 0.969122
8 3 pedestrian -1 -1 -10 223 153 273 270 -1 -1 -1 -1000 -1000 -1000 -10 0.483852
9 1 pedestrian -1 -1 -10 527 142 595 370 -1 -1 -1 -1000 -1000 -1000 -10 0.99019
9 4 pedestrian -1 -1 -10 586 131 648 370 -1 -1 -1 -1000 -1000 -1000 -10 0.962319
10 1 pedestrian -1 -1 -10 535 145 617 370 -1 -1 -1 -1000 -1000 -1000 -10 0.960804
10 4 pedestrian -1 -1 -10 601 142 672 364 -1 -1 -1 -1000 -1000 -1000 -10 0.790522
11 1 pedestrian -1 -1 -10 542 147 625 369 -1 -1 -1 -1000 -1000 -1000 -10 0.951161
11 4 pedestrian -1 -1 -10 608 137 674 370 -1 -1 -1 -1000 -1000 -1000 -10 0.940032
12 1 pedestrian -1 -1 -10 564 138 640 370 -1 -1 -1 -1000 -1000 -1000 -10 0.980533
12 4 pedestrian -1 -1 -10 629 138 691 370 -1 -1 -1 -1000 -1000 -1000 -10 0.967436
12 5 pedestrian -1 -1 -10 254 146 319 297 -1 -1 -1 -1000 -1000 -1000 -10 0.472963
13 1 pedestrian -1 -1 -10 581 131 655 370 -1 -1 -1 -1000 -1000 -1000 -10 0.957459
13 3 pedestrian -1 -1 -10 217 131 281 329 -1 -1 -1 -1000 -1000 -1000 -10 0.848194
13 4 pedestrian -1 -1 -10 628 121 699 370 -1 -1 -1 -1000 -1000 -1000 -10 0.971453
14 1 pedestrian -1 -1 -10 594 133 684 370 -1 -1 -1 -1000 -1000 -1000 -10 0.956493
14 4 pedestrian -1 -1 -10 636 130 720 370 -1 -1 -1 -1000 -1000 -1000 -10 0.73245
14 5 pedestrian -1 -1 -10 272 146 345 317 -1 -1 -1 -1000 -1000 -1000 -10 0.732961
15 1 pedestrian -1 -1 -10 599 144 683 367 -1 -1 -1 -1000 -1000 -1000 -10 0.988989
15 4 pedestrian -1 -1 -10 647 130 731 370 -1 -1 -1 -1000 -1000 -1000 -10 0.881573
15 5 pedestrian -1 -1 -10 279 151 348 313 -1 -1 -1 -1000 -1000 -1000 -10 0.578971
16 1 pedestrian -1 -1 -10 608 140 704 370 -1 -1 -1 -1000 -1000 -1000 -10 0.977425
16 4 pedestrian -1 -1 -10 661 141 748 366 -1 -1 -1 -1000 -1000 -1000 -10 0.987444
16 5 pedestrian -1 -1 -10 276 145 344 315 -1 -1 -1 -1000 -1000 -1000 -10 0.825345
17 1 pedestrian -1 -1 -10 615 147 710 369 -1 -1 -1 -1000 -1000 -1000 -10 0.986542
17 4 pedestrian -1 -1 -10 675 143 764 365 -1 -1 -1 -1000 -1000 -1000 -10 0.930933
17 5 pedestrian -1 -1 -10 276 129 349 330 -1 -1 -1 -1000 -1000 -1000 -10 0.944364
17 6 pedestrian -1 -1 -10 335 157 401 310 -1 -1 -1 -1000 -1000 -1000 -10 0.31375
18 1 pedestrian -1 -1 -10 638 143 722 370 -1 -1 -1 -1000 -1000 -1000 -10 0.987432
18 4 pedestrian -1 -1 -10 689 135 767 370 -1 -1 -1 -1000 -1000 -1000 -10 0.965145
18 5 pedestrian -1 -1 -10 277 124 354 337 -1 -1 -1 -1000 -1000 -1000 -10 0.824834
18 6 pedestrian -1 -1 -10 331 138 410 324 -1 -1 -1 -1000 -1000 -1000 -10 0.69711
18 7 pedestrian -1 -1 -10 508 143 534 210 -1 -1 -1 -1000 -1000 -1000 -10 0.962899
18 8 pedestrian -1 -1 -10 1129 133 1224 370 -1 -1 -1 -1000 -1000 -1000 -10 0.740719
19 1 pedestrian -1 -1 -10 660 133 742 370 -1 -1 -1 -1000 -1000 -1000 -10 0.964775
19 4 pedestrian -1 -1 -10 704 133 784 370 -1 -1 -1 -1000 -1000 -1000 -10 0.92668
19 5 pedestrian -1 -1 -10 281 123 346 340 -1 -1 -1 -1000 -1000 -1000 -10 0.902195
19 6 pedestrian -1 -1 -10 313 131 394 331 -1 -1 -1 -1000 -1000 -1000 -10 0.865835
19 7 pedestrian -1 -1 -10 509 142 536 212 -1 -1 -1 -1000 -1000 -1000 -10 0.937654
19 8 pedestrian -1 -1 -10 1105 138 1211 366 -1 -1 -1 -1000 -1000 -1000 -10 0.932123
20 1 pedestrian -1 -1 -10 679 132 765 370 -1 -1 -1 -1000 -1000 -1000 -10 0.930849
20 4 pedestrian -1 -1 -10 726 126 803 370 -1 -1 -1 -1000 -1000 -1000 -10 0.913908
20 5 pedestrian -1 -1 -10 281 125 352 349 -1 -1 -1 -1000 -1000 -1000 -10 0.954583
20 7 pedestrian -1 -1 -10 512 141 537 212 -1 -1 -1 -1000 -1000 -1000 -10 0.867904
20 8 pedestrian -1 -1 -10 1067 132 1174 370 -1 -1 -1 -1000 -1000 -1000 -10 0.82401
21 1 pedestrian -1 -1 -10 682 141 769 370 -1 -1 -1 -1000 -1000 -1000 -10 0.934408
21 4 pedestrian -1 -1 -10 720 135 814 370 -1 -1 -1 -1000 -1000 -1000 -10 0.819318
21 5 pedestrian -1 -1 -10 292 122 366 346 -1 -1 -1 -1000 -1000 -1000 -10 0.928306
21 6 pedestrian -1 -1 -10 372 131 445 336 -1 -1 -1 -1000 -1000 -1000 -10 0.885012
21 8 pedestrian -1 -1 -10 1033 137 1147 369 -1 -1 -1 -1000 -1000 -1000 -10 0.901661
22 1 pedestrian -1 -1 -10 701 137 792 370 -1 -1 -1 -1000 -1000 -1000 -10 0.931658
22 4 pedestrian -1 -1 -10 737 134 835 370 -1 -1 -1 -1000 -1000 -1000 -10 0.822221
22 5 pedestrian -1 -1 -10 298 127 372 347 -1 -1 -1 -1000 -1000 -1000 -10 0.973859
22 6 pedestrian -1 -1 -10 389 147 471 327 -1 -1 -1 -1000 -1000 -1000 -10 0.813301
22 8 pedestrian -1 -1 -10 999 144 1110 370 -1 -1 -1 -1000 -1000 -1000 -10 0.957755
23 1 pedestrian -1 -1 -10 720 140 807 370 -1 -1 -1 -1000 -1000 -1000 -10 0.944415
23 4 pedestrian -1 -1 -10 772 135 851 370 -1 -1 -1 -1000 -1000 -1000 -10 0.934815
23 5 pedestrian -1 -1 -10 319 119 392 356 -1 -1 -1 -1000 -1000 -1000 -10 0.607441
23 6 pedestrian -1 -1 -10 394 140 475 331 -1 -1 -1 -1000 -1000 -1000 -10 0.990792
23 7 pedestrian -1 -1 -10 519 141 544 212 -1 -1 -1 -1000 -1000 -1000 -10 0.672659
23 8 pedestrian -1 -1 -10 968 140 1066 370 -1 -1 -1 -1000 -1000 -1000 -10 0.880367
24 1 pedestrian -1 -1 -10 739 132 825 370 -1 -1 -1 -1000 -1000 -1000 -10 0.827382
24 4 pedestrian -1 -1 -10 787 126 866 370 -1 -1 -1 -1000 -1000 -1000 -10 0.95684
24 5 pedestrian -1 -1 -10 331 118 407 361 -1 -1 -1 -1000 -1000 -1000 -10 0.80549
24 6 pedestrian -1 -1 -10 395 137 486 335 -1 -1 -1 -1000 -1000 -1000 -10 0.987061
24 7 pedestrian -1 -1 -10 520 140 545 215 -1 -1 -1 -1000 -1000 -1000 -10 0.857223
24 8 pedestrian -1 -1 -10 947 140 1045 370 -1 -1 -1 -1000 -1000 -1000 -10 0.991401
25 1 pedestrian -1 -1 -10 759 136 846 370 -1 -1 -1 -1000 -1000 -1000 -10 0.868529
25 4 pedestrian -1 -1 -10 799 128 886 370 -1 -1 -1 -1000 -1000 -1000 -10 0.928088
25 5 pedestrian -1 -1 -10 342 123 416 356 -1 -1 -1 -1000 -1000 -1000 -10 0.9255
25 6 pedestrian -1 -1 -10 415 133 500 341 -1 -1 -1 -1000 -1000 -1000 -10 0.962909
25 7 pedestrian -1 -1 -10 520 139 547 218 -1 -1 -1 -1000 -1000 -1000 -10 0.947804
25 8 pedestrian -1 -1 -10 926 130 1016 370 -1 -1 -1 -1000 -1000 -1000 -10 0.983188
26 1 pedestrian -1 -1 -10 758 136 861 369 -1 -1 -1 -1000 -1000 -1000 -10 0.957576
26 4 pedestrian -1 -1 -10 820 135 908 369 -1 -1 -1 -1000 -1000 -1000 -10 0.7449
26 5 pedestrian -1 -1 -10 348 130 430 351 -1 -1 -1 -1000 -1000 -1000 -10 0.885575
26 6 pedestrian -1 -1 -10 438 139 514 337 -1 -1 -1 -1000 -1000 -1000 -10 0.964868
26 7 pedestrian -1 -1 -10 523 141 549 217 -1 -1 -1 -1000 -1000 -1000 -10 0.911283
26 8 pedestrian -1 -1 -10 903 146 996 369 -1 -1 -1 -1000 -1000 -1000 -10 0.985798
27 1 pedestrian -1 -1 -10 771 135 886 370 -1 -1 -1 -1000 -1000 -1000 -10 0.808958
27 4 pedestrian -1 -1 -10 867 143 954 370 -1 -1 -1 -1000 -1000 -1000 -10 0.826967
27 5 pedestrian -1 -1 -10 363 122 434 355 -1 -1 -1 -1000 -1000 -1000 -10 0.985005
27 7 pedestrian -1 -1 -10 525 140 549 219 -1 -1 -1 -1000 -1000 -1000 -10 0.849657
27 9 pedestrian -1 -1 -10 462 121 523 349 -1 -1 -1 -1000 -1000 -1000 -10 0.981054
27 10 pedestrian -1 -1 -10 826 133 912 370 -1 -1 -1 -1000 -1000 -1000 -10 0.449275
28 1 pedestrian -1 -1 -10 771 140 927 369 -1 -1 -1 -1000 -1000 -1000 -10 0.754109
28 5 pedestrian -1 -1 -10 371 117 448 363 -1 -1 -1 -1000 -1000 -1000 -10 0.975885
28 9 pedestrian -1 -1 -10 464 132 540 341 -1 -1 -1 -1000 -1000 -1000 -10 0.98324
29 1 pedestrian -1 -1 -10 819 134 919 370 -1 -1 -1 -1000 -1000 -1000 -10 0.954041
29 5 pedestrian -1 -1 -10 377 120 464 354 -1 -1 -1 -1000 -1000 -1000 -10 0.978255
29 7 pedestrian -1 -1 -10 526 138 550 218 -1 -1 -1 -1000 -1000 -1000 -10 0.935959
29 8 pedestrian -1 -1 -10 870 129 975 370 -1 -1 -1 -1000 -1000 -1000 -10 0.784148
29 9 pedestrian -1 -1 -10 476 131 552 343 -1 -1 -1 -1000 -1000 -1000 -10 0.995783
30 1 pedestrian -1 -1 -10 817 139 920 370 -1 -1 -1 -1000 -1000 -1000 -10 0.735999
30 5 pedestrian -1 -1 -10 390 123 476 358 -1 -1 -1 -1000 -1000 -1000 -10 0.985616
30 6 pedestrian -1 -1 -10 498 130 567 351 -1 -1 -1 -1000 -1000 -1000 -10 0.982567
30 8 pedestrian -1 -1 -10 883 125 978 370 -1 -1 -1 -1000 -1000 -1000 -10 0.792572
30 11 pedestrian -1 -1 -10 785 150 879 369 -1 -1 -1 -1000 -1000 -1000 -10 0.565013
31 1 pedestrian -1 -1 -10 839 142 944 370 -1 -1 -1 -1000 -1000 -1000 -10 0.665018
31 5 pedestrian -1 -1 -10 400 133 483 352 -1 -1 -1 -1000 -1000 -1000 -10 0.967134
31 6 pedestrian -1 -1 -10 506 130 574 355 -1 -1 -1 -1000 -1000 -1000 -10 0.989558
31 11 pedestrian -1 -1 -10 768 156 855 362 -1 -1 -1 -1000 -1000 -1000 -10 0.989594
32 1 pedestrian -1 -1 -10 874 134 985 370 -1 -1 -1 -1000 -1000 -1000 -10 0.835691
32 5 pedestrian -1 -1 -10 417 132 500 356 -1 -1 -1 -1000 -1000 -1000 -10 0.941294
32 6 pedestrian -1 -1 -10 522 129 591 369 -1 -1 -1 -1000 -1000 -1000 -10 0.969083
32 11 pedestrian -1 -1 -10 755 151 845 366 -1 -1 -1 -1000 -1000 -1000 -10 0.993614
33 1 pedestrian -1 -1 -10 899 150 1002 363 -1 -1 -1 -1000 -1000 -1000 -10 0.777127
33 4 pedestrian -1 -1 -10 959 126 1057 370 -1 -1 -1 -1000 -1000 -1000 -10 0.442056
33 5 pedestrian -1 -1 -10 434 121 517 370 -1 -1 -1 -1000 -1000 -1000 -10 0.945614
33 6 pedestrian -1 -1 -10 537 133 612 353 -1 -1 -1 -1000 -1000 -1000 -10 0.994725
33 11 pedestrian -1 -1 -10 741 151 816 361 -1 -1 -1 -1000 -1000 -1000 -10 0.994064
34 4 pedestrian -1 -1 -10 922 126 1088 370 -1 -1 -1 -1000 -1000 -1000 -10 0.896901
34 5 pedestrian -1 -1 -10 445 130 521 354 -1 -1 -1 -1000 -1000 -1000 -10 0.979985
34 6 pedestrian -1 -1 -10 539 137 630 348 -1 -1 -1 -1000 -1000 -1000 -10 0.994181
34 7 pedestrian -1 -1 -10 540 139 567 223 -1 -1 -1 -1000 -1000 -1000 -10 0.850085
34 11 pedestrian -1 -1 -10 718 149 799 366 -1 -1 -1 -1000 -1000 -1000 -10 0.986384
35 4 pedestrian -1 -1 -10 958 137 1069 368 -1 -1 -1 -1000 -1000 -1000 -10 0.694262
35 5 pedestrian -1 -1 -10 463 126 538 361 -1 -1 -1 -1000 -1000 -1000 -10 0.98491
35 6 pedestrian -1 -1 -10 555 125 648 370 -1 -1 -1 -1000 -1000 -1000 -10 0.989912
35 7 pedestrian -1 -1 -10 542 137 569 225 -1 -1 -1 -1000 -1000 -1000 -10 0.884016
35 11 pedestrian -1 -1 -10 694 147 784 363 -1 -1 -1 -1000 -1000 -1000 -10 0.996814
35 12 pedestrian -1 -1 -10 1002 121 1103 370 -1 -1 -1 -1000 -1000 -1000 -10 0.366407
36 4 pedestrian -1 -1 -10 981 135 1091 370 -1 -1 -1 -1000 -1000 -1000 -10 0.744631
36 5 pedestrian -1 -1 -10 482 117 550 370 -1 -1 -1 -1000 -1000 -1000 -10 0.942408
36 6 pedestrian -1 -1 -10 583 135 659 367 -1 -1 -1 -1000 -1000 -1000 -10 0.989232
36 7 pedestrian -1 -1 -10 544 139 571 220 -1 -1 -1 -1000 -1000 -1000 -10 0.936287
36 11 pedestrian -1 -1 -10 677 159 759 355 -1 -1 -1 -1000 -1000 -1000 -10 0.993576
37 5 pedestrian -1 -1 -10 491 119 578 367 -1 -1 -1 -1000 -1000 -1000 -10 0.903395
37 6 pedestrian -1 -1 -10 603 140 669 366 -1 -1 -1 -1000 -1000 -1000 -10 0.995541
37 7 pedestrian -1 -1 -10 546 140 571 219 -1 -1 -1 -1000 -1000 -1000 -10 0.704784
37 11 pedestrian -1 -1 -10 655 147 727 357 -1 -1 -1 -1000 -1000 -1000 -10 0.985309
37 12 pedestrian -1 -1 -10 996 130 1171 370 -1 -1 -1 -1000 -1000 -1000 -10 0.860688
38 5 pedestrian -1 -1 -10 503 121 585 370 -1 -1 -1 -1000 -1000 -1000 -10 0.923333
38 6 pedestrian -1 -1 -10 626 146 704 362 -1 -1 -1 -1000 -1000 -1000 -10 0.967198
38 12 pedestrian -1 -1 -10 1007 147 1185 361 -1 -1 -1 -1000 -1000 -1000 -10 0.809178
39 5 pedestrian -1 -1 -10 525 123 605 370 -1 -1 -1 -1000 -1000 -1000 -10 0.968469
39 11 pedestrian -1 -1 -10 613 136 707 366 -1 -1 -1 -1000 -1000 -1000 -10 0.982349
39 12 pedestrian -1 -1 -10 1045 145 1224 365 -1 -1 -1 -1000 -1000 -1000 -10 0.958849
40 5 pedestrian -1 -1 -10 540 141 614 365 -1 -1 -1 -1000 -1000 -1000 -10 0.980584
40 6 pedestrian -1 -1 -10 593 151 658 358 -1 -1 -1 -1000 -1000 -1000 -10 0.974596
40 11 pedestrian -1 -1 -10 643 145 715 364 -1 -1 -1 -1000 -1000 -1000 -10 0.978895
40 12 pedestrian -1 -1 -10 1073 139 1224 370 -1 -1 -1 -1000 -1000 -1000 -10 0.987975
40 13 pedestrian -1 -1 -10 524 132 548 212 -1 -1 -1 -1000 -1000 -1000 -10 0.936728
40 14 pedestrian -1 -1 -10 547 140 584 216 -1 -1 -1 -1000 -1000 -1000 -10 0.537795
41 5 pedestrian -1 -1 -10 553 121 644 370 -1 -1 -1 -1000 -1000 -1000 -10 0.953384
41 11 pedestrian -1 -1 -10 649 130 723 370 -1 -1 -1 -1000 -1000 -1000 -10 0.98337
41 12 pedestrian -1 -1 -10 1089 148 1224 367 -1 -1 -1 -1000 -1000 -1000 -10 0.906387
41 14 pedestrian -1 -1 -10 553 141 581 216 -1 -1 -1 -1000 -1000 -1000 -10 0.842809
42 5 pedestrian -1 -1 -10 547 133 650 368 -1 -1 -1 -1000 -1000 -1000 -10 0.922679
42 11 pedestrian -1 -1 -10 662 127 740 370 -1 -1 -1 -1000 -1000 -1000 -10 0.97731
42 12 pedestrian -1 -1 -10 1122 155 1224 368 -1 -1 -1 -1000 -1000 -1000 -10 0.691591
42 14 pedestrian -1 -1 -10 553 143 581 220 -1 -1 -1 -1000 -1000 -1000 -10 0.66833
43 5 pedestrian -1 -1 -10 541 143 611 359 -1 -1 -1 -1000 -1000 -1000 -10 0.979754
43 11 pedestrian -1 -1 -10 675 132 765 370 -1 -1 -1 -1000 -1000 -1000 -10 0.995925
43 15 pedestrian -1 -1 -10 584 132 660 370 -1 -1 -1 -1000 -1000 -1000 -10 0.945073
44 5 pedestrian -1 -1 -10 512 143 595 355 -1 -1 -1 -1000 -1000 -1000 -10 0.876235
44 11 pedestrian -1 -1 -10 681 133 781 370 -1 -1 -1 -1000 -1000 -1000 -10 0.992944
44 14 pedestrian -1 -1 -10 559 136 587 228 -1 -1 -1 -1000 -1000 -1000 -10 0.913183
44 15 pedestrian -1 -1 -10 583 139 666 366 -1 -1 -1 -1000 -1000 -1000 -10 0.958691
45 4 pedestrian -1 -1 -10 616 120 705 370 -1 -1 -1 -1000 -1000 -1000 -10 0.964393
45 5 pedestrian -1 -1 -10 499 150 569 349 -1 -1 -1 -1000 -1000 -1000 -10 0.965937
45 11 pedestrian -1 -1 -10 699 131 803 370 -1 -1 -1 -1000 -1000 -1000 -10 0.992504
46 4 pedestrian -1 -1 -10 639 120 719 370 -1 -1 -1 -1000 -1000 -1000 -10 0.905891
46 5 pedestrian -1 -1 -10 483 140 545 344 -1 -1 -1 -1000 -1000 -1000 -10 0.94664
46 11 pedestrian -1 -1 -10 720 137 819 365 -1 -1 -1 -1000 -1000 -1000 -10 0.983529
46 14 pedestrian -1 -1 -10 565 140 592 233 -1 -1 -1 -1000 -1000 -1000 -10 0.845878
46 16 pedestrian -1 -1 -10 526 133 550 211 -1 -1 -1 -1000 -1000 -1000 -10 0.648231
47 4 pedestrian -1 -1 -10 643 125 732 370 -1 -1 -1 -1000 -1000 -1000 -10 0.844721
47 5 pedestrian -1 -1 -10 460 143 532 343 -1 -1 -1 -1000 -1000 -1000 -10 0.995974
47 11 pedestrian -1 -1 -10 743 134 829 348 -1 -1 -1 -1000 -1000 -1000 -10 0.9652
47 14 pedestrian -1 -1 -10 571 138 597 238 -1 -1 -1 -1000 -1000 -1000 -10 0.868837
48 4 pedestrian -1 -1 -10 677 118 761 370 -1 -1 -1 -1000 -1000 -1000 -10 0.849707
48 5 pedestrian -1 -1 -10 438 147 513 335 -1 -1 -1 -1000 -1000 -1000 -10 0.995842
48 11 pedestrian -1 -1 -10 761 131 856 370 -1 -1 -1 -1000 -1000 -1000 -10 0.98696
48 14 pedestrian -1 -1 -10 575 137 601 238 -1 -1 -1 -1000 -1000 -1000 -10 0.844107
49 4 pedestrian -1 -1 -10 682 114 776 370 -1 -1 -1 -1000 -1000 -1000 -10 0.85742
49 5 pedestrian -1 -1 -10 422 149 498 348 -1 -1 -1 -1000 -1000 -1000 -10 0.990937
49 11 pedestrian -1 -1 -10 774 130 876 370 -1 -1 -1 -1000 -1000 -1000 -10 0.985338
49 13 pedestrian -1 -1 -10 530 128 556 215 -1 -1 -1 -1000 -1000 -1000 -10 0.97146
49 14 pedestrian -1 -1 -10 576 135 602 239 -1 -1 -1 -1000 -1000 -1000 -10 0.756439
50 4 pedestrian -1 -1 -10 709 122 810 370 -1 -1 -1 -1000 -1000 -1000 -10 0.943679
50 5 pedestrian -1 -1 -10 399 154 472 327 -1 -1 -1 -1000 -1000 -1000 -10 0.891538
50 11 pedestrian -1 -1 -10 798 127 898 370 -1 -1 -1 -1000 -1000 -1000 -10 0.97428
50 13 pedestrian -1 -1 -10 530 130 556 213 -1 -1 -1 -1000 -1000 -1000 -10 0.981099
50 16 pedestrian -1 -1 -10 579 141 606 223 -1 -1 -1 -1000 -1000 -1000 -10 0.713813
51 4 pedestrian -1 -1 -10 715 106 819 370 -1 -1 -1 -1000 -1000 -1000 -10 0.938347
51 5 pedestrian -1 -1 -10 387 154 447 332 -1 -1 -1 -1000 -1000 -1000 -10 0.955493
51 11 pedestrian -1 -1 -10 826 130 914 370 -1 -1 -1 -1000 -1000 -1000 -10 0.97886
51 13 pedestrian -1 -1 -10 530 131 557 215 -1 -1 -1 -1000 -1000 -1000 -10 0.969618
51 14 pedestrian -1 -1 -10 580 135 611 238 -1 -1 -1 -1000 -1000 -1000 -10 0.953443
52 4 pedestrian -1 -1 -10 712 105 885 370 -1 -1 -1 -1000 -1000 -1000 -10 0.868564
52 5 pedestrian -1 -1 -10 362 159 435 324 -1 -1 -1 -1000 -1000 -1000 -10 0.988615
52 11 pedestrian -1 -1 -10 845 129 937 370 -1 -1 -1 -1000 -1000 -1000 -10 0.855965
52 13 pedestrian -1 -1 -10 529 133 557 218 -1 -1 -1 -1000 -1000 -1000 -10 0.961358
52 14 pedestrian -1 -1 -10 583 138 612 237 -1 -1 -1 -1000 -1000 -1000 -10 0.967333
53 4 pedestrian -1 -1 -10 730 103 936 370 -1 -1 -1 -1000 -1000 -1000 -10 0.769889
53 5 pedestrian -1 -1 -10 349 151 416 330 -1 -1 -1 -1000 -1000 -1000 -10 0.956459
53 11 pedestrian -1 -1 -10 866 134 963 352 -1 -1 -1 -1000 -1000 -1000 -10 0.720898
53 13 pedestrian -1 -1 -10 563 140 587 222 -1 -1 -1 -1000 -1000 -1000 -10 0.990124
53 14 pedestrian -1 -1 -10 588 140 618 236 -1 -1 -1 -1000 -1000 -1000 -10 0.915534
53 17 pedestrian -1 -1 -10 529 131 557 220 -1 -1 -1 -1000 -1000 -1000 -10 0.97076
54 4 pedestrian -1 -1 -10 746 99 946 370 -1 -1 -1 -1000 -1000 -1000 -10 0.871083
54 5 pedestrian -1 -1 -10 336 153 398 327 -1 -1 -1 -1000 -1000 -1000 -10 0.994657
54 11 pedestrian -1 -1 -10 887 139 1004 360 -1 -1 -1 -1000 -1000 -1000 -10 0.888581
54 13 pedestrian -1 -1 -10 563 140 589 221 -1 -1 -1 -1000 -1000 -1000 -10 0.991206
54 14 pedestrian -1 -1 -10 591 136 620 240 -1 -1 -1 -1000 -1000 -1000 -10 0.975309
54 17 pedestrian -1 -1 -10 531 130 559 221 -1 -1 -1 -1000 -1000 -1000 -10 0.992561
55 4 pedestrian -1 -1 -10 773 92 977 370 -1 -1 -1 -1000 -1000 -1000 -10 0.822911
55 5 pedestrian -1 -1 -10 318 149 378 320 -1 -1 -1 -1000 -1000 -1000 -10 0.9921
55 11 pedestrian -1 -1 -10 913 138 1029 368 -1 -1 -1 -1000 -1000 -1000 -10 0.976024
55 14 pedestrian -1 -1 -10 592 137 624 240 -1 -1 -1 -1000 -1000 -1000 -10 0.95626
56 4 pedestrian -1 -1 -10 806 92 973 370 -1 -1 -1 -1000 -1000 -1000 -10 0.829772
56 5 pedestrian -1 -1 -10 300 158 364 315 -1 -1 -1 -1000 -1000 -1000 -10 0.985086
56 11 pedestrian -1 -1 -10 945 136 1067 367 -1 -1 -1 -1000 -1000 -1000 -10 0.876928
56 13 pedestrian -1 -1 -10 564 141 590 221 -1 -1 -1 -1000 -1000 -1000 -10 0.990979
56 14 pedestrian -1 -1 -10 592 142 626 240 -1 -1 -1 -1000 -1000 -1000 -10 0.954571
56 17 pedestrian -1 -1 -10 535 134 560 218 -1 -1 -1 -1000 -1000 -1000 -10 0.990164
57 4 pedestrian -1 -1 -10 833 93 1013 370 -1 -1 -1 -1000 -1000 -1000 -10 0.881399
57 5 pedestrian -1 -1 -10 287 160 348 318 -1 -1 -1 -1000 -1000 -1000 -10 0.996037
57 11 pedestrian -1 -1 -10 972 134 1092 365 -1 -1 -1 -1000 -1000 -1000 -10 0.858679
57 13 pedestrian -1 -1 -10 566 140 593 222 -1 -1 -1 -1000 -1000 -1000 -10 0.98621
57 14 pedestrian -1 -1 -10 599 143 630 238 -1 -1 -1 -1000 -1000 -1000 -10 0.878467
57 17 pedestrian -1 -1 -10 535 135 562 217 -1 -1 -1 -1000 -1000 -1000 -10 0.977787
58 4 pedestrian -1 -1 -10 858 87 1051 370 -1 -1 -1 -1000 -1000 -1000 -10 0.746002
58 5 pedestrian -1 -1 -10 268 157 330 315 -1 -1 -1 -1000 -1000 -1000 -10 0.99694
58 11 pedestrian -1 -1 -10 1002 126 1110 370 -1 -1 -1 -1000 -1000 -1000 -10 0.611759
58 13 pedestrian -1 -1 -10 538 129 564 225 -1 -1 -1 -1000 -1000 -1000 -10 0.974813
58 14 pedestrian -1 -1 -10 603 140 634 240 -1 -1 -1 -1000 -1000 -1000 -10 0.953339
59 4 pedestrian -1 -1 -10 890 84 1096 370 -1 -1 -1 -1000 -1000 -1000 -10 0.713141
59 5 pedestrian -1 -1 -10 250 153 308 317 -1 -1 -1 -1000 -1000 -1000 -10 0.95462
59 13 pedestrian -1 -1 -10 569 142 595 221 -1 -1 -1 -1000 -1000 -1000 -10 0.937031
59 16 pedestrian -1 -1 -10 613 146 639 214 -1 -1 -1 -1000 -1000 -1000 -10 0.545308
59 17 pedestrian -1 -1 -10 539 127 568 226 -1 -1 -1 -1000 -1000 -1000 -10 0.994954
60 4 pedestrian -1 -1 -10 919 95 1105 370 -1 -1 -1 -1000 -1000 -1000 -10 0.86282
60 13 pedestrian -1 -1 -10 569 139 597 221 -1 -1 -1 -1000 -1000 -1000 -10 0.970493
60 16 pedestrian -1 -1 -10 617 145 642 215 -1 -1 -1 -1000 -1000 -1000 -10 0.719183
60 17 pedestrian -1 -1 -10 540 125 568 226 -1 -1 -1 -1000 -1000 -1000 -10 0.993009
61 4 pedestrian -1 -1 -10 931 85 1157 370 -1 -1 -1 -1000 -1000 -1000 -10 0.798367
61 13 pedestrian -1 -1 -10 571 140 599 223 -1 -1 -1 -1000 -1000 -1000 -10 0.989574
61 16 pedestrian -1 -1 -10 621 150 651 223 -1 -1 -1 -1000 -1000 -1000 -10 0.61568
61 17 pedestrian -1 -1 -10 541 125 569 227 -1 -1 -1 -1000 -1000 -1000 -10 0.99208
62 4 pedestrian -1 -1 -10 963 100 1219 370 -1 -1 -1 -1000 -1000 -1000 -10 0.869439
62 13 pedestrian -1 -1 -10 572 140 600 223 -1 -1 -1 -1000 -1000 -1000 -10 0.991626
62 16 pedestrian -1 -1 -10 623 145 654 232 -1 -1 -1 -1000 -1000 -1000 -10 0.821767
62 17 pedestrian -1 -1 -10 543 130 571 223 -1 -1 -1 -1000 -1000 -1000 -10 0.991609
63 4 pedestrian -1 -1 -10 979 95 1224 370 -1 -1 -1 -1000 -1000 -1000 -10 0.886099
63 13 pedestrian -1 -1 -10 572 141 601 225 -1 -1 -1 -1000 -1000 -1000 -10 0.982625
63 14 pedestrian -1 -1 -10 624 141 655 237 -1 -1 -1 -1000 -1000 -1000 -10 0.92155
63 17 pedestrian -1 -1 -10 543 129 571 223 -1 -1 -1 -1000 -1000 -1000 -10 0.992088
64 4 pedestrian -1 -1 -10 1016 92 1224 368 -1 -1 -1 -1000 -1000 -1000 -10 0.964175
64 13 pedestrian -1 -1 -10 575 138 602 227 -1 -1 -1 -1000 -1000 -1000 -10 0.966989
64 14 pedestrian -1 -1 -10 630 141 661 237 -1 -1 -1 -1000 -1000 -1000 -10 0.862582
64 17 pedestrian -1 -1 -10 545 130 570 224 -1 -1 -1 -1000 -1000 -1000 -10 0.989646
65 4 pedestrian -1 -1 -10 1056 68 1224 370 -1 -1 -1 -1000 -1000 -1000 -10 0.951354
65 13 pedestrian -1 -1 -10 575 139 604 227 -1 -1 -1 -1000 -1000 -1000 -10 0.973981
65 14 pedestrian -1 -1 -10 634 140 665 240 -1 -1 -1 -1000 -1000 -1000 -10 0.837372
65 17 pedestrian -1 -1 -10 545 128 574 225 -1 -1 -1 -1000 -1000 -1000 -10 0.969059
66 13 pedestrian -1 -1 -10 549 129 574 227 -1 -1 -1 -1000 -1000 -1000 -10 0.928982
66 14 pedestrian -1 -1 -10 636 143 678 254 -1 -1 -1 -1000 -1000 -1000 -10 0.980901
66 17 pedestrian -1 -1 -10 580 141 605 225 -1 -1 -1 -1000 -1000 -1000 -10 0.880989
67 13 pedestrian -1 -1 -10 582 140 608 226 -1 -1 -1 -1000 -1000 -1000 -10 0.983168
67 14 pedestrian -1 -1 -10 638 141 679 257 -1 -1 -1 -1000 -1000 -1000 -10 0.987094
67 18 pedestrian -1 -1 -10 547 128 576 228 -1 -1 -1 -1000 -1000 -1000 -10 0.977979
68 13 pedestrian -1 -1 -10 584 139 611 226 -1 -1 -1 -1000 -1000 -1000 -10 0.970958
68 14 pedestrian -1 -1 -10 647 143 683 253 -1 -1 -1 -1000 -1000 -1000 -10 0.901009
68 18 pedestrian -1 -1 -10 548 127 577 230 -1 -1 -1 -1000 -1000 -1000 -10 0.988493
68 19 pedestrian -1 -1 -10 644 148 670 213 -1 -1 -1 -1000 -1000 -1000 -10 0.573595
69 14 pedestrian -1 -1 -10 651 135 686 262 -1 -1 -1 -1000 -1000 -1000 -10 0.676655
69 17 pedestrian -1 -1 -10 585 140 614 225 -1 -1 -1 -1000 -1000 -1000 -10 0.972537
69 18 pedestrian -1 -1 -10 549 125 578 232 -1 -1 -1 -1000 -1000 -1000 -10 0.99087
70 14 pedestrian -1 -1 -10 659 134 695 265 -1 -1 -1 -1000 -1000 -1000 -10 0.668602
70 17 pedestrian -1 -1 -10 589 139 617 225 -1 -1 -1 -1000 -1000 -1000 -10 0.952934
70 18 pedestrian -1 -1 -10 549 125 580 231 -1 -1 -1 -1000 -1000 -1000 -10 0.995513
70 19 pedestrian -1 -1 -10 652 146 680 212 -1 -1 -1 -1000 -1000 -1000 -10 0.744572
71 13 pedestrian -1 -1 -10 591 138 620 227 -1 -1 -1 -1000 -1000 -1000 -10 0.972632
71 14 pedestrian -1 -1 -10 660 143 700 259 -1 -1 -1 -1000 -1000 -1000 -10 0.799555
71 18 pedestrian -1 -1 -10 550 126 581 228 -1 -1 -1 -1000 -1000 -1000 -10 0.993756
72 13 pedestrian -1 -1 -10 594 137 623 229 -1 -1 -1 -1000 -1000 -1000 -10 0.948805
72 14 pedestrian -1 -1 -10 663 144 711 270 -1 -1 -1 -1000 -1000 -1000 -10 0.787769
72 18 pedestrian -1 -1 -10 549 130 583 228 -1 -1 -1 -1000 -1000 -1000 -10 0.994177
73 13 pedestrian -1 -1 -10 594 136 626 235 -1 -1 -1 -1000 -1000 -1000 -10 0.8865
73 14 pedestrian -1 -1 -10 672 144 719 272 -1 -1 -1 -1000 -1000 -1000 -10 0.755346
73 18 pedestrian -1 -1 -10 550 132 584 228 -1 -1 -1 -1000 -1000 -1000 -10 0.992271
74 13 pedestrian -1 -1 -10 600 138 628 228 -1 -1 -1 -1000 -1000 -1000 -10 0.911673
74 14 pedestrian -1 -1 -10 679 145 722 271 -1 -1 -1 -1000 -1000 -1000 -10 0.972697
74 18 pedestrian -1 -1 -10 551 129 583 230 -1 -1 -1 -1000 -1000 -1000 -10 0.991923
75 13 pedestrian -1 -1 -10 602 139 634 232 -1 -1 -1 -1000 -1000 -1000 -10 0.960053
75 14 pedestrian -1 -1 -10 680 143 736 272 -1 -1 -1 -1000 -1000 -1000 -10 0.965461
75 18 pedestrian -1 -1 -10 552 126 584 237 -1 -1 -1 -1000 -1000 -1000 -10 0.993432
75 20 pedestrian -1 -1 -10 664 145 690 227 -1 -1 -1 -1000 -1000 -1000 -10 0.942089
76 13 pedestrian -1 -1 -10 603 142 637 230 -1 -1 -1 -1000 -1000 -1000 -10 0.991305
76 14 pedestrian -1 -1 -10 686 146 739 271 -1 -1 -1 -1000 -1000 -1000 -10 0.976432
76 18 pedestrian -1 -1 -10 552 123 586 237 -1 -1 -1 -1000 -1000 -1000 -10 0.983692
76 20 pedestrian -1 -1 -10 664 147 691 224 -1 -1 -1 -1000 -1000 -1000 -10 0.965657
77 13 pedestrian -1 -1 -10 607 141 641 232 -1 -1 -1 -1000 -1000 -1000 -10 0.95855
77 14 pedestrian -1 -1 -10 696 148 742 273 -1 -1 -1 -1000 -1000 -1000 -10 0.970447
77 18 pedestrian -1 -1 -10 558 123 587 238 -1 -1 -1 -1000 -1000 -1000 -10 0.960675
78 13 pedestrian -1 -1 -10 608 138 641 235 -1 -1 -1 -1000 -1000 -1000 -10 0.979257
78 14 pedestrian -1 -1 -10 700 146 742 277 -1 -1 -1 -1000 -1000 -1000 -10 0.975424
78 18 pedestrian -1 -1 -10 558 125 588 238 -1 -1 -1 -1000 -1000 -1000 -10 0.972797
78 20 pedestrian -1 -1 -10 672 143 697 232 -1 -1 -1 -1000 -1000 -1000 -10 0.964939
79 13 pedestrian -1 -1 -10 610 141 646 232 -1 -1 -1 -1000 -1000 -1000 -10 0.983913
79 14 pedestrian -1 -1 -10 708 145 752 278 -1 -1 -1 -1000 -1000 -1000 -10 0.841666
79 18 pedestrian -1 -1 -10 558 129 590 236 -1 -1 -1 -1000 -1000 -1000 -10 0.982067
79 20 pedestrian -1 -1 -10 671 143 701 233 -1 -1 -1 -1000 -1000 -1000 -10 0.993035
80 13 pedestrian -1 -1 -10 613 140 649 234 -1 -1 -1 -1000 -1000 -1000 -10 0.97753
80 14 pedestrian -1 -1 -10 717 143 764 282 -1 -1 -1 -1000 -1000 -1000 -10 0.932301
80 18 pedestrian -1 -1 -10 559 129 592 235 -1 -1 -1 -1000 -1000 -1000 -10 0.993834
80 20 pedestrian -1 -1 -10 675 143 704 233 -1 -1 -1 -1000 -1000 -1000 -10 0.995149
81 13 pedestrian -1 -1 -10 616 142 652 234 -1 -1 -1 -1000 -1000 -1000 -10 0.971277
81 14 pedestrian -1 -1 -10 718 145 774 289 -1 -1 -1 -1000 -1000 -1000 -10 0.925687
81 18 pedestrian -1 -1 -10 559 127 595 237 -1 -1 -1 -1000 -1000 -1000 -10 0.989534
81 20 pedestrian -1 -1 -10 676 146 706 232 -1 -1 -1 -1000 -1000 -1000 -10 0.983752
82 13 pedestrian -1 -1 -10 617 143 652 236 -1 -1 -1 -1000 -1000 -1000 -10 0.991014
82 14 pedestrian -1 -1 -10 722 144 777 294 -1 -1 -1 -1000 -1000 -1000 -10 0.897626
82 18 pedestrian -1 -1 -10 560 128 598 235 -1 -1 -1 -1000 -1000 -1000 -10 0.990811
82 20 pedestrian -1 -1 -10 681 145 709 233 -1 -1 -1 -1000 -1000 -1000 -10 0.975391
83 13 pedestrian -1 -1 -10 619 142 657 238 -1 -1 -1 -1000 -1000 -1000 -10 0.995061
83 14 pedestrian -1 -1 -10 735 138 788 298 -1 -1 -1 -1000 -1000 -1000 -10 0.986024
83 18 pedestrian -1 -1 -10 561 129 598 235 -1 -1 -1 -1000 -1000 -1000 -10 0.978664
83 20 pedestrian -1 -1 -10 682 145 712 233 -1 -1 -1 -1000 -1000 -1000 -10 0.991871
84 13 pedestrian -1 -1 -10 627 146 661 236 -1 -1 -1 -1000 -1000 -1000 -10 0.972819
84 14 pedestrian -1 -1 -10 749 136 796 305 -1 -1 -1 -1000 -1000 -1000 -10 0.939209
84 18 pedestrian -1 -1 -10 559 132 600 232 -1 -1 -1 -1000 -1000 -1000 -10 0.961359
84 20 pedestrian -1 -1 -10 683 146 716 236 -1 -1 -1 -1000 -1000 -1000 -10 0.994941
85 13 pedestrian -1 -1 -10 627 146 664 237 -1 -1 -1 -1000 -1000 -1000 -10 0.994718
85 14 pedestrian -1 -1 -10 753 138 806 305 -1 -1 -1 -1000 -1000 -1000 -10 0.997057
85 18 pedestrian -1 -1 -10 565 128 604 244 -1 -1 -1 -1000 -1000 -1000 -10 0.961245
85 20 pedestrian -1 -1 -10 686 148 719 233 -1 -1 -1 -1000 -1000 -1000 -10 0.957408
86 13 pedestrian -1 -1 -10 629 145 667 239 -1 -1 -1 -1000 -1000 -1000 -10 0.99365
86 14 pedestrian -1 -1 -10 754 140 812 305 -1 -1 -1 -1000 -1000 -1000 -10 0.998341
86 18 pedestrian -1 -1 -10 567 125 608 249 -1 -1 -1 -1000 -1000 -1000 -10 0.994821
86 20 pedestrian -1 -1 -10 691 146 722 234 -1 -1 -1 -1000 -1000 -1000 -10 0.991025
87 14 pedestrian -1 -1 -10 761 137 819 309 -1 -1 -1 -1000 -1000 -1000 -10 0.971901
87 18 pedestrian -1 -1 -10 575 126 610 247 -1 -1 -1 -1000 -1000 -1000 -10 0.950739
87 20 pedestrian -1 -1 -10 632 142 669 244 -1 -1 -1 -1000 -1000 -1000 -10 0.990541
87 21 pedestrian -1 -1 -10 696 145 722 236 -1 -1 -1 -1000 -1000 -1000 -10 0.979402
88 14 pedestrian -1 -1 -10 775 138 832 317 -1 -1 -1 -1000 -1000 -1000 -10 0.963498
88 18 pedestrian -1 -1 -10 577 126 614 249 -1 -1 -1 -1000 -1000 -1000 -10 0.990894
88 20 pedestrian -1 -1 -10 631 141 671 242 -1 -1 -1 -1000 -1000 -1000 -10 0.993963
88 21 pedestrian -1 -1 -10 696 146 729 237 -1 -1 -1 -1000 -1000 -1000 -10 0.914048
89 14 pedestrian -1 -1 -10 783 140 840 318 -1 -1 -1 -1000 -1000 -1000 -10 0.978963
89 18 pedestrian -1 -1 -10 578 128 615 247 -1 -1 -1 -1000 -1000 -1000 -10 0.993388
89 20 pedestrian -1 -1 -10 632 141 672 245 -1 -1 -1 -1000 -1000 -1000 -10 0.970605
89 21 pedestrian -1 -1 -10 702 149 735 237 -1 -1 -1 -1000 -1000 -1000 -10 0.960871
90 13 pedestrian -1 -1 -10 636 141 675 251 -1 -1 -1 -1000 -1000 -1000 -10 0.944591
90 14 pedestrian -1 -1 -10 791 143 858 320 -1 -1 -1 -1000 -1000 -1000 -10 0.997766
90 18 pedestrian -1 -1 -10 579 131 618 245 -1 -1 -1 -1000 -1000 -1000 -10 0.994813
90 21 pedestrian -1 -1 -10 708 149 735 237 -1 -1 -1 -1000 -1000 -1000 -10 0.904976
91 13 pedestrian -1 -1 -10 637 141 677 253 -1 -1 -1 -1000 -1000 -1000 -10 0.985255
91 14 pedestrian -1 -1 -10 791 145 871 324 -1 -1 -1 -1000 -1000 -1000 -10 0.997375
91 18 pedestrian -1 -1 -10 581 130 619 251 -1 -1 -1 -1000 -1000 -1000 -10 0.980984
91 21 pedestrian -1 -1 -10 713 149 739 237 -1 -1 -1 -1000 -1000 -1000 -10 0.835944
92 13 pedestrian -1 -1 -10 639 138 680 255 -1 -1 -1 -1000 -1000 -1000 -10 0.963119
92 14 pedestrian -1 -1 -10 807 141 879 326 -1 -1 -1 -1000 -1000 -1000 -10 0.995577
92 18 pedestrian -1 -1 -10 584 126 628 255 -1 -1 -1 -1000 -1000 -1000 -10 0.993581
92 21 pedestrian -1 -1 -10 714 146 743 241 -1 -1 -1 -1000 -1000 -1000 -10 0.94902
93 13 pedestrian -1 -1 -10 639 140 681 255 -1 -1 -1 -1000 -1000 -1000 -10 0.985982
93 14 pedestrian -1 -1 -10 829 141 892 327 -1 -1 -1 -1000 -1000 -1000 -10 0.994149
93 18 pedestrian -1 -1 -10 586 127 630 256 -1 -1 -1 -1000 -1000 -1000 -10 0.992109
93 21 pedestrian -1 -1 -10 714 148 751 244 -1 -1 -1 -1000 -1000 -1000 -10 0.937949
94 13 pedestrian -1 -1 -10 640 137 682 258 -1 -1 -1 -1000 -1000 -1000 -10 0.987393
94 14 pedestrian -1 -1 -10 841 139 903 338 -1 -1 -1 -1000 -1000 -1000 -10 0.994721
94 18 pedestrian -1 -1 -10 584 130 633 250 -1 -1 -1 -1000 -1000 -1000 -10 0.992529
94 21 pedestrian -1 -1 -10 720 147 756 240 -1 -1 -1 -1000 -1000 -1000 -10 0.956826
95 13 pedestrian -1 -1 -10 645 146 685 257 -1 -1 -1 -1000 -1000 -1000 -10 0.964718
95 14 pedestrian -1 -1 -10 845 144 923 336 -1 -1 -1 -1000 -1000 -1000 -10 0.999146
95 18 pedestrian -1 -1 -10 584 133 635 252 -1 -1 -1 -1000 -1000 -1000 -10 0.966718
95 21 pedestrian -1 -1 -10 726 149 760 245 -1 -1 -1 -1000 -1000 -1000 -10 0.978657
96 14 pedestrian -1 -1 -10 852 146 937 340 -1 -1 -1 -1000 -1000 -1000 -10 0.995997
96 18 pedestrian -1 -1 -10 592 129 639 256 -1 -1 -1 -1000 -1000 -1000 -10 0.932401
96 20 pedestrian -1 -1 -10 648 147 689 256 -1 -1 -1 -1000 -1000 -1000 -10 0.984965
96 21 pedestrian -1 -1 -10 731 148 763 247 -1 -1 -1 -1000 -1000 -1000 -10 0.973099
97 13 pedestrian -1 -1 -10 650 146 693 259 -1 -1 -1 -1000 -1000 -1000 -10 0.956627
97 14 pedestrian -1 -1 -10 866 140 956 358 -1 -1 -1 -1000 -1000 -1000 -10 0.995042
97 18 pedestrian -1 -1 -10 601 131 645 263 -1 -1 -1 -1000 -1000 -1000 -10 0.936391
97 21 pedestrian -1 -1 -10 734 148 768 249 -1 -1 -1 -1000 -1000 -1000 -10 0.975132
98 13 pedestrian -1 -1 -10 655 145 698 258 -1 -1 -1 -1000 -1000 -1000 -10 0.98139
98 14 pedestrian -1 -1 -10 892 133 964 367 -1 -1 -1 -1000 -1000 -1000 -10 0.986432
98 18 pedestrian -1 -1 -10 605 129 648 263 -1 -1 -1 -1000 -1000 -1000 -10 0.984797
98 21 pedestrian -1 -1 -10 737 152 779 246 -1 -1 -1 -1000 -1000 -1000 -10 0.981137
99 13 pedestrian -1 -1 -10 656 144 700 263 -1 -1 -1 -1000 -1000 -1000 -10 0.98302
99 14 pedestrian -1 -1 -10 913 134 984 369 -1 -1 -1 -1000 -1000 -1000 -10 0.995868
99 18 pedestrian -1 -1 -10 605 126 650 269 -1 -1 -1 -1000 -1000 -1000 -10 0.989504
99 21 pedestrian -1 -1 -10 742 150 782 251 -1 -1 -1 -1000 -1000 -1000 -10 0.991171
100 13 pedestrian -1 -1 -10 657 145 705 269 -1 -1 -1 -1000 -1000 -1000 -10 0.967257
100 14 pedestrian -1 -1 -10 918 137 1012 370 -1 -1 -1 -1000 -1000 -1000 -10 0.995779
100 18 pedestrian -1 -1 -10 605 129 652 269 -1 -1 -1 -1000 -1000 -1000 -10 0.990231
100 21 pedestrian -1 -1 -10 748 156 786 245 -1 -1 -1 -1000 -1000 -1000 -10 0.954884
101 13 pedestrian -1 -1 -10 659 145 705 270 -1 -1 -1 -1000 -1000 -1000 -10 0.968275
101 14 pedestrian -1 -1 -10 928 143 1023 366 -1 -1 -1 -1000 -1000 -1000 -10 0.99707
101 18 pedestrian -1 -1 -10 612 130 657 267 -1 -1 -1 -1000 -1000 -1000 -10 0.98036
101 21 pedestrian -1 -1 -10 751 147 789 249 -1 -1 -1 -1000 -1000 -1000 -10 0.993579
102 14 pedestrian -1 -1 -10 963 137 1047 364 -1 -1 -1 -1000 -1000 -1000 -10 0.967292
102 18 pedestrian -1 -1 -10 612 130 660 270 -1 -1 -1 -1000 -1000 -1000 -10 0.986087
102 20 pedestrian -1 -1 -10 665 149 708 266 -1 -1 -1 -1000 -1000 -1000 -10 0.957686
102 21 pedestrian -1 -1 -10 752 149 796 254 -1 -1 -1 -1000 -1000 -1000 -10 0.98791
103 13 pedestrian -1 -1 -10 668 145 713 270 -1 -1 -1 -1000 -1000 -1000 -10 0.963803
103 14 pedestrian -1 -1 -10 989 133 1065 370 -1 -1 -1 -1000 -1000 -1000 -10 0.995363
103 18 pedestrian -1 -1 -10 610 126 661 277 -1 -1 -1 -1000 -1000 -1000 -10 0.969514
103 21 pedestrian -1 -1 -10 760 146 807 257 -1 -1 -1 -1000 -1000 -1000 -10 0.993319
104 14 pedestrian -1 -1 -10 1003 133 1092 370 -1 -1 -1 -1000 -1000 -1000 -10 0.990088
104 18 pedestrian -1 -1 -10 611 127 664 278 -1 -1 -1 -1000 -1000 -1000 -10 0.9693
104 20 pedestrian -1 -1 -10 672 148 721 272 -1 -1 -1 -1000 -1000 -1000 -10 0.975862
104 21 pedestrian -1 -1 -10 768 152 808 252 -1 -1 -1 -1000 -1000 -1000 -10 0.977203
105 14 pedestrian -1 -1 -10 1010 138 1110 370 -1 -1 -1 -1000 -1000 -1000 -10 0.974946
105 18 pedestrian -1 -1 -10 612 125 666 281 -1 -1 -1 -1000 -1000 -1000 -10 0.982413
105 20 pedestrian -1 -1 -10 674 151 727 271 -1 -1 -1 -1000 -1000 -1000 -10 0.985298
105 21 pedestrian -1 -1 -10 774 148 813 259 -1 -1 -1 -1000 -1000 -1000 -10 0.988271
106 14 pedestrian -1 -1 -10 1036 140 1143 370 -1 -1 -1 -1000 -1000 -1000 -10 0.989127
106 18 pedestrian -1 -1 -10 612 124 667 291 -1 -1 -1 -1000 -1000 -1000 -10 0.988421
106 20 pedestrian -1 -1 -10 678 148 728 278 -1 -1 -1 -1000 -1000 -1000 -10 0.954645
106 21 pedestrian -1 -1 -10 780 147 820 266 -1 -1 -1 -1000 -1000 -1000 -10 0.949368
107 14 pedestrian -1 -1 -10 1065 134 1165 370 -1 -1 -1 -1000 -1000 -1000 -10 0.991637
107 18 pedestrian -1 -1 -10 614 124 669 294 -1 -1 -1 -1000 -1000 -1000 -10 0.9823
107 20 pedestrian -1 -1 -10 683 149 735 278 -1 -1 -1 -1000 -1000 -1000 -10 0.956168
107 21 pedestrian -1 -1 -10 781 147 829 267 -1 -1 -1 -1000 -1000 -1000 -10 0.983427
108 14 pedestrian -1 -1 -10 1094 123 1184 370 -1 -1 -1 -1000 -1000 -1000 -10 0.97106
108 18 pedestrian -1 -1 -10 619 126 673 293 -1 -1 -1 -1000 -1000 -1000 -10 0.994073
108 20 pedestrian -1 -1 -10 691 144 743 283 -1 -1 -1 -1000 -1000 -1000 -10 0.686737
108 21 pedestrian -1 -1 -10 787 147 835 270 -1 -1 -1 -1000 -1000 -1000 -10 0.991704
109 14 pedestrian -1 -1 -10 1123 125 1221 370 -1 -1 -1 -1000 -1000 -1000 -10 0.924205
109 18 pedestrian -1 -1 -10 624 126 678 295 -1 -1 -1 -1000 -1000 -1000 -10 0.978521
109 20 pedestrian -1 -1 -10 693 139 745 294 -1 -1 -1 -1000 -1000 -1000 -10 0.989186
109 21 pedestrian -1 -1 -10 791 148 840 271 -1 -1 -1 -1000 -1000 -1000 -10 0.983705
110 14 pedestrian -1 -1 -10 1136 130 1224 370 -1 -1 -1 -1000 -1000 -1000 -10 0.748926
110 18 pedestrian -1 -1 -10 633 123 684 305 -1 -1 -1 -1000 -1000 -1000 -10 0.993726
110 20 pedestrian -1 -1 -10 696 143 746 295 -1 -1 -1 -1000 -1000 -1000 -10 0.984782
110 21 pedestrian -1 -1 -10 800 148 845 268 -1 -1 -1 -1000 -1000 -1000 -10 0.987103
111 18 pedestrian -1 -1 -10 636 126 687 305 -1 -1 -1 -1000 -1000 -1000 -10 0.999021
111 20 pedestrian -1 -1 -10 698 142 750 297 -1 -1 -1 -1000 -1000 -1000 -10 0.988555
111 21 pedestrian -1 -1 -10 802 147 852 270 -1 -1 -1 -1000 -1000 -1000 -10 0.974031
111 22 pedestrian -1 -1 -10 1156 148 1224 356 -1 -1 -1 -1000 -1000 -1000 -10 0.532327
112 18 pedestrian -1 -1 -10 638 130 693 303 -1 -1 -1 -1000 -1000 -1000 -10 0.997378
112 20 pedestrian -1 -1 -10 705 145 756 298 -1 -1 -1 -1000 -1000 -1000 -10 0.987628
112 21 pedestrian -1 -1 -10 806 145 863 277 -1 -1 -1 -1000 -1000 -1000 -10 0.971693
113 18 pedestrian -1 -1 -10 640 126 695 307 -1 -1 -1 -1000 -1000 -1000 -10 0.996276
113 20 pedestrian -1 -1 -10 713 144 763 300 -1 -1 -1 -1000 -1000 -1000 -10 0.981815
113 21 pedestrian -1 -1 -10 814 150 871 275 -1 -1 -1 -1000 -1000 -1000 -10 0.943967
114 18 pedestrian -1 -1 -10 641 125 701 306 -1 -1 -1 -1000 -1000 -1000 -10 0.99386
114 20 pedestrian -1 -1 -10 716 144 768 303 -1 -1 -1 -1000 -1000 -1000 -10 0.992492
114 21 pedestrian -1 -1 -10 827 146 875 278 -1 -1 -1 -1000 -1000 -1000 -10 0.946084
115 18 pedestrian -1 -1 -10 643 128 708 313 -1 -1 -1 -1000 -1000 -1000 -10 0.99612
115 20 pedestrian -1 -1 -10 719 150 779 305 -1 -1 -1 -1000 -1000 -1000 -10 0.990828
115 21 pedestrian -1 -1 -10 829 146 883 281 -1 -1 -1 -1000 -1000 -1000 -10 0.961318
116 18 pedestrian -1 -1 -10 645 131 710 314 -1 -1 -1 -1000 -1000 -1000 -10 0.998374
116 20 pedestrian -1 -1 -10 722 152 783 309 -1 -1 -1 -1000 -1000 -1000 -10 0.992662
116 21 pedestrian -1 -1 -10 836 147 891 286 -1 -1 -1 -1000 -1000 -1000 -10 0.96822
117 18 pedestrian -1 -1 -10 648 132 711 326 -1 -1 -1 -1000 -1000 -1000 -10 0.989192
117 20 pedestrian -1 -1 -10 729 148 789 314 -1 -1 -1 -1000 -1000 -1000 -10 0.999035
117 21 pedestrian -1 -1 -10 849 147 903 292 -1 -1 -1 -1000 -1000 -1000 -10 0.992363
118 18 pedestrian -1 -1 -10 657 121 720 340 -1 -1 -1 -1000 -1000 -1000 -10 0.996826
118 20 pedestrian -1 -1 -10 730 145 796 320 -1 -1 -1 -1000 -1000 -1000 -10 0.999142
118 21 pedestrian -1 -1 -10 856 148 910 295 -1 -1 -1 -1000 -1000 -1000 -10 0.993794
119 18 pedestrian -1 -1 -10 671 123 723 336 -1 -1 -1 -1000 -1000 -1000 -10 0.993716
119 20 pedestrian -1 -1 -10 731 146 802 325 -1 -1 -1 -1000 -1000 -1000 -10 0.999241
119 21 pedestrian -1 -1 -10 863 147 916 296 -1 -1 -1 -1000 -1000 -1000 -10 0.974941
120 18 pedestrian -1 -1 -10 674 123 727 343 -1 -1 -1 -1000 -1000 -1000 -10 0.998863
120 20 pedestrian -1 -1 -10 737 148 805 333 -1 -1 -1 -1000 -1000 -1000 -10 0.996382
120 21 pedestrian -1 -1 -10 873 143 923 296 -1 -1 -1 -1000 -1000 -1000 -10 0.879724
121 18 pedestrian -1 -1 -10 676 127 737 345 -1 -1 -1 -1000 -1000 -1000 -10 0.998942
121 20 pedestrian -1 -1 -10 743 148 814 336 -1 -1 -1 -1000 -1000 -1000 -10 0.968181
121 21 pedestrian -1 -1 -10 883 146 935 297 -1 -1 -1 -1000 -1000 -1000 -10 0.98964
122 18 pedestrian -1 -1 -10 685 130 749 342 -1 -1 -1 -1000 -1000 -1000 -10 0.997286
122 20 pedestrian -1 -1 -10 751 149 817 336 -1 -1 -1 -1000 -1000 -1000 -10 0.996891
122 21 pedestrian -1 -1 -10 891 144 954 302 -1 -1 -1 -1000 -1000 -1000 -10 0.992844
123 18 pedestrian -1 -1 -10 688 124 756 356 -1 -1 -1 -1000 -1000 -1000 -10 0.998476
123 20 pedestrian -1 -1 -10 761 152 824 345 -1 -1 -1 -1000 -1000 -1000 -10 0.99448
123 21 pedestrian -1 -1 -10 904 148 960 298 -1 -1 -1 -1000 -1000 -1000 -10 0.980103
124 18 pedestrian -1 -1 -10 694 123 766 355 -1 -1 -1 -1000 -1000 -1000 -10 0.999007
124 20 pedestrian -1 -1 -10 767 156 833 344 -1 -1 -1 -1000 -1000 -1000 -10 0.99602
124 21 pedestrian -1 -1 -10 913 151 973 308 -1 -1 -1 -1000 -1000 -1000 -10 0.991999
125 18 pedestrian -1 -1 -10 693 118 771 362 -1 -1 -1 -1000 -1000 -1000 -10 0.991021
125 20 pedestrian -1 -1 -10 775 154 843 351 -1 -1 -1 -1000 -1000 -1000 -10 0.996204
125 21 pedestrian -1 -1 -10 926 146 983 311 -1 -1 -1 -1000 -1000 -1000 -10 0.978785
126 18 pedestrian -1 -1 -10 698 127 780 360 -1 -1 -1 -1000 -1000 -1000 -10 0.977333
126 20 pedestrian -1 -1 -10 786 150 855 356 -1 -1 -1 -1000 -1000 -1000 -10 0.990476
126 21 pedestrian -1 -1 -10 935 149 1005 314 -1 -1 -1 -1000 -1000 -1000 -10 0.998899
127 18 pedestrian -1 -1 -10 703 133 784 364 -1 -1 -1 -1000 -1000 -1000 -10 0.99123
127 20 pedestrian -1 -1 -10 786 148 863 361 -1 -1 -1 -1000 -1000 -1000 -10 0.996665
127 21 pedestrian -1 -1 -10 948 151 1020 318 -1 -1 -1 -1000 -1000 -1000 -10 0.996689
128 18 pedestrian -1 -1 -10 708 132 792 367 -1 -1 -1 -1000 -1000 -1000 -10 0.981418
128 20 pedestrian -1 -1 -10 795 152 874 362 -1 -1 -1 -1000 -1000 -1000 -10 0.987365
128 21 pedestrian -1 -1 -10 961 150 1029 319 -1 -1 -1 -1000 -1000 -1000 -10 0.997881
129 18 pedestrian -1 -1 -10 726 125 804 370 -1 -1 -1 -1000 -1000 -1000 -10 0.992328
129 20 pedestrian -1 -1 -10 800 149 889 366 -1 -1 -1 -1000 -1000 -1000 -10 0.996191
129 21 pedestrian -1 -1 -10 971 149 1038 315 -1 -1 -1 -1000 -1000 -1000 -10 0.991921
130 18 pedestrian -1 -1 -10 738 126 805 370 -1 -1 -1 -1000 -1000 -1000 -10 0.93075
130 20 pedestrian -1 -1 -10 811 151 893 367 -1 -1 -1 -1000 -1000 -1000 -10 0.995523
130 21 pedestrian -1 -1 -10 985 150 1051 319 -1 -1 -1 -1000 -1000 -1000 -10 0.997202
131 18 pedestrian -1 -1 -10 745 135 820 364 -1 -1 -1 -1000 -1000 -1000 -10 0.985862
131 20 pedestrian -1 -1 -10 823 147 909 365 -1 -1 -1 -1000 -1000 -1000 -10 0.997081
131 21 pedestrian -1 -1 -10 992 153 1072 321 -1 -1 -1 -1000 -1000 -1000 -10 0.998175
132 18 pedestrian -1 -1 -10 746 136 835 362 -1 -1 -1 -1000 -1000 -1000 -10 0.986543
132 20 pedestrian -1 -1 -10 838 144 929 370 -1 -1 -1 -1000 -1000 -1000 -10 0.988627
132 21 pedestrian -1 -1 -10 1009 150 1086 326 -1 -1 -1 -1000 -1000 -1000 -10 0.99505
133 18 pedestrian -1 -1 -10 759 132 848 366 -1 -1 -1 -1000 -1000 -1000 -10 0.983797
133 20 pedestrian -1 -1 -10 847 154 941 365 -1 -1 -1 -1000 -1000 -1000 -10 0.98066
133 21 pedestrian -1 -1 -10 1026 146 1095 339 -1 -1 -1 -1000 -1000 -1000 -10 0.975972
134 18 pedestrian -1 -1 -10 769 114 852 370 -1 -1 -1 -1000 -1000 -1000 -10 0.970271
134 20 pedestrian -1 -1 -10 860 154 961 368 -1 -1 -1 -1000 -1000 -1000 -10 0.982282
134 21 pedestrian -1 -1 -10 1042 149 1117 339 -1 -1 -1 -1000 -1000 -1000 -10 0.970601
135 18 pedestrian -1 -1 -10 775 114 872 370 -1 -1 -1 -1000 -1000 -1000 -10 0.98634
135 20 pedestrian -1 -1 -10 879 146 979 370 -1 -1 -1 -1000 -1000 -1000 -10 0.985715
135 21 pedestrian -1 -1 -10 1053 147 1141 353 -1 -1 -1 -1000 -1000 -1000 -10 0.997361
136 18 pedestrian -1 -1 -10 778 114 877 370 -1 -1 -1 -1000 -1000 -1000 -10 0.986453
136 20 pedestrian -1 -1 -10 897 154 998 363 -1 -1 -1 -1000 -1000 -1000 -10 0.989102
136 21 pedestrian -1 -1 -10 1070 148 1165 354 -1 -1 -1 -1000 -1000 -1000 -10 0.997671
137 18 pedestrian -1 -1 -10 777 131 889 357 -1 -1 -1 -1000 -1000 -1000 -10 0.893729
137 20 pedestrian -1 -1 -10 912 156 1021 365 -1 -1 -1 -1000 -1000 -1000 -10 0.97622
137 21 pedestrian -1 -1 -10 1087 152 1183 360 -1 -1 -1 -1000 -1000 -1000 -10 0.992664
138 18 pedestrian -1 -1 -10 794 122 902 364 -1 -1 -1 -1000 -1000 -1000 -10 0.959743
138 20 pedestrian -1 -1 -10 918 158 1033 368 -1 -1 -1 -1000 -1000 -1000 -10 0.93853
138 21 pedestrian -1 -1 -10 1105 148 1196 361 -1 -1 -1 -1000 -1000 -1000 -10 0.987408
139 18 pedestrian -1 -1 -10 813 107 918 370 -1 -1 -1 -1000 -1000 -1000 -10 0.888599
139 20 pedestrian -1 -1 -10 936 159 1059 368 -1 -1 -1 -1000 -1000 -1000 -10 0.871171
139 21 pedestrian -1 -1 -10 1127 149 1213 359 -1 -1 -1 -1000 -1000 -1000 -10 0.972552
140 18 pedestrian -1 -1 -10 834 101 943 370 -1 -1 -1 -1000 -1000 -1000 -10 0.965631
140 20 pedestrian -1 -1 -10 970 153 1086 366 -1 -1 -1 -1000 -1000 -1000 -10 0.82225
140 21 pedestrian -1 -1 -10 1142 146 1224 364 -1 -1 -1 -1000 -1000 -1000 -10 0.946364
141 18 pedestrian -1 -1 -10 853 99 964 370 -1 -1 -1 -1000 -1000 -1000 -10 0.954265
141 20 pedestrian -1 -1 -10 990 152 1107 366 -1 -1 -1 -1000 -1000 -1000 -10 0.916565
141 21 pedestrian -1 -1 -10 1157 138 1224 370 -1 -1 -1 -1000 -1000 -1000 -10 0.663904
142 18 pedestrian -1 -1 -10 873 111 979 368 -1 -1 -1 -1000 -1000 -1000 -10 0.940097
142 20 pedestrian -1 -1 -10 1008 148 1132 370 -1 -1 -1 -1000 -1000 -1000 -10 0.844265
143 18 pedestrian -1 -1 -10 891 112 1007 368 -1 -1 -1 -1000 -1000 -1000 -10 0.92149
143 20 pedestrian -1 -1 -10 999 144 1188 369 -1 -1 -1 -1000 -1000 -1000 -10 0.883494
144 18 pedestrian -1 -1 -10 913 104 1030 370 -1 -1 -1 -1000 -1000 -1000 -10 0.89326
144 20 pedestrian -1 -1 -10 1029 149 1224 365 -1 -1 -1 -1000 -1000 -1000 -10 0.976521
