0 0 car -1 -1 -10 295 166 455 295 -1 -1 -1 -1000 -1000 -1000 -10 0.999676
0 1 pedestrian -1 -1 -10 1111 156 1194 314 -1 -1 -1 -1000 -1000 -1000 -10 0.706041
1 2 car -1 -1 -10 296 162 454 287 -1 -1 -1 -1000 -1000 -1000 -10 0.999515
1 3 pedestrian -1 -1 -10 1143 150 1213 317 -1 -1 -1 -1000 -1000 -1000 -10 0.716729
2 4 car -1 -1 -10 298 157 448 277 -1 -1 -1 -1000 -1000 -1000 -10 0.999638
2 5 pedestrian -1 -1 -10 1166 147 1232 317 -1 -1 -1 -1000 -1000 -1000 -10 0.700187
3 6 car -1 -1 -10 291 151 444 269 -1 -1 -1 -1000 -1000 -1000 -10 0.999707
3 7 car -1 -1 -10 714 176 785 225 -1 -1 -1 -1000 -1000 -1000 -10 0.766765
4 6 car -1 -1 -10 290 150 444 261 -1 -1 -1 -1000 -1000 -1000 -10 0.999671
4 7 car -1 -1 -10 725 176 800 226 -1 -1 -1 -1000 -1000 -1000 -10 0.331825
5 6 car -1 -1 -10 290 153 438 267 -1 -1 -1 -1000 -1000 -1000 -10 0.99973
6 6 car -1 -1 -10 289 154 435 267 -1 -1 -1 -1000 -1000 -1000 -10 0.999796
7 6 car -1 -1 -10 289 156 431 267 -1 -1 -1 -1000 -1000 -1000 -10 0.999632
8 6 car -1 -1 -10 286 159 429 266 -1 -1 -1 -1000 -1000 -1000 -10 0.999535
9 6 car -1 -1 -10 285 158 426 267 -1 -1 -1 -1000 -1000 -1000 -10 0.999589
10 6 car -1 -1 -10 283 162 423 268 -1 -1 -1 -1000 -1000 -1000 -10 0.999436
11 6 car -1 -1 -10 282 162 424 268 -1 -1 -1 -1000 -1000 -1000 -10 0.999619
12 6 car -1 -1 -10 282 161 421 265 -1 -1 -1 -1000 -1000 -1000 -10 0.999329
13 6 car -1 -1 -10 280 154 414 265 -1 -1 -1 -1000 -1000 -1000 -10 0.99586
14 6 car -1 -1 -10 280 157 414 265 -1 -1 -1 -1000 -1000 -1000 -10 0.997697
15 8 car -1 -1 -10 279 161 414 260 -1 -1 -1 -1000 -1000 -1000 -10 0.995608
16 9 car -1 -1 -10 275 152 414 258 -1 -1 -1 -1000 -1000 -1000 -10 0.995382
17 8 car -1 -1 -10 278 160 411 261 -1 -1 -1 -1000 -1000 -1000 -10 0.998034
18 8 car -1 -1 -10 279 167 411 262 -1 -1 -1 -1000 -1000 -1000 -10 0.998928
18 10 car -1 -1 -10 921 194 1040 268 -1 -1 -1 -1000 -1000 -1000 -10 0.640935
19 8 car -1 -1 -10 280 173 413 270 -1 -1 -1 -1000 -1000 -1000 -10 0.999199
20 8 car -1 -1 -10 283 179 412 274 -1 -1 -1 -1000 -1000 -1000 -10 0.998259
20 10 car -1 -1 -10 964 199 1090 274 -1 -1 -1 -1000 -1000 -1000 -10 0.383895
21 8 car -1 -1 -10 287 180 409 272 -1 -1 -1 -1000 -1000 -1000 -10 0.994208
21 10 car -1 -1 -10 980 193 1114 276 -1 -1 -1 -1000 -1000 -1000 -10 0.354517
22 9 car -1 -1 -10 291 174 411 269 -1 -1 -1 -1000 -1000 -1000 -10 0.999354
23 9 car -1 -1 -10 295 172 411 262 -1 -1 -1 -1000 -1000 -1000 -10 0.998793
24 9 car -1 -1 -10 300 172 411 265 -1 -1 -1 -1000 -1000 -1000 -10 0.999525
24 10 car -1 -1 -10 1042 192 1215 287 -1 -1 -1 -1000 -1000 -1000 -10 0.482933
25 9 car -1 -1 -10 305 169 413 264 -1 -1 -1 -1000 -1000 -1000 -10 0.999777
25 10 car -1 -1 -10 1064 191 1242 291 -1 -1 -1 -1000 -1000 -1000 -10 0.991943
26 9 car -1 -1 -10 312 160 413 259 -1 -1 -1 -1000 -1000 -1000 -10 0.999483
26 10 car -1 -1 -10 1094 186 1242 291 -1 -1 -1 -1000 -1000 -1000 -10 0.804278
27 9 car -1 -1 -10 319 155 417 252 -1 -1 -1 -1000 -1000 -1000 -10 0.999266
27 10 car -1 -1 -10 1135 186 1242 289 -1 -1 -1 -1000 -1000 -1000 -10 0.824688
28 9 car -1 -1 -10 328 154 419 252 -1 -1 -1 -1000 -1000 -1000 -10 0.999206
28 11 car -1 -1 -10 554 160 634 208 -1 -1 -1 -1000 -1000 -1000 -10 0.403114
29 9 car -1 -1 -10 335 157 424 254 -1 -1 -1 -1000 -1000 -1000 -10 0.998175
30 9 car -1 -1 -10 338 159 427 252 -1 -1 -1 -1000 -1000 -1000 -10 0.998352
31 9 car -1 -1 -10 344 159 431 251 -1 -1 -1 -1000 -1000 -1000 -10 0.99935
32 9 car -1 -1 -10 353 160 438 252 -1 -1 -1 -1000 -1000 -1000 -10 0.99936
33 9 car -1 -1 -10 360 161 450 251 -1 -1 -1 -1000 -1000 -1000 -10 0.999774
34 9 car -1 -1 -10 367 161 461 251 -1 -1 -1 -1000 -1000 -1000 -10 0.999897
35 9 car -1 -1 -10 374 159 472 248 -1 -1 -1 -1000 -1000 -1000 -10 0.999903
36 9 car -1 -1 -10 386 153 485 245 -1 -1 -1 -1000 -1000 -1000 -10 0.999929
37 9 car -1 -1 -10 397 156 499 241 -1 -1 -1 -1000 -1000 -1000 -10 0.999912
37 11 car -1 -1 -10 642 158 732 207 -1 -1 -1 -1000 -1000 -1000 -10 0.552864
38 9 car -1 -1 -10 410 153 512 247 -1 -1 -1 -1000 -1000 -1000 -10 0.999943
38 11 car -1 -1 -10 650 159 741 212 -1 -1 -1 -1000 -1000 -1000 -10 0.988888
39 9 car -1 -1 -10 421 156 525 245 -1 -1 -1 -1000 -1000 -1000 -10 0.999841
39 11 car -1 -1 -10 663 159 752 213 -1 -1 -1 -1000 -1000 -1000 -10 0.961638
40 9 car -1 -1 -10 436 158 542 246 -1 -1 -1 -1000 -1000 -1000 -10 0.999882
40 11 car -1 -1 -10 681 155 785 215 -1 -1 -1 -1000 -1000 -1000 -10 0.410431
40 12 car -1 -1 -10 409 183 450 218 -1 -1 -1 -1000 -1000 -1000 -10 0.511794
41 9 car -1 -1 -10 452 157 558 248 -1 -1 -1 -1000 -1000 -1000 -10 0.999968
41 11 car -1 -1 -10 696 155 810 215 -1 -1 -1 -1000 -1000 -1000 -10 0.715304
42 9 car -1 -1 -10 468 161 575 251 -1 -1 -1 -1000 -1000 -1000 -10 0.999941
42 11 car -1 -1 -10 704 161 818 218 -1 -1 -1 -1000 -1000 -1000 -10 0.846996
43 9 car -1 -1 -10 484 166 595 251 -1 -1 -1 -1000 -1000 -1000 -10 0.999927
43 11 car -1 -1 -10 719 159 835 222 -1 -1 -1 -1000 -1000 -1000 -10 0.992115
44 9 car -1 -1 -10 500 166 620 247 -1 -1 -1 -1000 -1000 -1000 -10 0.999723
44 11 car -1 -1 -10 734 160 855 222 -1 -1 -1 -1000 -1000 -1000 -10 0.995697
45 9 car -1 -1 -10 516 167 648 247 -1 -1 -1 -1000 -1000 -1000 -10 0.999231
45 11 car -1 -1 -10 751 160 874 222 -1 -1 -1 -1000 -1000 -1000 -10 0.996771
46 9 car -1 -1 -10 539 162 649 250 -1 -1 -1 -1000 -1000 -1000 -10 0.999787
46 11 car -1 -1 -10 769 163 876 222 -1 -1 -1 -1000 -1000 -1000 -10 0.992204
47 9 car -1 -1 -10 558 162 673 247 -1 -1 -1 -1000 -1000 -1000 -10 0.999905
47 11 car -1 -1 -10 787 158 901 223 -1 -1 -1 -1000 -1000 -1000 -10 0.998336
48 9 car -1 -1 -10 579 161 697 241 -1 -1 -1 -1000 -1000 -1000 -10 0.999833
48 11 car -1 -1 -10 809 148 940 224 -1 -1 -1 -1000 -1000 -1000 -10 0.996896
48 13 car -1 -1 -10 940 149 1073 210 -1 -1 -1 -1000 -1000 -1000 -10 0.352876
49 9 car -1 -1 -10 600 157 720 241 -1 -1 -1 -1000 -1000 -1000 -10 0.999875
49 11 car -1 -1 -10 825 156 945 224 -1 -1 -1 -1000 -1000 -1000 -10 0.997932
49 13 car -1 -1 -10 956 150 1087 216 -1 -1 -1 -1000 -1000 -1000 -10 0.72879
50 9 car -1 -1 -10 620 156 740 238 -1 -1 -1 -1000 -1000 -1000 -10 0.999238
50 11 car -1 -1 -10 845 157 969 225 -1 -1 -1 -1000 -1000 -1000 -10 0.99907
50 13 car -1 -1 -10 986 146 1146 212 -1 -1 -1 -1000 -1000 -1000 -10 0.709574
51 9 car -1 -1 -10 636 153 765 243 -1 -1 -1 -1000 -1000 -1000 -10 0.998648
51 11 car -1 -1 -10 866 156 991 226 -1 -1 -1 -1000 -1000 -1000 -10 0.999817
51 13 car -1 -1 -10 1011 147 1169 214 -1 -1 -1 -1000 -1000 -1000 -10 0.927283
52 9 car -1 -1 -10 665 155 790 238 -1 -1 -1 -1000 -1000 -1000 -10 0.996751
52 11 car -1 -1 -10 884 156 1017 228 -1 -1 -1 -1000 -1000 -1000 -10 0.999703
52 13 car -1 -1 -10 1033 139 1224 220 -1 -1 -1 -1000 -1000 -1000 -10 0.959504
53 9 car -1 -1 -10 685 154 812 240 -1 -1 -1 -1000 -1000 -1000 -10 0.997738
53 11 car -1 -1 -10 906 153 1051 231 -1 -1 -1 -1000 -1000 -1000 -10 0.999311
53 13 car -1 -1 -10 1056 142 1242 226 -1 -1 -1 -1000 -1000 -1000 -10 0.988756
54 9 car -1 -1 -10 706 152 835 241 -1 -1 -1 -1000 -1000 -1000 -10 0.999593
54 11 car -1 -1 -10 924 153 1081 231 -1 -1 -1 -1000 -1000 -1000 -10 0.994837
54 13 car -1 -1 -10 1083 140 1242 230 -1 -1 -1 -1000 -1000 -1000 -10 0.81957
55 9 car -1 -1 -10 729 151 859 242 -1 -1 -1 -1000 -1000 -1000 -10 0.999865
55 11 car -1 -1 -10 939 152 1117 234 -1 -1 -1 -1000 -1000 -1000 -10 0.998302
55 13 car -1 -1 -10 1109 134 1242 237 -1 -1 -1 -1000 -1000 -1000 -10 0.842254
56 9 car -1 -1 -10 752 151 882 241 -1 -1 -1 -1000 -1000 -1000 -10 0.999909
56 11 car -1 -1 -10 967 151 1136 237 -1 -1 -1 -1000 -1000 -1000 -10 0.999036
56 13 car -1 -1 -10 1142 129 1242 240 -1 -1 -1 -1000 -1000 -1000 -10 0.993551
56 14 pedestrian -1 -1 -10 704 173 768 309 -1 -1 -1 -1000 -1000 -1000 -10 0.48962
57 9 car -1 -1 -10 771 151 910 239 -1 -1 -1 -1000 -1000 -1000 -10 0.999854
57 11 car -1 -1 -10 987 151 1152 237 -1 -1 -1 -1000 -1000 -1000 -10 0.998689
57 13 car -1 -1 -10 1166 134 1242 236 -1 -1 -1 -1000 -1000 -1000 -10 0.859191
58 9 car -1 -1 -10 798 150 936 239 -1 -1 -1 -1000 -1000 -1000 -10 0.999888
58 11 car -1 -1 -10 1008 150 1178 238 -1 -1 -1 -1000 -1000 -1000 -10 0.999417
58 15 car -1 -1 -10 1215 96 1242 259 -1 -1 -1 -1000 -1000 -1000 -10 0.676339
58 16 pedestrian -1 -1 -10 732 162 796 318 -1 -1 -1 -1000 -1000 -1000 -10 0.868745
59 9 car -1 -1 -10 817 151 962 238 -1 -1 -1 -1000 -1000 -1000 -10 0.999539
59 11 car -1 -1 -10 1037 148 1224 236 -1 -1 -1 -1000 -1000 -1000 -10 0.997873
59 16 pedestrian -1 -1 -10 751 163 815 319 -1 -1 -1 -1000 -1000 -1000 -10 0.986596
60 9 car -1 -1 -10 842 154 991 238 -1 -1 -1 -1000 -1000 -1000 -10 0.999759
60 11 car -1 -1 -10 1047 150 1242 236 -1 -1 -1 -1000 -1000 -1000 -10 0.997051
60 16 pedestrian -1 -1 -10 767 161 833 312 -1 -1 -1 -1000 -1000 -1000 -10 0.983058
61 9 car -1 -1 -10 864 154 1016 239 -1 -1 -1 -1000 -1000 -1000 -10 0.99987
61 11 car -1 -1 -10 1064 151 1242 239 -1 -1 -1 -1000 -1000 -1000 -10 0.998688
61 17 pedestrian -1 -1 -10 780 166 854 309 -1 -1 -1 -1000 -1000 -1000 -10 0.929408
62 9 car -1 -1 -10 889 154 1044 237 -1 -1 -1 -1000 -1000 -1000 -10 0.999885
62 11 car -1 -1 -10 1077 149 1242 246 -1 -1 -1 -1000 -1000 -1000 -10 0.99982
62 18 pedestrian -1 -1 -10 792 163 879 315 -1 -1 -1 -1000 -1000 -1000 -10 0.608325
63 9 car -1 -1 -10 906 154 1073 236 -1 -1 -1 -1000 -1000 -1000 -10 0.999854
63 11 car -1 -1 -10 1085 147 1242 248 -1 -1 -1 -1000 -1000 -1000 -10 0.999825
64 9 car -1 -1 -10 929 153 1097 237 -1 -1 -1 -1000 -1000 -1000 -10 0.999875
64 11 car -1 -1 -10 1101 149 1242 251 -1 -1 -1 -1000 -1000 -1000 -10 0.999797
65 9 car -1 -1 -10 946 153 1120 237 -1 -1 -1 -1000 -1000 -1000 -10 0.999891
65 11 car -1 -1 -10 1111 148 1242 256 -1 -1 -1 -1000 -1000 -1000 -10 0.999694
66 9 car -1 -1 -10 966 154 1143 238 -1 -1 -1 -1000 -1000 -1000 -10 0.999866
66 11 car -1 -1 -10 1122 149 1242 257 -1 -1 -1 -1000 -1000 -1000 -10 0.997581
67 9 car -1 -1 -10 985 156 1165 241 -1 -1 -1 -1000 -1000 -1000 -10 0.999877
67 11 car -1 -1 -10 1134 148 1242 263 -1 -1 -1 -1000 -1000 -1000 -10 0.996934
68 9 car -1 -1 -10 1005 157 1188 244 -1 -1 -1 -1000 -1000 -1000 -10 0.999884
68 11 car -1 -1 -10 1143 153 1242 269 -1 -1 -1 -1000 -1000 -1000 -10 0.989675
69 9 car -1 -1 -10 1019 158 1214 244 -1 -1 -1 -1000 -1000 -1000 -10 0.999851
69 11 car -1 -1 -10 1154 157 1242 266 -1 -1 -1 -1000 -1000 -1000 -10 0.98224
70 9 car -1 -1 -10 1037 156 1221 245 -1 -1 -1 -1000 -1000 -1000 -10 0.999572
70 11 car -1 -1 -10 1165 148 1242 278 -1 -1 -1 -1000 -1000 -1000 -10 0.960355
71 11 car -1 -1 -10 1168 143 1242 287 -1 -1 -1 -1000 -1000 -1000 -10 0.786466
71 19 car -1 -1 -10 1052 156 1242 244 -1 -1 -1 -1000 -1000 -1000 -10 0.998321
72 11 car -1 -1 -10 1169 145 1242 283 -1 -1 -1 -1000 -1000 -1000 -10 0.975462
72 19 car -1 -1 -10 1064 154 1242 244 -1 -1 -1 -1000 -1000 -1000 -10 0.992278
73 11 car -1 -1 -10 1169 143 1242 284 -1 -1 -1 -1000 -1000 -1000 -10 0.971868
73 19 car -1 -1 -10 1074 151 1242 243 -1 -1 -1 -1000 -1000 -1000 -10 0.994298
74 11 car -1 -1 -10 1165 145 1242 283 -1 -1 -1 -1000 -1000 -1000 -10 0.986584
74 19 car -1 -1 -10 1083 150 1242 242 -1 -1 -1 -1000 -1000 -1000 -10 0.994717
75 11 car -1 -1 -10 1166 148 1242 286 -1 -1 -1 -1000 -1000 -1000 -10 0.996996
75 19 car -1 -1 -10 1093 153 1242 243 -1 -1 -1 -1000 -1000 -1000 -10 0.993141
75 20 pedestrian -1 -1 -10 987 154 1055 298 -1 -1 -1 -1000 -1000 -1000 -10 0.615196
76 11 car -1 -1 -10 1160 150 1242 290 -1 -1 -1 -1000 -1000 -1000 -10 0.993194
76 19 car -1 -1 -10 1097 154 1242 247 -1 -1 -1 -1000 -1000 -1000 -10 0.889901
76 21 pedestrian -1 -1 -10 987 154 1053 299 -1 -1 -1 -1000 -1000 -1000 -10 0.717726
77 11 car -1 -1 -10 1154 150 1242 296 -1 -1 -1 -1000 -1000 -1000 -10 0.992787
77 19 car -1 -1 -10 1101 154 1242 249 -1 -1 -1 -1000 -1000 -1000 -10 0.827197
77 22 pedestrian -1 -1 -10 983 163 1056 301 -1 -1 -1 -1000 -1000 -1000 -10 0.883192
78 11 car -1 -1 -10 1146 151 1242 298 -1 -1 -1 -1000 -1000 -1000 -10 0.96677
78 19 car -1 -1 -10 1102 160 1241 246 -1 -1 -1 -1000 -1000 -1000 -10 0.639456
78 23 pedestrian -1 -1 -10 985 160 1060 309 -1 -1 -1 -1000 -1000 -1000 -10 0.636222
79 11 car -1 -1 -10 1133 153 1242 300 -1 -1 -1 -1000 -1000 -1000 -10 0.995148
79 19 car -1 -1 -10 1101 160 1241 243 -1 -1 -1 -1000 -1000 -1000 -10 0.744051
79 23 pedestrian -1 -1 -10 985 161 1053 310 -1 -1 -1 -1000 -1000 -1000 -10 0.6377
80 11 car -1 -1 -10 1124 152 1242 305 -1 -1 -1 -1000 -1000 -1000 -10 0.996438
80 23 pedestrian -1 -1 -10 980 158 1043 308 -1 -1 -1 -1000 -1000 -1000 -10 0.511067
81 11 car -1 -1 -10 1114 156 1242 310 -1 -1 -1 -1000 -1000 -1000 -10 0.995955
81 24 pedestrian -1 -1 -10 970 166 1038 300 -1 -1 -1 -1000 -1000 -1000 -10 0.894298
82 11 car -1 -1 -10 1107 153 1242 318 -1 -1 -1 -1000 -1000 -1000 -10 0.999203
82 25 pedestrian -1 -1 -10 964 167 1036 297 -1 -1 -1 -1000 -1000 -1000 -10 0.452524
83 11 car -1 -1 -10 1099 153 1242 316 -1 -1 -1 -1000 -1000 -1000 -10 0.997981
84 11 car -1 -1 -10 1092 154 1242 315 -1 -1 -1 -1000 -1000 -1000 -10 0.998332
84 25 pedestrian -1 -1 -10 945 166 1018 299 -1 -1 -1 -1000 -1000 -1000 -10 0.744037
85 11 car -1 -1 -10 1082 145 1242 319 -1 -1 -1 -1000 -1000 -1000 -10 0.998375
86 11 car -1 -1 -10 1070 145 1242 322 -1 -1 -1 -1000 -1000 -1000 -10 0.999253
86 26 pedestrian -1 -1 -10 936 177 987 284 -1 -1 -1 -1000 -1000 -1000 -10 0.737076
87 11 car -1 -1 -10 1064 147 1242 324 -1 -1 -1 -1000 -1000 -1000 -10 0.999842
87 26 pedestrian -1 -1 -10 930 178 981 276 -1 -1 -1 -1000 -1000 -1000 -10 0.637859
88 11 car -1 -1 -10 1060 143 1242 330 -1 -1 -1 -1000 -1000 -1000 -10 0.999266
89 11 car -1 -1 -10 1054 148 1242 331 -1 -1 -1 -1000 -1000 -1000 -10 0.999305
89 27 car -1 -1 -10 961 183 1013 217 -1 -1 -1 -1000 -1000 -1000 -10 0.468641
90 11 car -1 -1 -10 1052 142 1242 335 -1 -1 -1 -1000 -1000 -1000 -10 0.999444
90 28 pedestrian -1 -1 -10 88 180 117 265 -1 -1 -1 -1000 -1000 -1000 -10 0.549603
91 11 car -1 -1 -10 1045 139 1242 343 -1 -1 -1 -1000 -1000 -1000 -10 0.999429
91 29 car -1 -1 -10 1008 168 1073 232 -1 -1 -1 -1000 -1000 -1000 -10 0.923526
92 11 car -1 -1 -10 1037 139 1242 347 -1 -1 -1 -1000 -1000 -1000 -10 0.999551
92 29 car -1 -1 -10 996 170 1063 232 -1 -1 -1 -1000 -1000 -1000 -10 0.725915
93 11 car -1 -1 -10 1035 135 1242 350 -1 -1 -1 -1000 -1000 -1000 -10 0.999396
93 27 car -1 -1 -10 889 187 932 215 -1 -1 -1 -1000 -1000 -1000 -10 0.578629
93 29 car -1 -1 -10 980 171 1047 229 -1 -1 -1 -1000 -1000 -1000 -10 0.665101
94 11 car -1 -1 -10 1028 129 1242 359 -1 -1 -1 -1000 -1000 -1000 -10 0.998952
94 29 car -1 -1 -10 970 167 1029 225 -1 -1 -1 -1000 -1000 -1000 -10 0.900442
95 11 car -1 -1 -10 1007 143 1242 348 -1 -1 -1 -1000 -1000 -1000 -10 0.997668
95 29 car -1 -1 -10 953 169 1014 229 -1 -1 -1 -1000 -1000 -1000 -10 0.963019
96 11 car -1 -1 -10 994 144 1242 365 -1 -1 -1 -1000 -1000 -1000 -10 0.998843
96 29 car -1 -1 -10 941 170 997 229 -1 -1 -1 -1000 -1000 -1000 -10 0.996396
97 11 car -1 -1 -10 993 145 1242 368 -1 -1 -1 -1000 -1000 -1000 -10 0.999664
97 29 car -1 -1 -10 923 172 979 230 -1 -1 -1 -1000 -1000 -1000 -10 0.999319
97 30 car -1 -1 -10 17 179 102 210 -1 -1 -1 -1000 -1000 -1000 -10 0.982037
98 11 car -1 -1 -10 995 148 1242 366 -1 -1 -1 -1000 -1000 -1000 -10 0.999777
98 29 car -1 -1 -10 908 173 963 228 -1 -1 -1 -1000 -1000 -1000 -10 0.998299
99 11 car -1 -1 -10 981 143 1242 367 -1 -1 -1 -1000 -1000 -1000 -10 0.999425
99 29 car -1 -1 -10 889 173 947 228 -1 -1 -1 -1000 -1000 -1000 -10 0.998557
100 11 car -1 -1 -10 979 139 1242 368 -1 -1 -1 -1000 -1000 -1000 -10 0.999027
100 29 car -1 -1 -10 871 173 928 226 -1 -1 -1 -1000 -1000 -1000 -10 0.998473
100 31 car -1 -1 -10 940 182 997 220 -1 -1 -1 -1000 -1000 -1000 -10 0.555143
101 11 car -1 -1 -10 975 143 1242 348 -1 -1 -1 -1000 -1000 -1000 -10 0.999152
101 29 car -1 -1 -10 859 170 912 221 -1 -1 -1 -1000 -1000 -1000 -10 0.962186
101 31 car -1 -1 -10 949 183 1011 229 -1 -1 -1 -1000 -1000 -1000 -10 0.504014
102 11 car -1 -1 -10 982 141 1242 348 -1 -1 -1 -1000 -1000 -1000 -10 0.998474
102 29 car -1 -1 -10 908 182 954 218 -1 -1 -1 -1000 -1000 -1000 -10 0.750141
102 31 car -1 -1 -10 937 184 1001 228 -1 -1 -1 -1000 -1000 -1000 -10 0.966839
102 32 car -1 -1 -10 846 172 898 218 -1 -1 -1 -1000 -1000 -1000 -10 0.721248
103 11 car -1 -1 -10 975 133 1242 352 -1 -1 -1 -1000 -1000 -1000 -10 0.996007
103 29 car -1 -1 -10 893 181 942 218 -1 -1 -1 -1000 -1000 -1000 -10 0.598708
103 31 car -1 -1 -10 921 185 996 228 -1 -1 -1 -1000 -1000 -1000 -10 0.981214
103 32 car -1 -1 -10 828 173 878 217 -1 -1 -1 -1000 -1000 -1000 -10 0.863106
103 33 pedestrian -1 -1 -10 217 156 286 351 -1 -1 -1 -1000 -1000 -1000 -10 0.564574
104 11 car -1 -1 -10 974 130 1242 349 -1 -1 -1 -1000 -1000 -1000 -10 0.994494
104 29 car -1 -1 -10 873 182 927 219 -1 -1 -1 -1000 -1000 -1000 -10 0.447044
104 31 car -1 -1 -10 937 189 1025 236 -1 -1 -1 -1000 -1000 -1000 -10 0.939102
104 32 car -1 -1 -10 811 173 870 215 -1 -1 -1 -1000 -1000 -1000 -10 0.83711
104 34 car -1 -1 -10 906 187 971 227 -1 -1 -1 -1000 -1000 -1000 -10 0.841635
105 11 car -1 -1 -10 967 114 1242 354 -1 -1 -1 -1000 -1000 -1000 -10 0.996485
105 31 car -1 -1 -10 925 188 1017 238 -1 -1 -1 -1000 -1000 -1000 -10 0.995685
105 32 car -1 -1 -10 793 172 849 218 -1 -1 -1 -1000 -1000 -1000 -10 0.997197
105 34 car -1 -1 -10 890 186 964 228 -1 -1 -1 -1000 -1000 -1000 -10 0.936271
106 11 car -1 -1 -10 963 86 1242 365 -1 -1 -1 -1000 -1000 -1000 -10 0.998206
106 31 car -1 -1 -10 908 185 1012 241 -1 -1 -1 -1000 -1000 -1000 -10 0.998024
106 35 car -1 -1 -10 776 172 826 219 -1 -1 -1 -1000 -1000 -1000 -10 0.999146
106 36 car -1 -1 -10 874 187 947 231 -1 -1 -1 -1000 -1000 -1000 -10 0.766813
107 11 car -1 -1 -10 977 92 1242 360 -1 -1 -1 -1000 -1000 -1000 -10 0.999087
107 31 car -1 -1 -10 895 188 987 242 -1 -1 -1 -1000 -1000 -1000 -10 0.996856
107 35 car -1 -1 -10 761 172 809 219 -1 -1 -1 -1000 -1000 -1000 -10 0.999463
108 11 car -1 -1 -10 981 82 1242 356 -1 -1 -1 -1000 -1000 -1000 -10 0.998029
108 31 car -1 -1 -10 883 184 991 246 -1 -1 -1 -1000 -1000 -1000 -10 0.999873
108 35 car -1 -1 -10 743 172 794 219 -1 -1 -1 -1000 -1000 -1000 -10 0.999398
109 11 car -1 -1 -10 990 83 1242 361 -1 -1 -1 -1000 -1000 -1000 -10 0.997838
109 31 car -1 -1 -10 872 183 976 246 -1 -1 -1 -1000 -1000 -1000 -10 0.999969
109 32 car -1 -1 -10 727 173 777 217 -1 -1 -1 -1000 -1000 -1000 -10 0.99907
110 11 car -1 -1 -10 1020 69 1242 372 -1 -1 -1 -1000 -1000 -1000 -10 0.971185
110 31 car -1 -1 -10 863 184 965 245 -1 -1 -1 -1000 -1000 -1000 -10 0.999699
110 35 car -1 -1 -10 711 172 763 215 -1 -1 -1 -1000 -1000 -1000 -10 0.997305
111 11 car -1 -1 -10 1043 70 1242 362 -1 -1 -1 -1000 -1000 -1000 -10 0.969781
111 31 car -1 -1 -10 848 182 956 246 -1 -1 -1 -1000 -1000 -1000 -10 0.999955
111 35 car -1 -1 -10 695 170 745 214 -1 -1 -1 -1000 -1000 -1000 -10 0.998602
111 37 car -1 -1 -10 770 180 822 219 -1 -1 -1 -1000 -1000 -1000 -10 0.892817
112 11 car -1 -1 -10 1063 47 1242 343 -1 -1 -1 -1000 -1000 -1000 -10 0.958687
112 31 car -1 -1 -10 839 182 946 247 -1 -1 -1 -1000 -1000 -1000 -10 0.999863
112 35 car -1 -1 -10 678 168 727 215 -1 -1 -1 -1000 -1000 -1000 -10 0.993914
112 37 car -1 -1 -10 756 179 810 219 -1 -1 -1 -1000 -1000 -1000 -10 0.992508
112 38 car -1 -1 -10 2 180 251 270 -1 -1 -1 -1000 -1000 -1000 -10 0.971063
113 11 car -1 -1 -10 1108 74 1242 358 -1 -1 -1 -1000 -1000 -1000 -10 0.972475
113 31 car -1 -1 -10 829 180 934 249 -1 -1 -1 -1000 -1000 -1000 -10 0.999967
113 35 car -1 -1 -10 665 170 711 213 -1 -1 -1 -1000 -1000 -1000 -10 0.998722
113 37 car -1 -1 -10 742 179 797 219 -1 -1 -1 -1000 -1000 -1000 -10 0.948051
113 38 car -1 -1 -10 0 175 233 277 -1 -1 -1 -1000 -1000 -1000 -10 0.991261
114 31 car -1 -1 -10 818 180 927 251 -1 -1 -1 -1000 -1000 -1000 -10 0.999944
114 32 car -1 -1 -10 730 179 786 218 -1 -1 -1 -1000 -1000 -1000 -10 0.989632
114 35 car -1 -1 -10 651 169 697 213 -1 -1 -1 -1000 -1000 -1000 -10 0.997334
114 38 car -1 -1 -10 0 179 234 285 -1 -1 -1 -1000 -1000 -1000 -10 0.991554
114 39 car -1 -1 -10 767 184 842 228 -1 -1 -1 -1000 -1000 -1000 -10 0.814091
115 31 car -1 -1 -10 810 180 921 253 -1 -1 -1 -1000 -1000 -1000 -10 0.999961
115 35 car -1 -1 -10 637 169 682 212 -1 -1 -1 -1000 -1000 -1000 -10 0.9995
115 37 car -1 -1 -10 719 179 770 218 -1 -1 -1 -1000 -1000 -1000 -10 0.990407
115 38 car -1 -1 -10 0 171 214 296 -1 -1 -1 -1000 -1000 -1000 -10 0.993872
115 39 car -1 -1 -10 758 186 831 233 -1 -1 -1 -1000 -1000 -1000 -10 0.808653
116 31 car -1 -1 -10 801 181 912 256 -1 -1 -1 -1000 -1000 -1000 -10 0.99998
116 35 car -1 -1 -10 624 170 667 213 -1 -1 -1 -1000 -1000 -1000 -10 0.999481
116 37 car -1 -1 -10 707 179 761 220 -1 -1 -1 -1000 -1000 -1000 -10 0.996348
116 38 car -1 -1 -10 0 190 197 300 -1 -1 -1 -1000 -1000 -1000 -10 0.822772
116 39 car -1 -1 -10 746 186 835 234 -1 -1 -1 -1000 -1000 -1000 -10 0.957633
117 31 car -1 -1 -10 791 180 905 261 -1 -1 -1 -1000 -1000 -1000 -10 0.999961
117 32 car -1 -1 -10 673 182 719 216 -1 -1 -1 -1000 -1000 -1000 -10 0.330024
117 35 car -1 -1 -10 608 170 652 212 -1 -1 -1 -1000 -1000 -1000 -10 0.998306
117 37 car -1 -1 -10 696 179 751 222 -1 -1 -1 -1000 -1000 -1000 -10 0.998086
117 38 car -1 -1 -10 0 167 175 322 -1 -1 -1 -1000 -1000 -1000 -10 0.967137
117 39 car -1 -1 -10 734 187 826 238 -1 -1 -1 -1000 -1000 -1000 -10 0.991444
118 31 car -1 -1 -10 788 181 897 263 -1 -1 -1 -1000 -1000 -1000 -10 0.999987
118 32 car -1 -1 -10 662 181 710 218 -1 -1 -1 -1000 -1000 -1000 -10 0.953368
118 35 car -1 -1 -10 594 170 637 213 -1 -1 -1 -1000 -1000 -1000 -10 0.999134
118 37 car -1 -1 -10 685 179 740 224 -1 -1 -1 -1000 -1000 -1000 -10 0.998868
118 38 car -1 -1 -10 0 184 151 340 -1 -1 -1 -1000 -1000 -1000 -10 0.918715
118 39 car -1 -1 -10 723 187 817 238 -1 -1 -1 -1000 -1000 -1000 -10 0.990303
119 31 car -1 -1 -10 779 181 892 266 -1 -1 -1 -1000 -1000 -1000 -10 0.999984
119 32 car -1 -1 -10 650 181 699 218 -1 -1 -1 -1000 -1000 -1000 -10 0.925814
119 35 car -1 -1 -10 580 171 622 213 -1 -1 -1 -1000 -1000 -1000 -10 0.997913
119 37 car -1 -1 -10 672 179 728 225 -1 -1 -1 -1000 -1000 -1000 -10 0.999559
119 38 car -1 -1 -10 0 196 124 348 -1 -1 -1 -1000 -1000 -1000 -10 0.844494
119 39 car -1 -1 -10 710 182 808 245 -1 -1 -1 -1000 -1000 -1000 -10 0.999047
120 31 car -1 -1 -10 772 180 883 268 -1 -1 -1 -1000 -1000 -1000 -10 0.99995
120 32 car -1 -1 -10 638 181 689 218 -1 -1 -1 -1000 -1000 -1000 -10 0.932337
120 35 car -1 -1 -10 566 170 606 212 -1 -1 -1 -1000 -1000 -1000 -10 0.998849
120 37 car -1 -1 -10 658 180 717 225 -1 -1 -1 -1000 -1000 -1000 -10 0.999753
120 38 car -1 -1 -10 0 203 77 366 -1 -1 -1 -1000 -1000 -1000 -10 0.956053
120 39 car -1 -1 -10 699 186 808 245 -1 -1 -1 -1000 -1000 -1000 -10 0.999178
120 40 car -1 -1 -10 434 180 502 229 -1 -1 -1 -1000 -1000 -1000 -10 0.552421
121 31 car -1 -1 -10 763 181 880 271 -1 -1 -1 -1000 -1000 -1000 -10 0.999984
121 35 car -1 -1 -10 551 170 591 212 -1 -1 -1 -1000 -1000 -1000 -10 0.998362
121 37 car -1 -1 -10 646 179 706 226 -1 -1 -1 -1000 -1000 -1000 -10 0.999714
121 39 car -1 -1 -10 691 182 793 249 -1 -1 -1 -1000 -1000 -1000 -10 0.999742
121 40 car -1 -1 -10 416 179 483 230 -1 -1 -1 -1000 -1000 -1000 -10 0.709151
121 41 car -1 -1 -10 623 180 672 219 -1 -1 -1 -1000 -1000 -1000 -10 0.834638
122 31 car -1 -1 -10 753 181 875 273 -1 -1 -1 -1000 -1000 -1000 -10 0.999968
122 35 car -1 -1 -10 535 169 574 211 -1 -1 -1 -1000 -1000 -1000 -10 0.998845
122 37 car -1 -1 -10 631 179 697 227 -1 -1 -1 -1000 -1000 -1000 -10 0.999345
122 39 car -1 -1 -10 676 183 785 249 -1 -1 -1 -1000 -1000 -1000 -10 0.99975
122 40 car -1 -1 -10 394 178 467 233 -1 -1 -1 -1000 -1000 -1000 -10 0.953924
122 41 car -1 -1 -10 609 180 664 220 -1 -1 -1 -1000 -1000 -1000 -10 0.97594
123 31 car -1 -1 -10 743 185 869 275 -1 -1 -1 -1000 -1000 -1000 -10 0.999907
123 35 car -1 -1 -10 520 170 559 212 -1 -1 -1 -1000 -1000 -1000 -10 0.995208
123 37 car -1 -1 -10 619 179 689 228 -1 -1 -1 -1000 -1000 -1000 -10 0.999433
123 39 car -1 -1 -10 666 183 770 253 -1 -1 -1 -1000 -1000 -1000 -10 0.999931
123 40 car -1 -1 -10 374 178 447 234 -1 -1 -1 -1000 -1000 -1000 -10 0.974719
123 41 car -1 -1 -10 597 180 652 220 -1 -1 -1 -1000 -1000 -1000 -10 0.9934
124 31 car -1 -1 -10 736 183 863 277 -1 -1 -1 -1000 -1000 -1000 -10 0.99994
124 35 car -1 -1 -10 504 169 542 211 -1 -1 -1 -1000 -1000 -1000 -10 0.99884
124 37 car -1 -1 -10 606 179 671 228 -1 -1 -1 -1000 -1000 -1000 -10 0.998813
124 39 car -1 -1 -10 654 183 761 252 -1 -1 -1 -1000 -1000 -1000 -10 0.999935
124 40 car -1 -1 -10 350 181 428 238 -1 -1 -1 -1000 -1000 -1000 -10 0.995654
124 41 car -1 -1 -10 581 180 636 220 -1 -1 -1 -1000 -1000 -1000 -10 0.973831
125 31 car -1 -1 -10 727 182 856 279 -1 -1 -1 -1000 -1000 -1000 -10 0.999913
125 35 car -1 -1 -10 489 169 526 211 -1 -1 -1 -1000 -1000 -1000 -10 0.97131
125 37 car -1 -1 -10 590 178 659 228 -1 -1 -1 -1000 -1000 -1000 -10 0.99825
125 39 car -1 -1 -10 643 182 750 253 -1 -1 -1 -1000 -1000 -1000 -10 0.999924
125 40 car -1 -1 -10 326 181 410 239 -1 -1 -1 -1000 -1000 -1000 -10 0.998389
125 41 car -1 -1 -10 568 179 624 221 -1 -1 -1 -1000 -1000 -1000 -10 0.998243
126 31 car -1 -1 -10 720 179 849 283 -1 -1 -1 -1000 -1000 -1000 -10 0.999893
126 35 car -1 -1 -10 472 168 510 211 -1 -1 -1 -1000 -1000 -1000 -10 0.985314
126 37 car -1 -1 -10 578 178 651 229 -1 -1 -1 -1000 -1000 -1000 -10 0.998896
126 39 car -1 -1 -10 636 181 739 254 -1 -1 -1 -1000 -1000 -1000 -10 0.999981
126 40 car -1 -1 -10 301 178 393 248 -1 -1 -1 -1000 -1000 -1000 -10 0.999051
126 41 car -1 -1 -10 555 179 610 221 -1 -1 -1 -1000 -1000 -1000 -10 0.999268
127 31 car -1 -1 -10 714 180 848 283 -1 -1 -1 -1000 -1000 -1000 -10 0.999853
127 35 car -1 -1 -10 458 169 495 211 -1 -1 -1 -1000 -1000 -1000 -10 0.965685
127 37 car -1 -1 -10 564 178 641 231 -1 -1 -1 -1000 -1000 -1000 -10 0.998815
127 39 car -1 -1 -10 620 180 732 257 -1 -1 -1 -1000 -1000 -1000 -10 0.999991
127 40 car -1 -1 -10 278 180 372 252 -1 -1 -1 -1000 -1000 -1000 -10 0.999557
127 41 car -1 -1 -10 540 179 600 221 -1 -1 -1 -1000 -1000 -1000 -10 0.993337
127 42 car -1 -1 -10 320 180 387 233 -1 -1 -1 -1000 -1000 -1000 -10 0.353085
128 31 car -1 -1 -10 709 182 851 284 -1 -1 -1 -1000 -1000 -1000 -10 0.999804
128 35 car -1 -1 -10 448 169 484 210 -1 -1 -1 -1000 -1000 -1000 -10 0.856406
128 37 car -1 -1 -10 555 180 633 232 -1 -1 -1 -1000 -1000 -1000 -10 0.997839
128 39 car -1 -1 -10 612 179 726 258 -1 -1 -1 -1000 -1000 -1000 -10 0.999984
128 40 car -1 -1 -10 252 180 356 258 -1 -1 -1 -1000 -1000 -1000 -10 0.999959
128 41 car -1 -1 -10 532 179 590 222 -1 -1 -1 -1000 -1000 -1000 -10 0.998574
128 42 car -1 -1 -10 299 182 373 239 -1 -1 -1 -1000 -1000 -1000 -10 0.842057
129 31 car -1 -1 -10 710 183 853 288 -1 -1 -1 -1000 -1000 -1000 -10 0.999817
129 32 car -1 -1 -10 502 182 556 218 -1 -1 -1 -1000 -1000 -1000 -10 0.567837
129 35 car -1 -1 -10 438 170 474 211 -1 -1 -1 -1000 -1000 -1000 -10 0.772971
129 37 car -1 -1 -10 546 180 626 232 -1 -1 -1 -1000 -1000 -1000 -10 0.981891
129 39 car -1 -1 -10 607 180 723 263 -1 -1 -1 -1000 -1000 -1000 -10 0.99999
129 40 car -1 -1 -10 232 181 339 266 -1 -1 -1 -1000 -1000 -1000 -10 0.999955
129 41 car -1 -1 -10 524 180 582 224 -1 -1 -1 -1000 -1000 -1000 -10 0.998878
129 42 car -1 -1 -10 289 182 358 244 -1 -1 -1 -1000 -1000 -1000 -10 0.981904
130 31 car -1 -1 -10 711 183 858 294 -1 -1 -1 -1000 -1000 -1000 -10 0.999871
130 32 car -1 -1 -10 495 184 549 220 -1 -1 -1 -1000 -1000 -1000 -10 0.481058
130 35 car -1 -1 -10 429 171 465 212 -1 -1 -1 -1000 -1000 -1000 -10 0.896248
130 37 car -1 -1 -10 543 181 626 238 -1 -1 -1 -1000 -1000 -1000 -10 0.935203
130 39 car -1 -1 -10 603 180 726 268 -1 -1 -1 -1000 -1000 -1000 -10 0.999985
130 40 car -1 -1 -10 209 189 326 271 -1 -1 -1 -1000 -1000 -1000 -10 0.99995
130 41 car -1 -1 -10 517 180 581 228 -1 -1 -1 -1000 -1000 -1000 -10 0.995891
130 42 car -1 -1 -10 273 184 347 248 -1 -1 -1 -1000 -1000 -1000 -10 0.994907
130 43 car -1 -1 -10 304 187 357 233 -1 -1 -1 -1000 -1000 -1000 -10 0.360409
131 31 car -1 -1 -10 712 180 872 304 -1 -1 -1 -1000 -1000 -1000 -10 0.999953
131 32 car -1 -1 -10 492 185 544 220 -1 -1 -1 -1000 -1000 -1000 -10 0.567549
131 35 car -1 -1 -10 421 174 460 214 -1 -1 -1 -1000 -1000 -1000 -10 0.48255
131 37 car -1 -1 -10 543 179 620 240 -1 -1 -1 -1000 -1000 -1000 -10 0.976987
131 39 car -1 -1 -10 600 182 728 272 -1 -1 -1 -1000 -1000 -1000 -10 0.999939
131 40 car -1 -1 -10 186 193 312 276 -1 -1 -1 -1000 -1000 -1000 -10 0.999979
131 41 car -1 -1 -10 512 184 575 229 -1 -1 -1 -1000 -1000 -1000 -10 0.986111
131 42 car -1 -1 -10 253 188 336 255 -1 -1 -1 -1000 -1000 -1000 -10 0.996916
131 43 car -1 -1 -10 293 189 348 238 -1 -1 -1 -1000 -1000 -1000 -10 0.979053
132 31 car -1 -1 -10 718 179 883 311 -1 -1 -1 -1000 -1000 -1000 -10 0.999883
132 32 car -1 -1 -10 487 185 539 223 -1 -1 -1 -1000 -1000 -1000 -10 0.353549
132 35 car -1 -1 -10 420 175 457 215 -1 -1 -1 -1000 -1000 -1000 -10 0.715128
132 37 car -1 -1 -10 544 180 617 241 -1 -1 -1 -1000 -1000 -1000 -10 0.980582
132 39 car -1 -1 -10 599 185 736 275 -1 -1 -1 -1000 -1000 -1000 -10 0.999957
132 40 car -1 -1 -10 175 193 300 284 -1 -1 -1 -1000 -1000 -1000 -10 0.999964
132 41 car -1 -1 -10 509 187 576 233 -1 -1 -1 -1000 -1000 -1000 -10 0.896861
132 42 car -1 -1 -10 243 187 334 260 -1 -1 -1 -1000 -1000 -1000 -10 0.998999
132 43 car -1 -1 -10 285 192 344 240 -1 -1 -1 -1000 -1000 -1000 -10 0.991443
133 31 car -1 -1 -10 728 180 902 327 -1 -1 -1 -1000 -1000 -1000 -10 0.999905
133 32 car -1 -1 -10 487 186 540 224 -1 -1 -1 -1000 -1000 -1000 -10 0.822543
133 35 car -1 -1 -10 418 177 456 215 -1 -1 -1 -1000 -1000 -1000 -10 0.619472
133 37 car -1 -1 -10 540 182 621 243 -1 -1 -1 -1000 -1000 -1000 -10 0.986938
133 39 car -1 -1 -10 600 186 740 279 -1 -1 -1 -1000 -1000 -1000 -10 0.999941
133 40 car -1 -1 -10 155 194 291 291 -1 -1 -1 -1000 -1000 -1000 -10 0.999934
133 41 car -1 -1 -10 512 185 588 235 -1 -1 -1 -1000 -1000 -1000 -10 0.93846
133 42 car -1 -1 -10 237 188 327 263 -1 -1 -1 -1000 -1000 -1000 -10 0.999732
133 43 car -1 -1 -10 281 192 339 242 -1 -1 -1 -1000 -1000 -1000 -10 0.992558
134 31 car -1 -1 -10 748 178 919 335 -1 -1 -1 -1000 -1000 -1000 -10 0.999971
134 32 car -1 -1 -10 493 185 543 222 -1 -1 -1 -1000 -1000 -1000 -10 0.853905
134 35 car -1 -1 -10 419 174 457 214 -1 -1 -1 -1000 -1000 -1000 -10 0.793319
134 37 car -1 -1 -10 538 180 625 243 -1 -1 -1 -1000 -1000 -1000 -10 0.995363
134 39 car -1 -1 -10 608 185 750 281 -1 -1 -1 -1000 -1000 -1000 -10 0.999823
134 40 car -1 -1 -10 141 194 285 293 -1 -1 -1 -1000 -1000 -1000 -10 0.999906
134 41 car -1 -1 -10 511 182 578 229 -1 -1 -1 -1000 -1000 -1000 -10 0.989443
134 42 car -1 -1 -10 224 186 323 264 -1 -1 -1 -1000 -1000 -1000 -10 0.99994
134 43 car -1 -1 -10 274 190 336 243 -1 -1 -1 -1000 -1000 -1000 -10 0.992601
135 31 car -1 -1 -10 764 174 953 345 -1 -1 -1 -1000 -1000 -1000 -10 0.999997
135 32 car -1 -1 -10 496 183 549 222 -1 -1 -1 -1000 -1000 -1000 -10 0.39931
135 35 car -1 -1 -10 423 172 458 209 -1 -1 -1 -1000 -1000 -1000 -10 0.760875
135 37 car -1 -1 -10 540 178 633 244 -1 -1 -1 -1000 -1000 -1000 -10 0.998784
135 39 car -1 -1 -10 614 183 768 285 -1 -1 -1 -1000 -1000 -1000 -10 0.999982
135 40 car -1 -1 -10 123 193 281 294 -1 -1 -1 -1000 -1000 -1000 -10 0.999946
135 42 car -1 -1 -10 219 182 321 264 -1 -1 -1 -1000 -1000 -1000 -10 0.999961
135 43 car -1 -1 -10 272 189 338 243 -1 -1 -1 -1000 -1000 -1000 -10 0.996825
135 44 car -1 -1 -10 516 181 585 229 -1 -1 -1 -1000 -1000 -1000 -10 0.964076
136 31 car -1 -1 -10 785 174 999 360 -1 -1 -1 -1000 -1000 -1000 -10 0.999994
136 32 car -1 -1 -10 504 180 558 221 -1 -1 -1 -1000 -1000 -1000 -10 0.762568
136 35 car -1 -1 -10 430 169 464 208 -1 -1 -1 -1000 -1000 -1000 -10 0.560673
136 37 car -1 -1 -10 549 174 641 246 -1 -1 -1 -1000 -1000 -1000 -10 0.999904
136 39 car -1 -1 -10 620 179 784 288 -1 -1 -1 -1000 -1000 -1000 -10 0.99999
136 40 car -1 -1 -10 113 192 274 299 -1 -1 -1 -1000 -1000 -1000 -10 0.999992
136 42 car -1 -1 -10 217 180 320 264 -1 -1 -1 -1000 -1000 -1000 -10 0.999975
136 43 car -1 -1 -10 271 188 339 243 -1 -1 -1 -1000 -1000 -1000 -10 0.999101
136 44 car -1 -1 -10 526 178 593 229 -1 -1 -1 -1000 -1000 -1000 -10 0.917783
137 31 car -1 -1 -10 818 172 1061 369 -1 -1 -1 -1000 -1000 -1000 -10 0.999961
137 32 car -1 -1 -10 506 179 562 219 -1 -1 -1 -1000 -1000 -1000 -10 0.816699
137 37 car -1 -1 -10 556 165 650 248 -1 -1 -1 -1000 -1000 -1000 -10 0.999953
137 39 car -1 -1 -10 630 176 807 293 -1 -1 -1 -1000 -1000 -1000 -10 0.999998
137 40 car -1 -1 -10 97 190 277 304 -1 -1 -1 -1000 -1000 -1000 -10 0.999987
137 42 car -1 -1 -10 214 178 321 266 -1 -1 -1 -1000 -1000 -1000 -10 0.999976
137 43 car -1 -1 -10 275 188 343 243 -1 -1 -1 -1000 -1000 -1000 -10 0.999567
137 44 car -1 -1 -10 528 174 599 231 -1 -1 -1 -1000 -1000 -1000 -10 0.992593
138 31 car -1 -1 -10 862 172 1135 367 -1 -1 -1 -1000 -1000 -1000 -10 0.999915
138 32 car -1 -1 -10 518 173 571 214 -1 -1 -1 -1000 -1000 -1000 -10 0.762287
138 35 car -1 -1 -10 443 166 479 203 -1 -1 -1 -1000 -1000 -1000 -10 0.591773
138 37 car -1 -1 -10 567 164 665 249 -1 -1 -1 -1000 -1000 -1000 -10 0.999945
138 39 car -1 -1 -10 642 174 837 301 -1 -1 -1 -1000 -1000 -1000 -10 0.999999
138 40 car -1 -1 -10 81 192 277 310 -1 -1 -1 -1000 -1000 -1000 -10 0.999934
138 42 car -1 -1 -10 212 176 326 267 -1 -1 -1 -1000 -1000 -1000 -10 0.99998
138 43 car -1 -1 -10 275 187 347 244 -1 -1 -1 -1000 -1000 -1000 -10 0.999946
138 44 car -1 -1 -10 535 173 609 231 -1 -1 -1 -1000 -1000 -1000 -10 0.997408
139 31 car -1 -1 -10 895 168 1240 375 -1 -1 -1 -1000 -1000 -1000 -10 0.999917
139 32 car -1 -1 -10 526 174 581 215 -1 -1 -1 -1000 -1000 -1000 -10 0.900922
139 35 car -1 -1 -10 451 166 487 203 -1 -1 -1 -1000 -1000 -1000 -10 0.958146
139 37 car -1 -1 -10 573 168 680 250 -1 -1 -1 -1000 -1000 -1000 -10 0.999982
139 39 car -1 -1 -10 657 178 858 312 -1 -1 -1 -1000 -1000 -1000 -10 0.999981
139 40 car -1 -1 -10 68 188 276 315 -1 -1 -1 -1000 -1000 -1000 -10 0.999929
139 42 car -1 -1 -10 209 175 327 269 -1 -1 -1 -1000 -1000 -1000 -10 0.999978
139 43 car -1 -1 -10 278 186 352 246 -1 -1 -1 -1000 -1000 -1000 -10 0.999974
139 44 car -1 -1 -10 546 173 620 233 -1 -1 -1 -1000 -1000 -1000 -10 0.999317
139 45 car -1 -1 -10 310 184 364 227 -1 -1 -1 -1000 -1000 -1000 -10 0.900933
139 46 pedestrian -1 -1 -10 726 154 751 236 -1 -1 -1 -1000 -1000 -1000 -10 0.884009
140 31 car -1 -1 -10 954 175 1242 375 -1 -1 -1 -1000 -1000 -1000 -10 0.99951
140 32 car -1 -1 -10 535 177 593 222 -1 -1 -1 -1000 -1000 -1000 -10 0.976971
140 35 car -1 -1 -10 461 166 496 204 -1 -1 -1 -1000 -1000 -1000 -10 0.968257
140 37 car -1 -1 -10 588 166 697 255 -1 -1 -1 -1000 -1000 -1000 -10 0.999972
140 39 car -1 -1 -10 674 179 894 324 -1 -1 -1 -1000 -1000 -1000 -10 0.999995
140 40 car -1 -1 -10 46 193 271 322 -1 -1 -1 -1000 -1000 -1000 -10 0.999938
140 42 car -1 -1 -10 210 175 328 273 -1 -1 -1 -1000 -1000 -1000 -10 0.999976
140 43 car -1 -1 -10 284 187 357 247 -1 -1 -1 -1000 -1000 -1000 -10 0.999566
140 44 car -1 -1 -10 556 174 632 234 -1 -1 -1 -1000 -1000 -1000 -10 0.999781
140 47 car -1 -1 -10 318 184 369 229 -1 -1 -1 -1000 -1000 -1000 -10 0.987575
141 31 car -1 -1 -10 1007 180 1242 370 -1 -1 -1 -1000 -1000 -1000 -10 0.999683
141 32 car -1 -1 -10 544 178 601 226 -1 -1 -1 -1000 -1000 -1000 -10 0.996625
141 35 car -1 -1 -10 471 167 505 204 -1 -1 -1 -1000 -1000 -1000 -10 0.963862
141 37 car -1 -1 -10 595 169 711 257 -1 -1 -1 -1000 -1000 -1000 -10 0.999987
141 39 car -1 -1 -10 689 176 932 339 -1 -1 -1 -1000 -1000 -1000 -10 0.999995
141 40 car -1 -1 -10 34 196 268 331 -1 -1 -1 -1000 -1000 -1000 -10 0.999942
141 42 car -1 -1 -10 205 177 333 275 -1 -1 -1 -1000 -1000 -1000 -10 0.999949
141 43 car -1 -1 -10 285 187 362 248 -1 -1 -1 -1000 -1000 -1000 -10 0.99949
141 44 car -1 -1 -10 564 177 647 237 -1 -1 -1 -1000 -1000 -1000 -10 0.999567
141 47 car -1 -1 -10 322 186 379 232 -1 -1 -1 -1000 -1000 -1000 -10 0.972197
141 48 pedestrian -1 -1 -10 765 159 792 240 -1 -1 -1 -1000 -1000 -1000 -10 0.876349
142 31 car -1 -1 -10 1079 184 1242 369 -1 -1 -1 -1000 -1000 -1000 -10 0.997775
142 32 car -1 -1 -10 555 180 611 226 -1 -1 -1 -1000 -1000 -1000 -10 0.998571
142 35 car -1 -1 -10 481 169 514 204 -1 -1 -1 -1000 -1000 -1000 -10 0.93176
142 37 car -1 -1 -10 605 167 729 262 -1 -1 -1 -1000 -1000 -1000 -10 0.999976
142 39 car -1 -1 -10 700 182 991 359 -1 -1 -1 -1000 -1000 -1000 -10 0.999998
142 40 car -1 -1 -10 0 198 272 341 -1 -1 -1 -1000 -1000 -1000 -10 0.99997
142 42 car -1 -1 -10 200 182 338 278 -1 -1 -1 -1000 -1000 -1000 -10 0.999369
142 43 car -1 -1 -10 292 191 368 250 -1 -1 -1 -1000 -1000 -1000 -10 0.998742
142 44 car -1 -1 -10 576 179 659 239 -1 -1 -1 -1000 -1000 -1000 -10 0.999587
142 47 car -1 -1 -10 329 187 384 233 -1 -1 -1 -1000 -1000 -1000 -10 0.991772
142 48 pedestrian -1 -1 -10 785 161 815 241 -1 -1 -1 -1000 -1000 -1000 -10 0.975109
143 31 car -1 -1 -10 1149 183 1242 369 -1 -1 -1 -1000 -1000 -1000 -10 0.853275
143 32 car -1 -1 -10 564 180 622 228 -1 -1 -1 -1000 -1000 -1000 -10 0.999171
143 35 car -1 -1 -10 491 169 524 204 -1 -1 -1 -1000 -1000 -1000 -10 0.954736
143 37 car -1 -1 -10 618 168 750 269 -1 -1 -1 -1000 -1000 -1000 -10 0.999963
143 39 car -1 -1 -10 717 186 1048 372 -1 -1 -1 -1000 -1000 -1000 -10 0.999979
143 40 car -1 -1 -10 0 197 266 353 -1 -1 -1 -1000 -1000 -1000 -10 0.999979
143 42 car -1 -1 -10 191 182 343 279 -1 -1 -1 -1000 -1000 -1000 -10 0.999724
143 43 car -1 -1 -10 291 189 372 254 -1 -1 -1 -1000 -1000 -1000 -10 0.999489
143 44 car -1 -1 -10 587 179 669 241 -1 -1 -1 -1000 -1000 -1000 -10 0.99988
143 47 car -1 -1 -10 334 186 388 235 -1 -1 -1 -1000 -1000 -1000 -10 0.999467
143 49 pedestrian -1 -1 -10 808 161 840 246 -1 -1 -1 -1000 -1000 -1000 -10 0.992983
144 32 car -1 -1 -10 576 180 631 229 -1 -1 -1 -1000 -1000 -1000 -10 0.999589
144 35 car -1 -1 -10 500 169 533 203 -1 -1 -1 -1000 -1000 -1000 -10 0.91814
144 37 car -1 -1 -10 631 170 766 272 -1 -1 -1 -1000 -1000 -1000 -10 0.999919
144 39 car -1 -1 -10 744 177 1129 375 -1 -1 -1 -1000 -1000 -1000 -10 0.999989
144 40 car -1 -1 -10 0 192 266 364 -1 -1 -1 -1000 -1000 -1000 -10 0.999933
144 42 car -1 -1 -10 179 181 346 283 -1 -1 -1 -1000 -1000 -1000 -10 0.999943
144 43 car -1 -1 -10 289 187 377 259 -1 -1 -1 -1000 -1000 -1000 -10 0.999903
144 44 car -1 -1 -10 596 175 684 245 -1 -1 -1 -1000 -1000 -1000 -10 0.999643
144 47 car -1 -1 -10 339 186 395 236 -1 -1 -1 -1000 -1000 -1000 -10 0.99918
144 49 pedestrian -1 -1 -10 830 162 866 247 -1 -1 -1 -1000 -1000 -1000 -10 0.894106
145 32 car -1 -1 -10 585 179 644 229 -1 -1 -1 -1000 -1000 -1000 -10 0.999674
145 35 car -1 -1 -10 509 168 541 203 -1 -1 -1 -1000 -1000 -1000 -10 0.974469
145 37 car -1 -1 -10 645 171 788 276 -1 -1 -1 -1000 -1000 -1000 -10 0.999704
145 39 car -1 -1 -10 758 186 1242 375 -1 -1 -1 -1000 -1000 -1000 -10 0.999967
145 40 car -1 -1 -10 0 198 254 369 -1 -1 -1 -1000 -1000 -1000 -10 0.999923
145 42 car -1 -1 -10 165 178 347 289 -1 -1 -1 -1000 -1000 -1000 -10 0.999991
145 43 car -1 -1 -10 288 187 381 259 -1 -1 -1 -1000 -1000 -1000 -10 0.999963
145 44 car -1 -1 -10 606 176 697 245 -1 -1 -1 -1000 -1000 -1000 -10 0.999962
145 47 car -1 -1 -10 342 185 401 235 -1 -1 -1 -1000 -1000 -1000 -10 0.999743
145 49 pedestrian -1 -1 -10 859 161 897 247 -1 -1 -1 -1000 -1000 -1000 -10 0.972409
146 32 car -1 -1 -10 595 178 654 229 -1 -1 -1 -1000 -1000 -1000 -10 0.999944
146 35 car -1 -1 -10 519 166 548 201 -1 -1 -1 -1000 -1000 -1000 -10 0.975954
146 37 car -1 -1 -10 659 167 809 281 -1 -1 -1 -1000 -1000 -1000 -10 0.99994
146 39 car -1 -1 -10 794 173 1242 375 -1 -1 -1 -1000 -1000 -1000 -10 0.999924
146 40 car -1 -1 -10 0 198 249 375 -1 -1 -1 -1000 -1000 -1000 -10 0.999891
146 42 car -1 -1 -10 158 175 346 294 -1 -1 -1 -1000 -1000 -1000 -10 0.999989
146 43 car -1 -1 -10 286 186 384 258 -1 -1 -1 -1000 -1000 -1000 -10 0.999977
146 44 car -1 -1 -10 618 176 711 246 -1 -1 -1 -1000 -1000 -1000 -10 0.999979
146 47 car -1 -1 -10 345 185 407 234 -1 -1 -1 -1000 -1000 -1000 -10 0.999885
146 50 pedestrian -1 -1 -10 885 159 933 262 -1 -1 -1 -1000 -1000 -1000 -10 0.918942
147 32 car -1 -1 -10 605 176 665 228 -1 -1 -1 -1000 -1000 -1000 -10 0.999941
147 35 car -1 -1 -10 529 163 559 200 -1 -1 -1 -1000 -1000 -1000 -10 0.963492
147 37 car -1 -1 -10 673 163 833 287 -1 -1 -1 -1000 -1000 -1000 -10 0.999989
147 39 car -1 -1 -10 821 180 1242 374 -1 -1 -1 -1000 -1000 -1000 -10 0.999589
147 40 car -1 -1 -10 0 192 239 375 -1 -1 -1 -1000 -1000 -1000 -10 0.999716
147 42 car -1 -1 -10 154 172 342 295 -1 -1 -1 -1000 -1000 -1000 -10 0.999827
147 43 car -1 -1 -10 285 183 388 258 -1 -1 -1 -1000 -1000 -1000 -10 0.999988
147 44 car -1 -1 -10 625 173 728 249 -1 -1 -1 -1000 -1000 -1000 -10 0.999991
147 47 car -1 -1 -10 346 179 412 235 -1 -1 -1 -1000 -1000 -1000 -10 0.99983
147 50 pedestrian -1 -1 -10 916 158 966 271 -1 -1 -1 -1000 -1000 -1000 -10 0.774613
148 32 car -1 -1 -10 614 174 677 228 -1 -1 -1 -1000 -1000 -1000 -10 0.999898
148 35 car -1 -1 -10 536 160 566 198 -1 -1 -1 -1000 -1000 -1000 -10 0.952435
148 37 car -1 -1 -10 683 161 861 293 -1 -1 -1 -1000 -1000 -1000 -10 0.999965
148 39 car -1 -1 -10 869 175 1242 375 -1 -1 -1 -1000 -1000 -1000 -10 0.99946
148 40 car -1 -1 -10 0 194 209 375 -1 -1 -1 -1000 -1000 -1000 -10 0.999827
148 42 car -1 -1 -10 136 172 336 298 -1 -1 -1 -1000 -1000 -1000 -10 0.999936
148 43 car -1 -1 -10 281 183 391 259 -1 -1 -1 -1000 -1000 -1000 -10 0.999989
148 44 car -1 -1 -10 637 172 741 250 -1 -1 -1 -1000 -1000 -1000 -10 0.99999
148 47 car -1 -1 -10 347 178 417 235 -1 -1 -1 -1000 -1000 -1000 -10 0.999952
148 51 pedestrian -1 -1 -10 946 142 1014 301 -1 -1 -1 -1000 -1000 -1000 -10 0.981998
149 32 car -1 -1 -10 622 174 689 230 -1 -1 -1 -1000 -1000 -1000 -10 0.99994
149 35 car -1 -1 -10 541 161 572 199 -1 -1 -1 -1000 -1000 -1000 -10 0.921889
149 37 car -1 -1 -10 699 166 893 300 -1 -1 -1 -1000 -1000 -1000 -10 0.999949
149 39 car -1 -1 -10 891 185 1242 370 -1 -1 -1 -1000 -1000 -1000 -10 0.962889
149 40 car -1 -1 -10 0 198 195 375 -1 -1 -1 -1000 -1000 -1000 -10 0.999766
149 42 car -1 -1 -10 116 173 336 306 -1 -1 -1 -1000 -1000 -1000 -10 0.999952
149 43 car -1 -1 -10 278 183 393 264 -1 -1 -1 -1000 -1000 -1000 -10 0.999987
149 44 car -1 -1 -10 646 169 756 257 -1 -1 -1 -1000 -1000 -1000 -10 0.99999
149 47 car -1 -1 -10 347 178 421 236 -1 -1 -1 -1000 -1000 -1000 -10 0.99991
149 51 pedestrian -1 -1 -10 989 148 1059 290 -1 -1 -1 -1000 -1000 -1000 -10 0.949919
150 32 car -1 -1 -10 633 176 701 235 -1 -1 -1 -1000 -1000 -1000 -10 0.99989
150 35 car -1 -1 -10 552 162 580 200 -1 -1 -1 -1000 -1000 -1000 -10 0.904974
150 37 car -1 -1 -10 718 167 923 320 -1 -1 -1 -1000 -1000 -1000 -10 0.999982
150 39 car -1 -1 -10 946 186 1242 369 -1 -1 -1 -1000 -1000 -1000 -10 0.728352
150 40 car -1 -1 -10 0 200 170 374 -1 -1 -1 -1000 -1000 -1000 -10 0.999701
150 42 car -1 -1 -10 88 172 336 313 -1 -1 -1 -1000 -1000 -1000 -10 0.999896
150 43 car -1 -1 -10 274 184 393 270 -1 -1 -1 -1000 -1000 -1000 -10 0.999973
150 44 car -1 -1 -10 655 171 774 263 -1 -1 -1 -1000 -1000 -1000 -10 0.999986
150 47 car -1 -1 -10 348 182 424 240 -1 -1 -1 -1000 -1000 -1000 -10 0.99999
150 51 pedestrian -1 -1 -10 1029 145 1104 299 -1 -1 -1 -1000 -1000 -1000 -10 0.945505
151 31 car -1 -1 -10 1030 195 1242 357 -1 -1 -1 -1000 -1000 -1000 -10 0.67882
151 32 car -1 -1 -10 641 179 712 241 -1 -1 -1 -1000 -1000 -1000 -10 0.999829
151 35 car -1 -1 -10 555 164 589 203 -1 -1 -1 -1000 -1000 -1000 -10 0.894184
151 37 car -1 -1 -10 729 171 968 332 -1 -1 -1 -1000 -1000 -1000 -10 0.999991
151 40 car -1 -1 -10 0 209 143 375 -1 -1 -1 -1000 -1000 -1000 -10 0.9997
151 42 car -1 -1 -10 37 173 331 332 -1 -1 -1 -1000 -1000 -1000 -10 0.999983
151 43 car -1 -1 -10 268 188 393 274 -1 -1 -1 -1000 -1000 -1000 -10 0.99987
151 44 car -1 -1 -10 664 172 789 274 -1 -1 -1 -1000 -1000 -1000 -10 0.999973
151 47 car -1 -1 -10 347 184 426 244 -1 -1 -1 -1000 -1000 -1000 -10 0.99999
151 51 pedestrian -1 -1 -10 1083 141 1170 325 -1 -1 -1 -1000 -1000 -1000 -10 0.65045
152 32 car -1 -1 -10 649 181 721 246 -1 -1 -1 -1000 -1000 -1000 -10 0.999912
152 35 car -1 -1 -10 563 167 592 203 -1 -1 -1 -1000 -1000 -1000 -10 0.626596
152 37 car -1 -1 -10 742 166 1012 352 -1 -1 -1 -1000 -1000 -1000 -10 0.999996
152 40 car -1 -1 -10 0 212 104 375 -1 -1 -1 -1000 -1000 -1000 -10 0.993604
152 42 car -1 -1 -10 12 175 318 347 -1 -1 -1 -1000 -1000 -1000 -10 0.999985
152 43 car -1 -1 -10 256 191 392 282 -1 -1 -1 -1000 -1000 -1000 -10 0.999907
152 44 car -1 -1 -10 673 176 806 278 -1 -1 -1 -1000 -1000 -1000 -10 0.999816
152 47 car -1 -1 -10 345 185 428 249 -1 -1 -1 -1000 -1000 -1000 -10 0.999932
152 51 pedestrian -1 -1 -10 1148 145 1234 334 -1 -1 -1 -1000 -1000 -1000 -10 0.897291
153 32 car -1 -1 -10 656 183 733 249 -1 -1 -1 -1000 -1000 -1000 -10 0.999736
153 35 car -1 -1 -10 568 167 597 204 -1 -1 -1 -1000 -1000 -1000 -10 0.901136
153 37 car -1 -1 -10 753 173 1077 364 -1 -1 -1 -1000 -1000 -1000 -10 0.999986
153 42 car -1 -1 -10 0 176 312 362 -1 -1 -1 -1000 -1000 -1000 -10 0.999963
153 43 car -1 -1 -10 238 194 392 287 -1 -1 -1 -1000 -1000 -1000 -10 0.999728
153 44 car -1 -1 -10 680 183 830 281 -1 -1 -1 -1000 -1000 -1000 -10 0.999896
153 47 car -1 -1 -10 336 185 428 253 -1 -1 -1 -1000 -1000 -1000 -10 0.999865
