0 0 car -1 -1 -10 879 186 1242 375 -1 -1 -1 -1000 -1000 -1000 -10 0.999779
0 1 car -1 -1 -10 291 174 334 198 -1 -1 -1 -1000 -1000 -1000 -10 0.821154
1 0 car -1 -1 -10 871 187 1242 375 -1 -1 -1 -1000 -1000 -1000 -10 0.999828
1 1 car -1 -1 -10 282 171 330 196 -1 -1 -1 -1000 -1000 -1000 -10 0.870193
2 0 car -1 -1 -10 862 191 1242 375 -1 -1 -1 -1000 -1000 -1000 -10 0.999864
2 2 car -1 -1 -10 277 174 324 198 -1 -1 -1 -1000 -1000 -1000 -10 0.689918
3 0 car -1 -1 -10 849 189 1242 375 -1 -1 -1 -1000 -1000 -1000 -10 0.999812
3 1 car -1 -1 -10 292 175 341 200 -1 -1 -1 -1000 -1000 -1000 -10 0.507448
3 2 car -1 -1 -10 272 178 316 200 -1 -1 -1 -1000 -1000 -1000 -10 0.939506
4 0 car -1 -1 -10 833 190 1242 374 -1 -1 -1 -1000 -1000 -1000 -10 0.999866
4 1 car -1 -1 -10 285 176 336 199 -1 -1 -1 -1000 -1000 -1000 -10 0.855897
4 2 car -1 -1 -10 263 176 308 201 -1 -1 -1 -1000 -1000 -1000 -10 0.997065
5 0 car -1 -1 -10 821 192 1242 372 -1 -1 -1 -1000 -1000 -1000 -10 0.999887
5 1 car -1 -1 -10 281 176 328 200 -1 -1 -1 -1000 -1000 -1000 -10 0.795698
5 2 car -1 -1 -10 254 178 302 201 -1 -1 -1 -1000 -1000 -1000 -10 0.996401
6 0 car -1 -1 -10 816 194 1242 368 -1 -1 -1 -1000 -1000 -1000 -10 0.999783
6 2 car -1 -1 -10 246 179 296 202 -1 -1 -1 -1000 -1000 -1000 -10 0.999432
6 3 car -1 -1 -10 271 177 322 201 -1 -1 -1 -1000 -1000 -1000 -10 0.992201
7 0 car -1 -1 -10 805 186 1242 375 -1 -1 -1 -1000 -1000 -1000 -10 0.999925
7 2 car -1 -1 -10 237 181 288 204 -1 -1 -1 -1000 -1000 -1000 -10 0.999413
7 3 car -1 -1 -10 266 178 315 202 -1 -1 -1 -1000 -1000 -1000 -10 0.997211
8 0 car -1 -1 -10 800 190 1209 375 -1 -1 -1 -1000 -1000 -1000 -10 0.999954
8 2 car -1 -1 -10 227 180 279 205 -1 -1 -1 -1000 -1000 -1000 -10 0.999864
8 3 car -1 -1 -10 258 179 309 203 -1 -1 -1 -1000 -1000 -1000 -10 0.724469
9 0 car -1 -1 -10 796 187 1165 375 -1 -1 -1 -1000 -1000 -1000 -10 0.999939
9 2 car -1 -1 -10 216 179 272 205 -1 -1 -1 -1000 -1000 -1000 -10 0.999749
10 0 car -1 -1 -10 782 184 1136 371 -1 -1 -1 -1000 -1000 -1000 -10 0.999791
10 2 car -1 -1 -10 206 176 267 203 -1 -1 -1 -1000 -1000 -1000 -10 0.989666
10 4 car -1 -1 -10 852 201 998 241 -1 -1 -1 -1000 -1000 -1000 -10 0.384155
11 0 car -1 -1 -10 781 187 1100 363 -1 -1 -1 -1000 -1000 -1000 -10 0.999966
11 2 car -1 -1 -10 191 179 252 203 -1 -1 -1 -1000 -1000 -1000 -10 0.988879
11 5 car -1 -1 -10 232 175 285 201 -1 -1 -1 -1000 -1000 -1000 -10 0.993828
12 0 car -1 -1 -10 774 191 1076 352 -1 -1 -1 -1000 -1000 -1000 -10 0.999995
12 2 car -1 -1 -10 188 177 243 206 -1 -1 -1 -1000 -1000 -1000 -10 0.998712
12 5 car -1 -1 -10 220 176 280 202 -1 -1 -1 -1000 -1000 -1000 -10 0.947561
13 0 car -1 -1 -10 764 189 1055 340 -1 -1 -1 -1000 -1000 -1000 -10 0.999976
13 2 car -1 -1 -10 170 177 234 209 -1 -1 -1 -1000 -1000 -1000 -10 0.999463
13 6 car -1 -1 -10 214 177 272 204 -1 -1 -1 -1000 -1000 -1000 -10 0.948781
14 0 car -1 -1 -10 761 188 1038 335 -1 -1 -1 -1000 -1000 -1000 -10 0.999982
14 2 car -1 -1 -10 160 181 228 212 -1 -1 -1 -1000 -1000 -1000 -10 0.999664
14 6 car -1 -1 -10 209 179 264 206 -1 -1 -1 -1000 -1000 -1000 -10 0.853964
15 0 car -1 -1 -10 768 184 1009 333 -1 -1 -1 -1000 -1000 -1000 -10 0.999959
15 2 car -1 -1 -10 147 183 216 215 -1 -1 -1 -1000 -1000 -1000 -10 0.999754
15 7 car -1 -1 -10 193 179 259 210 -1 -1 -1 -1000 -1000 -1000 -10 0.975664
16 0 car -1 -1 -10 757 184 998 326 -1 -1 -1 -1000 -1000 -1000 -10 0.999959
16 2 car -1 -1 -10 132 183 206 216 -1 -1 -1 -1000 -1000 -1000 -10 0.99997
16 6 car -1 -1 -10 184 180 249 212 -1 -1 -1 -1000 -1000 -1000 -10 0.987892
17 0 car -1 -1 -10 758 187 977 317 -1 -1 -1 -1000 -1000 -1000 -10 0.999869
17 2 car -1 -1 -10 118 182 193 216 -1 -1 -1 -1000 -1000 -1000 -10 0.999979
17 6 car -1 -1 -10 172 179 240 211 -1 -1 -1 -1000 -1000 -1000 -10 0.988056
18 0 car -1 -1 -10 745 188 972 307 -1 -1 -1 -1000 -1000 -1000 -10 0.999928
18 2 car -1 -1 -10 98 182 180 218 -1 -1 -1 -1000 -1000 -1000 -10 0.999943
18 6 car -1 -1 -10 160 178 229 213 -1 -1 -1 -1000 -1000 -1000 -10 0.948085
19 0 car -1 -1 -10 742 186 953 305 -1 -1 -1 -1000 -1000 -1000 -10 0.999922
19 2 car -1 -1 -10 79 182 167 221 -1 -1 -1 -1000 -1000 -1000 -10 0.999973
19 6 car -1 -1 -10 142 178 218 215 -1 -1 -1 -1000 -1000 -1000 -10 0.993893
20 0 car -1 -1 -10 742 184 941 302 -1 -1 -1 -1000 -1000 -1000 -10 0.999995
20 2 car -1 -1 -10 58 183 149 224 -1 -1 -1 -1000 -1000 -1000 -10 0.99999
20 6 car -1 -1 -10 132 182 204 217 -1 -1 -1 -1000 -1000 -1000 -10 0.996956
21 0 car -1 -1 -10 741 184 927 299 -1 -1 -1 -1000 -1000 -1000 -10 0.999996
21 2 car -1 -1 -10 36 183 134 227 -1 -1 -1 -1000 -1000 -1000 -10 0.999983
21 6 car -1 -1 -10 120 181 193 218 -1 -1 -1 -1000 -1000 -1000 -10 0.99895
22 0 car -1 -1 -10 735 184 916 293 -1 -1 -1 -1000 -1000 -1000 -10 0.999996
22 2 car -1 -1 -10 11 186 113 232 -1 -1 -1 -1000 -1000 -1000 -10 0.999855
22 6 car -1 -1 -10 98 184 177 222 -1 -1 -1 -1000 -1000 -1000 -10 0.999508
23 0 car -1 -1 -10 731 185 903 290 -1 -1 -1 -1000 -1000 -1000 -10 0.999996
23 2 car -1 -1 -10 0 185 97 236 -1 -1 -1 -1000 -1000 -1000 -10 0.999168
23 6 car -1 -1 -10 81 185 166 222 -1 -1 -1 -1000 -1000 -1000 -10 0.999685
24 0 car -1 -1 -10 722 185 891 283 -1 -1 -1 -1000 -1000 -1000 -10 0.999979
24 2 car -1 -1 -10 0 184 74 236 -1 -1 -1 -1000 -1000 -1000 -10 0.987425
24 6 car -1 -1 -10 59 184 136 223 -1 -1 -1 -1000 -1000 -1000 -10 0.99136
24 8 car -1 -1 -10 1101 154 1242 366 -1 -1 -1 -1000 -1000 -1000 -10 0.626798
25 0 car -1 -1 -10 721 184 885 279 -1 -1 -1 -1000 -1000 -1000 -10 0.999959
25 2 car -1 -1 -10 0 180 86 233 -1 -1 -1 -1000 -1000 -1000 -10 0.934399
25 8 car -1 -1 -10 1071 176 1242 370 -1 -1 -1 -1000 -1000 -1000 -10 0.898223
26 0 car -1 -1 -10 717 185 872 276 -1 -1 -1 -1000 -1000 -1000 -10 0.999927
26 2 car -1 -1 -10 2 181 109 224 -1 -1 -1 -1000 -1000 -1000 -10 0.999871
26 8 car -1 -1 -10 1038 164 1242 367 -1 -1 -1 -1000 -1000 -1000 -10 0.994111
27 0 car -1 -1 -10 714 183 858 277 -1 -1 -1 -1000 -1000 -1000 -10 0.999808
27 2 car -1 -1 -10 0 178 87 233 -1 -1 -1 -1000 -1000 -1000 -10 0.999635
27 8 car -1 -1 -10 998 163 1242 366 -1 -1 -1 -1000 -1000 -1000 -10 0.992618
28 0 car -1 -1 -10 709 185 849 274 -1 -1 -1 -1000 -1000 -1000 -10 0.999927
28 2 car -1 -1 -10 0 183 63 235 -1 -1 -1 -1000 -1000 -1000 -10 0.96072
28 8 car -1 -1 -10 979 162 1242 367 -1 -1 -1 -1000 -1000 -1000 -10 0.999603
29 0 car -1 -1 -10 705 185 838 274 -1 -1 -1 -1000 -1000 -1000 -10 0.999974
29 2 car -1 -1 -10 0 187 39 234 -1 -1 -1 -1000 -1000 -1000 -10 0.976064
29 8 car -1 -1 -10 971 171 1242 367 -1 -1 -1 -1000 -1000 -1000 -10 0.999836
30 0 car -1 -1 -10 701 183 829 270 -1 -1 -1 -1000 -1000 -1000 -10 0.999987
30 8 car -1 -1 -10 960 172 1242 372 -1 -1 -1 -1000 -1000 -1000 -10 0.99948
31 0 car -1 -1 -10 696 179 817 267 -1 -1 -1 -1000 -1000 -1000 -10 0.99999
31 8 car -1 -1 -10 928 164 1242 370 -1 -1 -1 -1000 -1000 -1000 -10 0.999757
32 0 car -1 -1 -10 690 180 804 265 -1 -1 -1 -1000 -1000 -1000 -10 0.999994
32 8 car -1 -1 -10 912 163 1242 372 -1 -1 -1 -1000 -1000 -1000 -10 0.999917
33 0 car -1 -1 -10 685 180 793 259 -1 -1 -1 -1000 -1000 -1000 -10 0.999998
33 8 car -1 -1 -10 895 157 1242 373 -1 -1 -1 -1000 -1000 -1000 -10 0.999767
34 0 car -1 -1 -10 676 179 781 257 -1 -1 -1 -1000 -1000 -1000 -10 0.999996
34 8 car -1 -1 -10 876 158 1242 373 -1 -1 -1 -1000 -1000 -1000 -10 0.999842
35 0 car -1 -1 -10 670 179 773 252 -1 -1 -1 -1000 -1000 -1000 -10 0.999999
35 8 car -1 -1 -10 852 157 1242 371 -1 -1 -1 -1000 -1000 -1000 -10 0.999946
36 0 car -1 -1 -10 662 178 759 250 -1 -1 -1 -1000 -1000 -1000 -10 0.999997
36 8 car -1 -1 -10 832 160 1242 372 -1 -1 -1 -1000 -1000 -1000 -10 0.999954
37 0 car -1 -1 -10 653 177 751 247 -1 -1 -1 -1000 -1000 -1000 -10 0.999994
37 8 car -1 -1 -10 810 170 1242 369 -1 -1 -1 -1000 -1000 -1000 -10 0.999913
38 0 car -1 -1 -10 647 178 741 246 -1 -1 -1 -1000 -1000 -1000 -10 0.999994
38 8 car -1 -1 -10 795 166 1224 370 -1 -1 -1 -1000 -1000 -1000 -10 0.999958
39 0 car -1 -1 -10 639 179 733 244 -1 -1 -1 -1000 -1000 -1000 -10 0.999986
39 8 car -1 -1 -10 781 162 1164 372 -1 -1 -1 -1000 -1000 -1000 -10 0.999983
40 0 car -1 -1 -10 635 180 722 243 -1 -1 -1 -1000 -1000 -1000 -10 0.999977
40 8 car -1 -1 -10 766 162 1118 371 -1 -1 -1 -1000 -1000 -1000 -10 0.999967
41 0 car -1 -1 -10 629 181 711 242 -1 -1 -1 -1000 -1000 -1000 -10 0.999983
41 8 car -1 -1 -10 751 163 1066 371 -1 -1 -1 -1000 -1000 -1000 -10 0.999894
42 0 car -1 -1 -10 622 181 704 242 -1 -1 -1 -1000 -1000 -1000 -10 0.999983
42 8 car -1 -1 -10 736 168 1030 364 -1 -1 -1 -1000 -1000 -1000 -10 0.99999
43 0 car -1 -1 -10 615 182 693 239 -1 -1 -1 -1000 -1000 -1000 -10 0.999992
43 8 car -1 -1 -10 719 170 997 353 -1 -1 -1 -1000 -1000 -1000 -10 0.99999
44 0 car -1 -1 -10 610 182 684 237 -1 -1 -1 -1000 -1000 -1000 -10 0.999988
44 8 car -1 -1 -10 714 165 954 345 -1 -1 -1 -1000 -1000 -1000 -10 0.999993
45 0 car -1 -1 -10 603 183 676 237 -1 -1 -1 -1000 -1000 -1000 -10 0.999988
45 8 car -1 -1 -10 699 172 925 332 -1 -1 -1 -1000 -1000 -1000 -10 0.999998
46 0 car -1 -1 -10 598 184 668 235 -1 -1 -1 -1000 -1000 -1000 -10 0.999984
46 8 car -1 -1 -10 686 170 901 331 -1 -1 -1 -1000 -1000 -1000 -10 0.999987
47 0 car -1 -1 -10 593 185 660 235 -1 -1 -1 -1000 -1000 -1000 -10 0.999988
47 8 car -1 -1 -10 678 175 871 319 -1 -1 -1 -1000 -1000 -1000 -10 0.999981
48 0 car -1 -1 -10 588 186 655 235 -1 -1 -1 -1000 -1000 -1000 -10 0.999979
48 8 car -1 -1 -10 662 176 851 318 -1 -1 -1 -1000 -1000 -1000 -10 0.999976
49 0 car -1 -1 -10 582 183 647 231 -1 -1 -1 -1000 -1000 -1000 -10 0.999988
49 8 car -1 -1 -10 658 177 825 313 -1 -1 -1 -1000 -1000 -1000 -10 0.999923
50 0 car -1 -1 -10 580 182 642 229 -1 -1 -1 -1000 -1000 -1000 -10 0.999991
50 8 car -1 -1 -10 646 167 809 306 -1 -1 -1 -1000 -1000 -1000 -10 0.999973
51 0 car -1 -1 -10 573 179 636 227 -1 -1 -1 -1000 -1000 -1000 -10 0.999988
51 8 car -1 -1 -10 640 164 793 302 -1 -1 -1 -1000 -1000 -1000 -10 0.999995
52 0 car -1 -1 -10 570 179 632 225 -1 -1 -1 -1000 -1000 -1000 -10 0.999979
52 8 car -1 -1 -10 631 168 781 293 -1 -1 -1 -1000 -1000 -1000 -10 0.999954
53 0 car -1 -1 -10 567 178 626 224 -1 -1 -1 -1000 -1000 -1000 -10 0.99999
53 8 car -1 -1 -10 625 164 764 289 -1 -1 -1 -1000 -1000 -1000 -10 0.999948
54 0 car -1 -1 -10 562 181 622 225 -1 -1 -1 -1000 -1000 -1000 -10 0.999991
54 8 car -1 -1 -10 613 167 750 286 -1 -1 -1 -1000 -1000 -1000 -10 0.9996
54 9 car -1 -1 -10 251 179 290 200 -1 -1 -1 -1000 -1000 -1000 -10 0.352148
55 0 car -1 -1 -10 560 183 616 226 -1 -1 -1 -1000 -1000 -1000 -10 0.999943
55 8 car -1 -1 -10 609 166 738 286 -1 -1 -1 -1000 -1000 -1000 -10 0.999297
55 9 car -1 -1 -10 244 179 284 203 -1 -1 -1 -1000 -1000 -1000 -10 0.486743
56 0 car -1 -1 -10 556 184 612 226 -1 -1 -1 -1000 -1000 -1000 -10 0.999884
56 8 car -1 -1 -10 603 167 726 281 -1 -1 -1 -1000 -1000 -1000 -10 0.999734
56 9 car -1 -1 -10 240 180 280 203 -1 -1 -1 -1000 -1000 -1000 -10 0.921776
57 0 car -1 -1 -10 554 184 609 226 -1 -1 -1 -1000 -1000 -1000 -10 0.999887
57 8 car -1 -1 -10 598 169 719 279 -1 -1 -1 -1000 -1000 -1000 -10 0.999819
57 9 car -1 -1 -10 233 181 274 204 -1 -1 -1 -1000 -1000 -1000 -10 0.966239
58 0 car -1 -1 -10 553 182 608 225 -1 -1 -1 -1000 -1000 -1000 -10 0.999787
58 8 car -1 -1 -10 594 166 706 275 -1 -1 -1 -1000 -1000 -1000 -10 0.999839
58 9 car -1 -1 -10 228 180 272 203 -1 -1 -1 -1000 -1000 -1000 -10 0.990812
59 0 car -1 -1 -10 551 182 604 224 -1 -1 -1 -1000 -1000 -1000 -10 0.999522
59 8 car -1 -1 -10 591 166 698 274 -1 -1 -1 -1000 -1000 -1000 -10 0.999881
59 9 car -1 -1 -10 224 180 270 204 -1 -1 -1 -1000 -1000 -1000 -10 0.963047
60 0 car -1 -1 -10 551 182 603 224 -1 -1 -1 -1000 -1000 -1000 -10 0.999367
60 8 car -1 -1 -10 589 168 691 271 -1 -1 -1 -1000 -1000 -1000 -10 0.999904
60 9 car -1 -1 -10 220 179 264 204 -1 -1 -1 -1000 -1000 -1000 -10 0.921303
61 0 car -1 -1 -10 551 184 599 224 -1 -1 -1 -1000 -1000 -1000 -10 0.999471
61 8 car -1 -1 -10 587 169 685 268 -1 -1 -1 -1000 -1000 -1000 -10 0.999969
61 9 car -1 -1 -10 215 179 263 204 -1 -1 -1 -1000 -1000 -1000 -10 0.932445
62 0 car -1 -1 -10 550 184 595 222 -1 -1 -1 -1000 -1000 -1000 -10 0.99917
62 8 car -1 -1 -10 581 169 679 266 -1 -1 -1 -1000 -1000 -1000 -10 0.999958
62 9 car -1 -1 -10 207 179 256 203 -1 -1 -1 -1000 -1000 -1000 -10 0.976606
63 0 car -1 -1 -10 548 184 594 222 -1 -1 -1 -1000 -1000 -1000 -10 0.997325
63 8 car -1 -1 -10 580 169 669 264 -1 -1 -1 -1000 -1000 -1000 -10 0.999922
63 9 car -1 -1 -10 199 178 252 203 -1 -1 -1 -1000 -1000 -1000 -10 0.986686
64 0 car -1 -1 -10 546 184 588 221 -1 -1 -1 -1000 -1000 -1000 -10 0.998534
64 8 car -1 -1 -10 575 170 662 261 -1 -1 -1 -1000 -1000 -1000 -10 0.999901
64 9 car -1 -1 -10 190 178 245 203 -1 -1 -1 -1000 -1000 -1000 -10 0.977915
64 10 car -1 -1 -10 355 167 390 192 -1 -1 -1 -1000 -1000 -1000 -10 0.482753
65 0 car -1 -1 -10 545 185 587 222 -1 -1 -1 -1000 -1000 -1000 -10 0.991412
65 8 car -1 -1 -10 571 171 658 260 -1 -1 -1 -1000 -1000 -1000 -10 0.999966
65 9 car -1 -1 -10 181 180 236 208 -1 -1 -1 -1000 -1000 -1000 -10 0.897384
65 10 car -1 -1 -10 352 170 384 195 -1 -1 -1 -1000 -1000 -1000 -10 0.883516
66 0 car -1 -1 -10 544 189 585 224 -1 -1 -1 -1000 -1000 -1000 -10 0.996255
66 8 car -1 -1 -10 568 177 652 261 -1 -1 -1 -1000 -1000 -1000 -10 0.999957
66 9 car -1 -1 -10 173 184 228 213 -1 -1 -1 -1000 -1000 -1000 -10 0.976575
66 10 car -1 -1 -10 348 172 381 198 -1 -1 -1 -1000 -1000 -1000 -10 0.490119
67 0 car -1 -1 -10 540 192 581 227 -1 -1 -1 -1000 -1000 -1000 -10 0.983461
67 8 car -1 -1 -10 565 179 646 263 -1 -1 -1 -1000 -1000 -1000 -10 0.999935
67 9 car -1 -1 -10 162 188 221 214 -1 -1 -1 -1000 -1000 -1000 -10 0.987306
67 11 car -1 -1 -10 0 164 63 235 -1 -1 -1 -1000 -1000 -1000 -10 0.668705
68 8 car -1 -1 -10 562 175 642 257 -1 -1 -1 -1000 -1000 -1000 -10 0.99968
68 9 car -1 -1 -10 155 184 214 213 -1 -1 -1 -1000 -1000 -1000 -10 0.971888
68 10 car -1 -1 -10 336 172 372 198 -1 -1 -1 -1000 -1000 -1000 -10 0.872242
68 11 car -1 -1 -10 0 164 51 230 -1 -1 -1 -1000 -1000 -1000 -10 0.770304
68 12 car -1 -1 -10 540 187 582 223 -1 -1 -1 -1000 -1000 -1000 -10 0.996044
69 0 car -1 -1 -10 541 183 581 216 -1 -1 -1 -1000 -1000 -1000 -10 0.989849
69 8 car -1 -1 -10 561 175 635 247 -1 -1 -1 -1000 -1000 -1000 -10 0.999696
69 9 car -1 -1 -10 141 180 208 209 -1 -1 -1 -1000 -1000 -1000 -10 0.990519
69 10 car -1 -1 -10 328 168 366 194 -1 -1 -1 -1000 -1000 -1000 -10 0.980644
69 11 car -1 -1 -10 0 165 33 223 -1 -1 -1 -1000 -1000 -1000 -10 0.953622
70 0 car -1 -1 -10 537 182 575 215 -1 -1 -1 -1000 -1000 -1000 -10 0.810825
70 8 car -1 -1 -10 558 172 632 247 -1 -1 -1 -1000 -1000 -1000 -10 0.999743
70 10 car -1 -1 -10 131 176 203 206 -1 -1 -1 -1000 -1000 -1000 -10 0.999271
70 11 car -1 -1 -10 14 174 106 217 -1 -1 -1 -1000 -1000 -1000 -10 0.902294
70 13 car -1 -1 -10 319 166 365 192 -1 -1 -1 -1000 -1000 -1000 -10 0.689062
71 8 car -1 -1 -10 557 174 627 244 -1 -1 -1 -1000 -1000 -1000 -10 0.999486
71 10 car -1 -1 -10 119 177 193 207 -1 -1 -1 -1000 -1000 -1000 -10 0.973502
71 11 car -1 -1 -10 0 174 90 217 -1 -1 -1 -1000 -1000 -1000 -10 0.993345
72 0 car -1 -1 -10 537 181 574 216 -1 -1 -1 -1000 -1000 -1000 -10 0.585742
72 8 car -1 -1 -10 554 175 622 244 -1 -1 -1 -1000 -1000 -1000 -10 0.999333
72 11 car -1 -1 -10 0 177 75 221 -1 -1 -1 -1000 -1000 -1000 -10 0.984942
72 13 car -1 -1 -10 109 176 182 210 -1 -1 -1 -1000 -1000 -1000 -10 0.997872
73 8 car -1 -1 -10 553 174 620 246 -1 -1 -1 -1000 -1000 -1000 -10 0.999895
73 9 car -1 -1 -10 96 179 171 210 -1 -1 -1 -1000 -1000 -1000 -10 0.98407
74 8 car -1 -1 -10 551 175 619 246 -1 -1 -1 -1000 -1000 -1000 -10 0.999942
74 9 car -1 -1 -10 74 179 160 213 -1 -1 -1 -1000 -1000 -1000 -10 0.999321
75 8 car -1 -1 -10 550 178 618 243 -1 -1 -1 -1000 -1000 -1000 -10 0.999948
75 9 car -1 -1 -10 67 178 148 212 -1 -1 -1 -1000 -1000 -1000 -10 0.99979
75 13 car -1 -1 -10 275 162 325 200 -1 -1 -1 -1000 -1000 -1000 -10 0.457731
76 8 car -1 -1 -10 550 178 616 242 -1 -1 -1 -1000 -1000 -1000 -10 0.999932
76 9 car -1 -1 -10 54 178 138 212 -1 -1 -1 -1000 -1000 -1000 -10 0.99995
76 13 car -1 -1 -10 260 162 319 201 -1 -1 -1 -1000 -1000 -1000 -10 0.747419
77 8 car -1 -1 -10 551 180 615 240 -1 -1 -1 -1000 -1000 -1000 -10 0.999886
77 9 car -1 -1 -10 38 178 127 214 -1 -1 -1 -1000 -1000 -1000 -10 0.999967
77 13 car -1 -1 -10 249 162 309 202 -1 -1 -1 -1000 -1000 -1000 -10 0.995106
78 8 car -1 -1 -10 549 180 614 241 -1 -1 -1 -1000 -1000 -1000 -10 0.999934
78 9 car -1 -1 -10 20 177 119 215 -1 -1 -1 -1000 -1000 -1000 -10 0.999776
78 13 car -1 -1 -10 238 160 297 203 -1 -1 -1 -1000 -1000 -1000 -10 0.998305
79 8 car -1 -1 -10 550 181 615 239 -1 -1 -1 -1000 -1000 -1000 -10 0.999944
79 9 car -1 -1 -10 2 176 103 215 -1 -1 -1 -1000 -1000 -1000 -10 0.999817
79 13 car -1 -1 -10 219 159 284 204 -1 -1 -1 -1000 -1000 -1000 -10 0.999922
80 8 car -1 -1 -10 549 175 613 237 -1 -1 -1 -1000 -1000 -1000 -10 0.999959
80 9 car -1 -1 -10 0 174 91 217 -1 -1 -1 -1000 -1000 -1000 -10 0.999527
80 13 car -1 -1 -10 200 156 273 206 -1 -1 -1 -1000 -1000 -1000 -10 0.999886
81 8 car -1 -1 -10 552 175 611 235 -1 -1 -1 -1000 -1000 -1000 -10 0.99998
81 9 car -1 -1 -10 0 174 83 218 -1 -1 -1 -1000 -1000 -1000 -10 0.989458
81 13 car -1 -1 -10 179 154 258 206 -1 -1 -1 -1000 -1000 -1000 -10 0.999945
82 8 car -1 -1 -10 555 178 612 234 -1 -1 -1 -1000 -1000 -1000 -10 0.999981
82 9 car -1 -1 -10 0 173 59 215 -1 -1 -1 -1000 -1000 -1000 -10 0.873958
82 13 car -1 -1 -10 153 155 241 209 -1 -1 -1 -1000 -1000 -1000 -10 0.999932
83 8 car -1 -1 -10 556 182 614 236 -1 -1 -1 -1000 -1000 -1000 -10 0.99996
83 9 car -1 -1 -10 0 172 50 217 -1 -1 -1 -1000 -1000 -1000 -10 0.978053
83 13 car -1 -1 -10 122 150 217 215 -1 -1 -1 -1000 -1000 -1000 -10 0.999946
84 8 car -1 -1 -10 558 182 615 236 -1 -1 -1 -1000 -1000 -1000 -10 0.999967
84 9 car -1 -1 -10 0 171 39 217 -1 -1 -1 -1000 -1000 -1000 -10 0.942066
84 13 car -1 -1 -10 86 147 193 218 -1 -1 -1 -1000 -1000 -1000 -10 0.999975
85 8 car -1 -1 -10 559 176 613 235 -1 -1 -1 -1000 -1000 -1000 -10 0.999972
85 13 car -1 -1 -10 40 142 165 220 -1 -1 -1 -1000 -1000 -1000 -10 0.99999
86 8 car -1 -1 -10 560 174 613 233 -1 -1 -1 -1000 -1000 -1000 -10 0.999984
86 13 car -1 -1 -10 0 140 141 221 -1 -1 -1 -1000 -1000 -1000 -10 0.999461
87 8 car -1 -1 -10 561 173 614 232 -1 -1 -1 -1000 -1000 -1000 -10 0.999985
87 13 car -1 -1 -10 0 134 95 222 -1 -1 -1 -1000 -1000 -1000 -10 0.994838
88 8 car -1 -1 -10 560 174 614 231 -1 -1 -1 -1000 -1000 -1000 -10 0.999982
88 9 car -1 -1 -10 0 139 51 217 -1 -1 -1 -1000 -1000 -1000 -10 0.92567
89 8 car -1 -1 -10 560 175 614 230 -1 -1 -1 -1000 -1000 -1000 -10 0.99998
90 8 car -1 -1 -10 560 175 614 230 -1 -1 -1 -1000 -1000 -1000 -10 0.99997
91 8 car -1 -1 -10 561 176 613 229 -1 -1 -1 -1000 -1000 -1000 -10 0.99991
92 8 car -1 -1 -10 564 176 616 229 -1 -1 -1 -1000 -1000 -1000 -10 0.999946
93 8 car -1 -1 -10 564 176 616 229 -1 -1 -1 -1000 -1000 -1000 -10 0.9999
94 8 car -1 -1 -10 563 176 613 228 -1 -1 -1 -1000 -1000 -1000 -10 0.9999
95 8 car -1 -1 -10 563 174 614 226 -1 -1 -1 -1000 -1000 -1000 -10 0.999857
96 8 car -1 -1 -10 565 175 616 224 -1 -1 -1 -1000 -1000 -1000 -10 0.999814
97 8 car -1 -1 -10 564 169 616 221 -1 -1 -1 -1000 -1000 -1000 -10 0.999811
98 8 car -1 -1 -10 566 170 616 220 -1 -1 -1 -1000 -1000 -1000 -10 0.999613
99 14 car -1 -1 -10 566 175 616 224 -1 -1 -1 -1000 -1000 -1000 -10 0.999518
99 15 car -1 -1 -10 268 171 316 191 -1 -1 -1 -1000 -1000 -1000 -10 0.690546
100 8 car -1 -1 -10 568 177 615 224 -1 -1 -1 -1000 -1000 -1000 -10 0.999181
100 15 car -1 -1 -10 260 173 310 193 -1 -1 -1 -1000 -1000 -1000 -10 0.976392
101 8 car -1 -1 -10 568 178 616 224 -1 -1 -1 -1000 -1000 -1000 -10 0.998402
101 15 car -1 -1 -10 254 173 304 195 -1 -1 -1 -1000 -1000 -1000 -10 0.998555
101 16 car -1 -1 -10 291 173 335 193 -1 -1 -1 -1000 -1000 -1000 -10 0.925681
102 8 car -1 -1 -10 566 179 616 225 -1 -1 -1 -1000 -1000 -1000 -10 0.999034
102 15 car -1 -1 -10 246 174 296 197 -1 -1 -1 -1000 -1000 -1000 -10 0.999278
102 16 car -1 -1 -10 314 175 350 194 -1 -1 -1 -1000 -1000 -1000 -10 0.493521
103 8 car -1 -1 -10 567 179 617 226 -1 -1 -1 -1000 -1000 -1000 -10 0.999698
103 15 car -1 -1 -10 238 175 299 201 -1 -1 -1 -1000 -1000 -1000 -10 0.984859
103 16 car -1 -1 -10 314 177 346 194 -1 -1 -1 -1000 -1000 -1000 -10 0.481911
104 8 car -1 -1 -10 567 179 619 224 -1 -1 -1 -1000 -1000 -1000 -10 0.999351
104 15 car -1 -1 -10 228 176 289 201 -1 -1 -1 -1000 -1000 -1000 -10 0.984913
104 16 car -1 -1 -10 305 178 343 197 -1 -1 -1 -1000 -1000 -1000 -10 0.731891
104 17 car -1 -1 -10 271 177 320 199 -1 -1 -1 -1000 -1000 -1000 -10 0.422229
105 8 car -1 -1 -10 569 179 619 222 -1 -1 -1 -1000 -1000 -1000 -10 0.997504
105 15 car -1 -1 -10 222 177 274 201 -1 -1 -1 -1000 -1000 -1000 -10 0.998679
105 16 car -1 -1 -10 301 177 339 196 -1 -1 -1 -1000 -1000 -1000 -10 0.932449
105 18 car -1 -1 -10 267 176 312 200 -1 -1 -1 -1000 -1000 -1000 -10 0.983409
106 8 car -1 -1 -10 571 179 616 219 -1 -1 -1 -1000 -1000 -1000 -10 0.994896
106 15 car -1 -1 -10 210 174 268 202 -1 -1 -1 -1000 -1000 -1000 -10 0.909156
106 18 car -1 -1 -10 259 175 306 200 -1 -1 -1 -1000 -1000 -1000 -10 0.980626
106 19 car -1 -1 -10 290 175 333 196 -1 -1 -1 -1000 -1000 -1000 -10 0.796024
107 8 car -1 -1 -10 570 177 618 221 -1 -1 -1 -1000 -1000 -1000 -10 0.992702
107 15 car -1 -1 -10 205 174 261 198 -1 -1 -1 -1000 -1000 -1000 -10 0.895051
107 18 car -1 -1 -10 248 176 300 199 -1 -1 -1 -1000 -1000 -1000 -10 0.962137
107 19 car -1 -1 -10 284 176 330 196 -1 -1 -1 -1000 -1000 -1000 -10 0.789198
108 8 car -1 -1 -10 574 179 617 220 -1 -1 -1 -1000 -1000 -1000 -10 0.997167
108 15 car -1 -1 -10 193 175 249 202 -1 -1 -1 -1000 -1000 -1000 -10 0.998119
108 19 car -1 -1 -10 275 175 324 197 -1 -1 -1 -1000 -1000 -1000 -10 0.947916
108 20 car -1 -1 -10 240 176 294 200 -1 -1 -1 -1000 -1000 -1000 -10 0.924296
109 8 car -1 -1 -10 574 179 616 219 -1 -1 -1 -1000 -1000 -1000 -10 0.997128
109 15 car -1 -1 -10 176 175 240 203 -1 -1 -1 -1000 -1000 -1000 -10 0.998366
109 19 car -1 -1 -10 265 175 319 197 -1 -1 -1 -1000 -1000 -1000 -10 0.873139
109 20 car -1 -1 -10 230 175 285 200 -1 -1 -1 -1000 -1000 -1000 -10 0.804834
110 8 car -1 -1 -10 575 178 617 219 -1 -1 -1 -1000 -1000 -1000 -10 0.997856
110 15 car -1 -1 -10 164 176 230 203 -1 -1 -1 -1000 -1000 -1000 -10 0.999108
110 19 car -1 -1 -10 258 176 313 197 -1 -1 -1 -1000 -1000 -1000 -10 0.428946
110 20 car -1 -1 -10 221 176 279 201 -1 -1 -1 -1000 -1000 -1000 -10 0.543343
111 8 car -1 -1 -10 576 179 618 219 -1 -1 -1 -1000 -1000 -1000 -10 0.996632
111 15 car -1 -1 -10 152 175 219 204 -1 -1 -1 -1000 -1000 -1000 -10 0.999498
111 20 car -1 -1 -10 212 177 269 202 -1 -1 -1 -1000 -1000 -1000 -10 0.887247
111 21 car -1 -1 -10 255 176 305 199 -1 -1 -1 -1000 -1000 -1000 -10 0.885939
112 8 car -1 -1 -10 577 179 618 219 -1 -1 -1 -1000 -1000 -1000 -10 0.998635
112 15 car -1 -1 -10 136 177 211 208 -1 -1 -1 -1000 -1000 -1000 -10 0.999621
112 18 car -1 -1 -10 250 177 298 200 -1 -1 -1 -1000 -1000 -1000 -10 0.93643
112 20 car -1 -1 -10 200 177 260 204 -1 -1 -1 -1000 -1000 -1000 -10 0.918163
113 8 car -1 -1 -10 578 180 618 220 -1 -1 -1 -1000 -1000 -1000 -10 0.999595
113 15 car -1 -1 -10 122 179 195 210 -1 -1 -1 -1000 -1000 -1000 -10 0.999867
113 20 car -1 -1 -10 185 179 254 206 -1 -1 -1 -1000 -1000 -1000 -10 0.981071
113 21 car -1 -1 -10 236 178 294 202 -1 -1 -1 -1000 -1000 -1000 -10 0.899754
114 8 car -1 -1 -10 578 181 618 221 -1 -1 -1 -1000 -1000 -1000 -10 0.999739
114 15 car -1 -1 -10 104 180 182 213 -1 -1 -1 -1000 -1000 -1000 -10 0.999446
114 20 car -1 -1 -10 175 180 243 209 -1 -1 -1 -1000 -1000 -1000 -10 0.993036
114 22 car -1 -1 -10 233 180 284 204 -1 -1 -1 -1000 -1000 -1000 -10 0.438409
115 8 car -1 -1 -10 578 181 620 221 -1 -1 -1 -1000 -1000 -1000 -10 0.9997
115 15 car -1 -1 -10 86 179 169 214 -1 -1 -1 -1000 -1000 -1000 -10 0.999556
115 20 car -1 -1 -10 165 180 233 209 -1 -1 -1 -1000 -1000 -1000 -10 0.997961
116 8 car -1 -1 -10 578 179 620 219 -1 -1 -1 -1000 -1000 -1000 -10 0.999421
116 15 car -1 -1 -10 68 175 154 215 -1 -1 -1 -1000 -1000 -1000 -10 0.999831
116 19 car -1 -1 -10 210 176 271 205 -1 -1 -1 -1000 -1000 -1000 -10 0.578575
116 20 car -1 -1 -10 150 177 222 208 -1 -1 -1 -1000 -1000 -1000 -10 0.999693
117 8 car -1 -1 -10 578 177 620 214 -1 -1 -1 -1000 -1000 -1000 -10 0.999715
117 15 car -1 -1 -10 45 174 138 213 -1 -1 -1 -1000 -1000 -1000 -10 0.999952
117 19 car -1 -1 -10 198 171 266 207 -1 -1 -1 -1000 -1000 -1000 -10 0.407367
117 23 car -1 -1 -10 136 174 212 207 -1 -1 -1 -1000 -1000 -1000 -10 0.999393
118 8 car -1 -1 -10 578 177 620 214 -1 -1 -1 -1000 -1000 -1000 -10 0.999641
118 15 car -1 -1 -10 19 174 120 215 -1 -1 -1 -1000 -1000 -1000 -10 0.999924
118 24 car -1 -1 -10 117 174 198 209 -1 -1 -1 -1000 -1000 -1000 -10 0.999758
119 8 car -1 -1 -10 581 178 619 215 -1 -1 -1 -1000 -1000 -1000 -10 0.998181
119 15 car -1 -1 -10 0 179 98 218 -1 -1 -1 -1000 -1000 -1000 -10 0.998783
119 24 car -1 -1 -10 98 177 188 214 -1 -1 -1 -1000 -1000 -1000 -10 0.999739
120 8 car -1 -1 -10 580 179 618 218 -1 -1 -1 -1000 -1000 -1000 -10 0.998446
120 15 car -1 -1 -10 0 179 75 224 -1 -1 -1 -1000 -1000 -1000 -10 0.998951
120 19 car -1 -1 -10 158 181 233 208 -1 -1 -1 -1000 -1000 -1000 -10 0.337678
120 24 car -1 -1 -10 81 177 188 216 -1 -1 -1 -1000 -1000 -1000 -10 0.997949
121 15 car -1 -1 -10 0 183 53 226 -1 -1 -1 -1000 -1000 -1000 -10 0.995318
121 23 car -1 -1 -10 151 182 218 211 -1 -1 -1 -1000 -1000 -1000 -10 0.998736
121 24 car -1 -1 -10 58 182 154 222 -1 -1 -1 -1000 -1000 -1000 -10 0.995218
121 25 car -1 -1 -10 583 180 618 218 -1 -1 -1 -1000 -1000 -1000 -10 0.999036
122 15 car -1 -1 -10 0 175 26 226 -1 -1 -1 -1000 -1000 -1000 -10 0.829248
122 23 car -1 -1 -10 134 179 203 212 -1 -1 -1 -1000 -1000 -1000 -10 0.99993
122 24 car -1 -1 -10 31 181 140 219 -1 -1 -1 -1000 -1000 -1000 -10 0.901813
122 25 car -1 -1 -10 580 180 618 217 -1 -1 -1 -1000 -1000 -1000 -10 0.999641
123 23 car -1 -1 -10 118 180 192 212 -1 -1 -1 -1000 -1000 -1000 -10 0.999963
123 24 car -1 -1 -10 7 179 118 219 -1 -1 -1 -1000 -1000 -1000 -10 0.978069
123 25 car -1 -1 -10 579 177 619 216 -1 -1 -1 -1000 -1000 -1000 -10 0.999453
124 23 car -1 -1 -10 96 178 181 212 -1 -1 -1 -1000 -1000 -1000 -10 0.999961
124 24 car -1 -1 -10 0 173 97 222 -1 -1 -1 -1000 -1000 -1000 -10 0.999524
124 25 car -1 -1 -10 580 181 618 216 -1 -1 -1 -1000 -1000 -1000 -10 0.998659
125 23 car -1 -1 -10 73 181 165 215 -1 -1 -1 -1000 -1000 -1000 -10 0.999492
125 24 car -1 -1 -10 0 177 79 226 -1 -1 -1 -1000 -1000 -1000 -10 0.993843
125 25 car -1 -1 -10 578 182 618 216 -1 -1 -1 -1000 -1000 -1000 -10 0.999778
126 23 car -1 -1 -10 54 181 149 217 -1 -1 -1 -1000 -1000 -1000 -10 0.999888
126 24 car -1 -1 -10 0 180 49 226 -1 -1 -1 -1000 -1000 -1000 -10 0.992963
126 25 car -1 -1 -10 579 183 619 217 -1 -1 -1 -1000 -1000 -1000 -10 0.999459
127 15 car -1 -1 -10 0 181 27 225 -1 -1 -1 -1000 -1000 -1000 -10 0.882938
127 23 car -1 -1 -10 28 180 132 217 -1 -1 -1 -1000 -1000 -1000 -10 0.998798
127 25 car -1 -1 -10 581 182 620 215 -1 -1 -1 -1000 -1000 -1000 -10 0.997914
128 24 car -1 -1 -10 0 179 110 219 -1 -1 -1 -1000 -1000 -1000 -10 0.997807
128 25 car -1 -1 -10 581 180 620 213 -1 -1 -1 -1000 -1000 -1000 -10 0.998041
129 24 car -1 -1 -10 0 175 89 221 -1 -1 -1 -1000 -1000 -1000 -10 0.997163
129 25 car -1 -1 -10 581 179 620 213 -1 -1 -1 -1000 -1000 -1000 -10 0.998709
130 24 car -1 -1 -10 0 178 63 222 -1 -1 -1 -1000 -1000 -1000 -10 0.750548
130 25 car -1 -1 -10 581 178 620 213 -1 -1 -1 -1000 -1000 -1000 -10 0.998081
131 24 car -1 -1 -10 0 178 47 221 -1 -1 -1 -1000 -1000 -1000 -10 0.969923
131 25 car -1 -1 -10 582 178 620 214 -1 -1 -1 -1000 -1000 -1000 -10 0.999376
132 15 car -1 -1 -10 0 173 27 217 -1 -1 -1 -1000 -1000 -1000 -10 0.361243
132 25 car -1 -1 -10 583 178 621 214 -1 -1 -1 -1000 -1000 -1000 -10 0.999722
133 25 car -1 -1 -10 584 177 621 214 -1 -1 -1 -1000 -1000 -1000 -10 0.999812
134 25 car -1 -1 -10 586 177 622 212 -1 -1 -1 -1000 -1000 -1000 -10 0.999935
135 25 car -1 -1 -10 586 176 623 211 -1 -1 -1 -1000 -1000 -1000 -10 0.999953
136 25 car -1 -1 -10 586 174 624 208 -1 -1 -1 -1000 -1000 -1000 -10 0.9999
137 25 car -1 -1 -10 587 172 625 205 -1 -1 -1 -1000 -1000 -1000 -10 0.999783
138 25 car -1 -1 -10 587 172 625 205 -1 -1 -1 -1000 -1000 -1000 -10 0.999495
139 25 car -1 -1 -10 586 176 624 211 -1 -1 -1 -1000 -1000 -1000 -10 0.999854
140 25 car -1 -1 -10 586 181 624 215 -1 -1 -1 -1000 -1000 -1000 -10 0.999391
141 25 car -1 -1 -10 586 182 623 217 -1 -1 -1 -1000 -1000 -1000 -10 0.99985
142 25 car -1 -1 -10 586 178 623 214 -1 -1 -1 -1000 -1000 -1000 -10 0.999843
143 26 car -1 -1 -10 586 178 623 214 -1 -1 -1 -1000 -1000 -1000 -10 0.999856
