0 0 car -1 -1 -10 433 167 572 221 -1 -1 -1 -1000 -1000 -1000 -10 0.999997
0 1 car -1 -1 -10 63 181 277 244 -1 -1 -1 -1000 -1000 -1000 -10 0.999979
0 2 car -1 -1 -10 807 160 952 250 -1 -1 -1 -1000 -1000 -1000 -10 0.999898
0 3 car -1 -1 -10 927 146 1057 209 -1 -1 -1 -1000 -1000 -1000 -10 0.99959
0 4 car -1 -1 -10 1132 159 1242 224 -1 -1 -1 -1000 -1000 -1000 -10 0.996307
1 0 car -1 -1 -10 403 165 549 224 -1 -1 -1 -1000 -1000 -1000 -10 0.999995
1 1 car -1 -1 -10 0 181 219 252 -1 -1 -1 -1000 -1000 -1000 -10 0.99999
1 2 car -1 -1 -10 830 162 986 250 -1 -1 -1 -1000 -1000 -1000 -10 0.99983
1 3 car -1 -1 -10 923 145 1058 206 -1 -1 -1 -1000 -1000 -1000 -10 0.993208
1 4 car -1 -1 -10 1182 156 1242 226 -1 -1 -1 -1000 -1000 -1000 -10 0.997007
2 0 car -1 -1 -10 367 165 523 225 -1 -1 -1 -1000 -1000 -1000 -10 0.999995
2 1 car -1 -1 -10 0 180 161 255 -1 -1 -1 -1000 -1000 -1000 -10 0.999897
2 2 car -1 -1 -10 855 161 1020 249 -1 -1 -1 -1000 -1000 -1000 -10 0.999903
2 3 car -1 -1 -10 910 142 1051 202 -1 -1 -1 -1000 -1000 -1000 -10 0.999651
2 4 car -1 -1 -10 1213 142 1242 206 -1 -1 -1 -1000 -1000 -1000 -10 0.779341
3 0 car -1 -1 -10 326 164 495 227 -1 -1 -1 -1000 -1000 -1000 -10 0.999934
3 1 car -1 -1 -10 0 178 92 261 -1 -1 -1 -1000 -1000 -1000 -10 0.999229
3 2 car -1 -1 -10 880 153 1056 251 -1 -1 -1 -1000 -1000 -1000 -10 0.999963
3 3 car -1 -1 -10 919 140 1041 203 -1 -1 -1 -1000 -1000 -1000 -10 0.99667
3 4 car -1 -1 -10 1214 144 1242 200 -1 -1 -1 -1000 -1000 -1000 -10 0.949655
4 0 car -1 -1 -10 282 164 462 228 -1 -1 -1 -1000 -1000 -1000 -10 0.999625
4 2 car -1 -1 -10 908 147 1091 250 -1 -1 -1 -1000 -1000 -1000 -10 0.999951
4 3 car -1 -1 -10 891 140 1033 205 -1 -1 -1 -1000 -1000 -1000 -10 0.999394
4 4 car -1 -1 -10 1207 148 1242 197 -1 -1 -1 -1000 -1000 -1000 -10 0.878314
5 0 car -1 -1 -10 218 165 432 232 -1 -1 -1 -1000 -1000 -1000 -10 0.999959
5 2 car -1 -1 -10 938 148 1126 251 -1 -1 -1 -1000 -1000 -1000 -10 0.999989
5 3 car -1 -1 -10 872 140 1021 208 -1 -1 -1 -1000 -1000 -1000 -10 0.999911
5 4 car -1 -1 -10 1199 150 1242 195 -1 -1 -1 -1000 -1000 -1000 -10 0.975303
6 0 car -1 -1 -10 157 162 385 241 -1 -1 -1 -1000 -1000 -1000 -10 0.999982
6 2 car -1 -1 -10 966 151 1164 254 -1 -1 -1 -1000 -1000 -1000 -10 0.999995
6 3 car -1 -1 -10 849 140 1012 209 -1 -1 -1 -1000 -1000 -1000 -10 0.999937
6 4 car -1 -1 -10 1194 151 1242 198 -1 -1 -1 -1000 -1000 -1000 -10 0.886239
7 0 car -1 -1 -10 77 163 341 248 -1 -1 -1 -1000 -1000 -1000 -10 0.99995
7 2 car -1 -1 -10 991 153 1200 256 -1 -1 -1 -1000 -1000 -1000 -10 0.999982
7 3 car -1 -1 -10 832 139 996 215 -1 -1 -1 -1000 -1000 -1000 -10 0.999916
7 4 car -1 -1 -10 1179 154 1242 205 -1 -1 -1 -1000 -1000 -1000 -10 0.964329
8 0 car -1 -1 -10 0 166 279 255 -1 -1 -1 -1000 -1000 -1000 -10 0.999964
8 2 car -1 -1 -10 1018 153 1238 258 -1 -1 -1 -1000 -1000 -1000 -10 0.999967
8 3 car -1 -1 -10 806 142 973 219 -1 -1 -1 -1000 -1000 -1000 -10 0.999912
8 4 car -1 -1 -10 1158 152 1242 209 -1 -1 -1 -1000 -1000 -1000 -10 0.877559
9 0 car -1 -1 -10 0 166 201 265 -1 -1 -1 -1000 -1000 -1000 -10 0.999947
9 2 car -1 -1 -10 1044 154 1242 256 -1 -1 -1 -1000 -1000 -1000 -10 0.999563
9 3 car -1 -1 -10 780 142 943 220 -1 -1 -1 -1000 -1000 -1000 -10 0.999913
10 1 car -1 -1 -10 0 171 127 269 -1 -1 -1 -1000 -1000 -1000 -10 0.999428
10 2 car -1 -1 -10 1065 153 1242 258 -1 -1 -1 -1000 -1000 -1000 -10 0.999943
10 3 car -1 -1 -10 746 143 919 221 -1 -1 -1 -1000 -1000 -1000 -10 0.999929
11 2 car -1 -1 -10 1086 158 1242 261 -1 -1 -1 -1000 -1000 -1000 -10 0.99948
11 3 car -1 -1 -10 711 143 887 226 -1 -1 -1 -1000 -1000 -1000 -10 0.999929
12 2 car -1 -1 -10 1105 160 1242 265 -1 -1 -1 -1000 -1000 -1000 -10 0.999888
12 3 car -1 -1 -10 667 150 852 228 -1 -1 -1 -1000 -1000 -1000 -10 0.999972
12 5 car -1 -1 -10 1055 160 1193 219 -1 -1 -1 -1000 -1000 -1000 -10 0.999492
13 2 car -1 -1 -10 1121 166 1242 269 -1 -1 -1 -1000 -1000 -1000 -10 0.999488
13 3 car -1 -1 -10 619 153 813 234 -1 -1 -1 -1000 -1000 -1000 -10 0.999996
13 5 car -1 -1 -10 1019 167 1163 220 -1 -1 -1 -1000 -1000 -1000 -10 0.999821
14 2 car -1 -1 -10 1130 170 1242 273 -1 -1 -1 -1000 -1000 -1000 -10 0.998902
14 3 car -1 -1 -10 567 152 766 243 -1 -1 -1 -1000 -1000 -1000 -10 0.999997
14 5 car -1 -1 -10 979 170 1118 228 -1 -1 -1 -1000 -1000 -1000 -10 0.999997
15 2 car -1 -1 -10 1138 169 1242 275 -1 -1 -1 -1000 -1000 -1000 -10 0.998999
15 3 car -1 -1 -10 512 152 717 252 -1 -1 -1 -1000 -1000 -1000 -10 0.999994
15 5 car -1 -1 -10 941 170 1078 231 -1 -1 -1 -1000 -1000 -1000 -10 0.999999
16 2 car -1 -1 -10 1139 174 1242 273 -1 -1 -1 -1000 -1000 -1000 -10 0.989832
16 3 car -1 -1 -10 448 153 663 256 -1 -1 -1 -1000 -1000 -1000 -10 0.999985
16 5 car -1 -1 -10 901 172 1033 234 -1 -1 -1 -1000 -1000 -1000 -10 0.999999
16 6 car -1 -1 -10 1110 177 1210 221 -1 -1 -1 -1000 -1000 -1000 -10 0.953749
17 2 car -1 -1 -10 1138 176 1242 275 -1 -1 -1 -1000 -1000 -1000 -10 0.993609
17 3 car -1 -1 -10 373 154 611 266 -1 -1 -1 -1000 -1000 -1000 -10 0.999962
17 5 car -1 -1 -10 858 173 990 239 -1 -1 -1 -1000 -1000 -1000 -10 0.999996
17 6 car -1 -1 -10 1063 179 1190 223 -1 -1 -1 -1000 -1000 -1000 -10 0.990571
18 2 car -1 -1 -10 1134 177 1242 272 -1 -1 -1 -1000 -1000 -1000 -10 0.998781
18 3 car -1 -1 -10 293 149 545 276 -1 -1 -1 -1000 -1000 -1000 -10 0.999961
18 5 car -1 -1 -10 814 172 947 242 -1 -1 -1 -1000 -1000 -1000 -10 0.999995
18 6 car -1 -1 -10 1027 180 1135 225 -1 -1 -1 -1000 -1000 -1000 -10 0.999882
19 2 car -1 -1 -10 1119 178 1242 267 -1 -1 -1 -1000 -1000 -1000 -10 0.997974
19 3 car -1 -1 -10 191 150 487 287 -1 -1 -1 -1000 -1000 -1000 -10 1
19 5 car -1 -1 -10 768 175 905 243 -1 -1 -1 -1000 -1000 -1000 -10 0.999999
19 6 car -1 -1 -10 988 180 1093 224 -1 -1 -1 -1000 -1000 -1000 -10 0.999955
20 2 car -1 -1 -10 1114 173 1242 264 -1 -1 -1 -1000 -1000 -1000 -10 0.99767
20 3 car -1 -1 -10 76 153 420 299 -1 -1 -1 -1000 -1000 -1000 -10 0.999997
20 5 car -1 -1 -10 721 174 865 246 -1 -1 -1 -1000 -1000 -1000 -10 0.999998
20 6 car -1 -1 -10 951 180 1054 224 -1 -1 -1 -1000 -1000 -1000 -10 0.99993
20 7 car -1 -1 -10 1079 177 1168 215 -1 -1 -1 -1000 -1000 -1000 -10 0.990609
21 2 car -1 -1 -10 1108 172 1242 260 -1 -1 -1 -1000 -1000 -1000 -10 0.999489
21 3 car -1 -1 -10 0 142 325 321 -1 -1 -1 -1000 -1000 -1000 -10 0.999915
21 5 car -1 -1 -10 674 174 824 248 -1 -1 -1 -1000 -1000 -1000 -10 0.999993
21 6 car -1 -1 -10 915 180 1016 224 -1 -1 -1 -1000 -1000 -1000 -10 0.999906
21 7 car -1 -1 -10 1043 175 1124 213 -1 -1 -1 -1000 -1000 -1000 -10 0.99963
22 2 car -1 -1 -10 1095 174 1235 259 -1 -1 -1 -1000 -1000 -1000 -10 0.999375
22 3 car -1 -1 -10 0 154 232 326 -1 -1 -1 -1000 -1000 -1000 -10 0.999903
22 5 car -1 -1 -10 622 176 781 255 -1 -1 -1 -1000 -1000 -1000 -10 0.999933
22 6 car -1 -1 -10 879 181 975 226 -1 -1 -1 -1000 -1000 -1000 -10 0.999983
22 8 car -1 -1 -10 1007 178 1085 214 -1 -1 -1 -1000 -1000 -1000 -10 0.999712
22 9 car -1 -1 -10 1078 180 1136 208 -1 -1 -1 -1000 -1000 -1000 -10 0.977601
23 2 car -1 -1 -10 1079 177 1209 260 -1 -1 -1 -1000 -1000 -1000 -10 0.999858
23 3 car -1 -1 -10 0 159 102 321 -1 -1 -1 -1000 -1000 -1000 -10 0.98108
23 5 car -1 -1 -10 565 181 740 258 -1 -1 -1 -1000 -1000 -1000 -10 0.999959
23 6 car -1 -1 -10 842 182 936 231 -1 -1 -1 -1000 -1000 -1000 -10 0.999903
23 8 car -1 -1 -10 967 181 1043 217 -1 -1 -1 -1000 -1000 -1000 -10 0.999467
23 9 car -1 -1 -10 1038 181 1097 211 -1 -1 -1 -1000 -1000 -1000 -10 0.997556
24 2 car -1 -1 -10 1061 180 1174 263 -1 -1 -1 -1000 -1000 -1000 -10 0.999977
24 5 car -1 -1 -10 501 181 688 268 -1 -1 -1 -1000 -1000 -1000 -10 0.999985
24 6 car -1 -1 -10 800 186 897 233 -1 -1 -1 -1000 -1000 -1000 -10 0.999874
24 7 car -1 -1 -10 1029 186 1076 212 -1 -1 -1 -1000 -1000 -1000 -10 0.979413
24 8 car -1 -1 -10 933 185 1005 221 -1 -1 -1 -1000 -1000 -1000 -10 0.999731
24 10 car -1 -1 -10 999 186 1053 215 -1 -1 -1 -1000 -1000 -1000 -10 0.997614
24 11 car -1 -1 -10 1188 189 1242 225 -1 -1 -1 -1000 -1000 -1000 -10 0.607386
25 2 car -1 -1 -10 1039 181 1144 262 -1 -1 -1 -1000 -1000 -1000 -10 0.999991
25 5 car -1 -1 -10 425 182 632 278 -1 -1 -1 -1000 -1000 -1000 -10 0.999989
25 6 car -1 -1 -10 759 185 861 236 -1 -1 -1 -1000 -1000 -1000 -10 0.999913
25 7 car -1 -1 -10 990 187 1039 213 -1 -1 -1 -1000 -1000 -1000 -10 0.986466
25 8 car -1 -1 -10 895 185 966 221 -1 -1 -1 -1000 -1000 -1000 -10 0.999888
25 10 car -1 -1 -10 962 188 1014 216 -1 -1 -1 -1000 -1000 -1000 -10 0.999478
25 12 car -1 -1 -10 1149 191 1201 226 -1 -1 -1 -1000 -1000 -1000 -10 0.994299
26 2 car -1 -1 -10 1011 178 1110 256 -1 -1 -1 -1000 -1000 -1000 -10 0.999976
26 5 car -1 -1 -10 341 177 572 285 -1 -1 -1 -1000 -1000 -1000 -10 0.999942
26 6 car -1 -1 -10 716 185 815 234 -1 -1 -1 -1000 -1000 -1000 -10 0.999868
26 7 car -1 -1 -10 973 184 1014 207 -1 -1 -1 -1000 -1000 -1000 -10 0.990651
26 8 car -1 -1 -10 856 183 925 219 -1 -1 -1 -1000 -1000 -1000 -10 0.999854
26 10 car -1 -1 -10 922 185 969 214 -1 -1 -1 -1000 -1000 -1000 -10 0.998832
26 12 car -1 -1 -10 1106 189 1153 221 -1 -1 -1 -1000 -1000 -1000 -10 0.998704
26 13 car -1 -1 -10 951 183 995 209 -1 -1 -1 -1000 -1000 -1000 -10 0.984587
27 2 car -1 -1 -10 983 178 1071 252 -1 -1 -1 -1000 -1000 -1000 -10 0.999973
27 5 car -1 -1 -10 227 170 505 297 -1 -1 -1 -1000 -1000 -1000 -10 0.999936
27 6 car -1 -1 -10 666 181 773 239 -1 -1 -1 -1000 -1000 -1000 -10 0.999991
27 7 car -1 -1 -10 1060 186 1105 218 -1 -1 -1 -1000 -1000 -1000 -10 0.998679
27 8 car -1 -1 -10 819 182 883 217 -1 -1 -1 -1000 -1000 -1000 -10 0.999828
27 10 car -1 -1 -10 881 183 928 213 -1 -1 -1 -1000 -1000 -1000 -10 0.999268
27 13 car -1 -1 -10 912 182 951 207 -1 -1 -1 -1000 -1000 -1000 -10 0.99382
27 14 car -1 -1 -10 935 182 976 206 -1 -1 -1 -1000 -1000 -1000 -10 0.971998
28 2 car -1 -1 -10 777 183 843 218 -1 -1 -1 -1000 -1000 -1000 -10 0.999946
28 5 car -1 -1 -10 81 173 431 317 -1 -1 -1 -1000 -1000 -1000 -10 0.99999
28 6 car -1 -1 -10 616 180 726 243 -1 -1 -1 -1000 -1000 -1000 -10 0.999996
28 7 car -1 -1 -10 1009 187 1060 217 -1 -1 -1 -1000 -1000 -1000 -10 0.997335
28 10 car -1 -1 -10 841 183 887 213 -1 -1 -1 -1000 -1000 -1000 -10 0.999628
28 14 car -1 -1 -10 893 182 930 206 -1 -1 -1 -1000 -1000 -1000 -10 0.985105
28 15 car -1 -1 -10 953 181 1033 248 -1 -1 -1 -1000 -1000 -1000 -10 0.999774
28 16 car -1 -1 -10 872 183 908 208 -1 -1 -1 -1000 -1000 -1000 -10 0.997886
29 2 car -1 -1 -10 737 183 803 219 -1 -1 -1 -1000 -1000 -1000 -10 0.999956
29 5 car -1 -1 -10 0 159 331 356 -1 -1 -1 -1000 -1000 -1000 -10 0.999874
29 6 car -1 -1 -10 565 182 680 248 -1 -1 -1 -1000 -1000 -1000 -10 0.999997
29 7 car -1 -1 -10 972 187 1015 216 -1 -1 -1 -1000 -1000 -1000 -10 0.999315
29 10 car -1 -1 -10 801 184 846 214 -1 -1 -1 -1000 -1000 -1000 -10 0.999744
29 14 car -1 -1 -10 852 182 888 206 -1 -1 -1 -1000 -1000 -1000 -10 0.979368
29 15 car -1 -1 -10 921 182 993 246 -1 -1 -1 -1000 -1000 -1000 -10 0.99993
29 16 car -1 -1 -10 830 183 867 208 -1 -1 -1 -1000 -1000 -1000 -10 0.991458
30 2 car -1 -1 -10 696 183 761 220 -1 -1 -1 -1000 -1000 -1000 -10 0.999985
30 5 car -1 -1 -10 0 172 203 354 -1 -1 -1 -1000 -1000 -1000 -10 0.999922
30 6 car -1 -1 -10 507 180 631 250 -1 -1 -1 -1000 -1000 -1000 -10 0.999996
30 7 car -1 -1 -10 932 186 972 214 -1 -1 -1 -1000 -1000 -1000 -10 0.999143
30 10 car -1 -1 -10 760 183 806 214 -1 -1 -1 -1000 -1000 -1000 -10 0.99977
30 14 car -1 -1 -10 815 182 849 206 -1 -1 -1 -1000 -1000 -1000 -10 0.993904
30 15 car -1 -1 -10 888 182 954 243 -1 -1 -1 -1000 -1000 -1000 -10 0.999849
30 16 car -1 -1 -10 788 183 827 209 -1 -1 -1 -1000 -1000 -1000 -10 0.988644
31 2 car -1 -1 -10 654 182 720 221 -1 -1 -1 -1000 -1000 -1000 -10 0.99999
31 6 car -1 -1 -10 442 179 585 255 -1 -1 -1 -1000 -1000 -1000 -10 0.999971
31 10 car -1 -1 -10 723 181 766 214 -1 -1 -1 -1000 -1000 -1000 -10 0.999458
31 14 car -1 -1 -10 890 186 930 212 -1 -1 -1 -1000 -1000 -1000 -10 0.998296
31 15 car -1 -1 -10 854 181 918 241 -1 -1 -1 -1000 -1000 -1000 -10 0.99993
31 17 car -1 -1 -10 751 182 787 208 -1 -1 -1 -1000 -1000 -1000 -10 0.996613
31 18 car -1 -1 -10 774 181 809 206 -1 -1 -1 -1000 -1000 -1000 -10 0.980618
32 2 car -1 -1 -10 612 182 678 222 -1 -1 -1 -1000 -1000 -1000 -10 0.999995
32 6 car -1 -1 -10 363 182 535 260 -1 -1 -1 -1000 -1000 -1000 -10 0.999852
32 10 car -1 -1 -10 683 182 727 213 -1 -1 -1 -1000 -1000 -1000 -10 0.998087
32 14 car -1 -1 -10 850 185 888 212 -1 -1 -1 -1000 -1000 -1000 -10 0.832927
32 15 car -1 -1 -10 821 182 882 238 -1 -1 -1 -1000 -1000 -1000 -10 0.999874
32 18 car -1 -1 -10 712 182 747 208 -1 -1 -1 -1000 -1000 -1000 -10 0.998871
32 19 car -1 -1 -10 736 180 769 204 -1 -1 -1 -1000 -1000 -1000 -10 0.982561
33 2 car -1 -1 -10 568 180 636 222 -1 -1 -1 -1000 -1000 -1000 -10 0.999993
33 6 car -1 -1 -10 276 181 470 270 -1 -1 -1 -1000 -1000 -1000 -10 0.999965
33 10 car -1 -1 -10 641 180 686 213 -1 -1 -1 -1000 -1000 -1000 -10 0.999588
33 14 car -1 -1 -10 809 181 842 208 -1 -1 -1 -1000 -1000 -1000 -10 0.327322
33 15 car -1 -1 -10 788 179 841 234 -1 -1 -1 -1000 -1000 -1000 -10 0.999904
33 18 car -1 -1 -10 673 181 708 207 -1 -1 -1 -1000 -1000 -1000 -10 0.999418
33 19 car -1 -1 -10 695 179 728 202 -1 -1 -1 -1000 -1000 -1000 -10 0.97051
34 2 car -1 -1 -10 519 180 594 223 -1 -1 -1 -1000 -1000 -1000 -10 0.999982
34 6 car -1 -1 -10 158 182 402 284 -1 -1 -1 -1000 -1000 -1000 -10 0.999989
34 10 car -1 -1 -10 600 180 646 213 -1 -1 -1 -1000 -1000 -1000 -10 0.999824
34 13 car -1 -1 -10 657 179 692 202 -1 -1 -1 -1000 -1000 -1000 -10 0.933601
34 15 car -1 -1 -10 753 179 804 232 -1 -1 -1 -1000 -1000 -1000 -10 0.999922
34 18 car -1 -1 -10 633 180 669 206 -1 -1 -1 -1000 -1000 -1000 -10 0.99468
35 2 car -1 -1 -10 474 182 553 225 -1 -1 -1 -1000 -1000 -1000 -10 0.999985
35 6 car -1 -1 -10 20 179 329 308 -1 -1 -1 -1000 -1000 -1000 -10 0.999998
35 10 car -1 -1 -10 559 179 609 214 -1 -1 -1 -1000 -1000 -1000 -10 0.999909
35 13 car -1 -1 -10 620 178 654 203 -1 -1 -1 -1000 -1000 -1000 -10 0.979593
35 15 car -1 -1 -10 719 178 769 231 -1 -1 -1 -1000 -1000 -1000 -10 0.999895
35 18 car -1 -1 -10 596 179 631 207 -1 -1 -1 -1000 -1000 -1000 -10 0.999213
36 2 car -1 -1 -10 427 179 514 230 -1 -1 -1 -1000 -1000 -1000 -10 0.999987
36 5 car -1 -1 -10 0 179 238 341 -1 -1 -1 -1000 -1000 -1000 -10 0.999901
36 10 car -1 -1 -10 520 180 576 216 -1 -1 -1 -1000 -1000 -1000 -10 0.997824
36 13 car -1 -1 -10 558 179 597 208 -1 -1 -1 -1000 -1000 -1000 -10 0.997514
36 15 car -1 -1 -10 688 177 738 230 -1 -1 -1 -1000 -1000 -1000 -10 0.999907
36 20 car -1 -1 -10 585 178 620 203 -1 -1 -1 -1000 -1000 -1000 -10 0.986314
37 2 car -1 -1 -10 375 182 480 235 -1 -1 -1 -1000 -1000 -1000 -10 0.999721
37 5 car -1 -1 -10 0 183 140 342 -1 -1 -1 -1000 -1000 -1000 -10 0.999966
37 10 car -1 -1 -10 488 181 542 216 -1 -1 -1 -1000 -1000 -1000 -10 0.999906
37 13 car -1 -1 -10 526 179 567 209 -1 -1 -1 -1000 -1000 -1000 -10 0.996625
37 15 car -1 -1 -10 661 178 712 227 -1 -1 -1 -1000 -1000 -1000 -10 0.999908
37 20 car -1 -1 -10 557 179 589 203 -1 -1 -1 -1000 -1000 -1000 -10 0.993464
38 2 car -1 -1 -10 332 181 442 240 -1 -1 -1 -1000 -1000 -1000 -10 0.999994
38 10 car -1 -1 -10 455 183 513 217 -1 -1 -1 -1000 -1000 -1000 -10 0.999936
38 13 car -1 -1 -10 497 181 541 210 -1 -1 -1 -1000 -1000 -1000 -10 0.999657
38 15 car -1 -1 -10 639 178 689 227 -1 -1 -1 -1000 -1000 -1000 -10 0.999932
38 20 car -1 -1 -10 529 179 563 204 -1 -1 -1 -1000 -1000 -1000 -10 0.998663
39 2 car -1 -1 -10 287 183 404 247 -1 -1 -1 -1000 -1000 -1000 -10 0.999995
39 13 car -1 -1 -10 470 180 518 213 -1 -1 -1 -1000 -1000 -1000 -10 0.988236
39 15 car -1 -1 -10 621 179 669 226 -1 -1 -1 -1000 -1000 -1000 -10 0.999815
39 20 car -1 -1 -10 508 180 539 205 -1 -1 -1 -1000 -1000 -1000 -10 0.998022
39 21 car -1 -1 -10 427 184 487 220 -1 -1 -1 -1000 -1000 -1000 -10 0.99998
40 2 car -1 -1 -10 234 183 373 254 -1 -1 -1 -1000 -1000 -1000 -10 0.99999
40 13 car -1 -1 -10 451 180 496 215 -1 -1 -1 -1000 -1000 -1000 -10 0.998398
40 15 car -1 -1 -10 605 179 652 225 -1 -1 -1 -1000 -1000 -1000 -10 0.999766
40 20 car -1 -1 -10 488 180 520 205 -1 -1 -1 -1000 -1000 -1000 -10 0.999291
40 21 car -1 -1 -10 399 183 463 223 -1 -1 -1 -1000 -1000 -1000 -10 0.999987
41 2 car -1 -1 -10 180 185 337 263 -1 -1 -1 -1000 -1000 -1000 -10 0.999864
41 13 car -1 -1 -10 433 181 477 215 -1 -1 -1 -1000 -1000 -1000 -10 0.998282
41 15 car -1 -1 -10 591 179 639 225 -1 -1 -1 -1000 -1000 -1000 -10 0.999478
41 20 car -1 -1 -10 470 180 504 207 -1 -1 -1 -1000 -1000 -1000 -10 0.999005
41 21 car -1 -1 -10 374 184 439 225 -1 -1 -1 -1000 -1000 -1000 -10 0.999993
42 2 car -1 -1 -10 109 190 312 271 -1 -1 -1 -1000 -1000 -1000 -10 0.999967
42 13 car -1 -1 -10 414 182 462 216 -1 -1 -1 -1000 -1000 -1000 -10 0.999867
42 15 car -1 -1 -10 581 179 628 225 -1 -1 -1 -1000 -1000 -1000 -10 0.999177
42 20 car -1 -1 -10 454 180 489 207 -1 -1 -1 -1000 -1000 -1000 -10 0.99979
42 21 car -1 -1 -10 349 185 420 229 -1 -1 -1 -1000 -1000 -1000 -10 0.999992
43 2 car -1 -1 -10 42 189 273 284 -1 -1 -1 -1000 -1000 -1000 -10 0.99998
43 13 car -1 -1 -10 398 184 451 218 -1 -1 -1 -1000 -1000 -1000 -10 0.99974
43 15 car -1 -1 -10 574 180 621 225 -1 -1 -1 -1000 -1000 -1000 -10 0.999746
43 20 car -1 -1 -10 443 183 481 209 -1 -1 -1 -1000 -1000 -1000 -10 0.999458
43 21 car -1 -1 -10 325 187 404 234 -1 -1 -1 -1000 -1000 -1000 -10 0.999993
43 22 car -1 -1 -10 466 183 500 206 -1 -1 -1 -1000 -1000 -1000 -10 0.706763
44 2 car -1 -1 -10 0 191 229 299 -1 -1 -1 -1000 -1000 -1000 -10 0.999869
44 15 car -1 -1 -10 571 181 615 224 -1 -1 -1 -1000 -1000 -1000 -10 0.999873
44 20 car -1 -1 -10 435 184 475 212 -1 -1 -1 -1000 -1000 -1000 -10 0.99679
44 21 car -1 -1 -10 301 188 392 239 -1 -1 -1 -1000 -1000 -1000 -10 0.99998
44 22 car -1 -1 -10 461 183 492 208 -1 -1 -1 -1000 -1000 -1000 -10 0.672308
44 23 car -1 -1 -10 384 185 442 221 -1 -1 -1 -1000 -1000 -1000 -10 0.999844
45 2 car -1 -1 -10 0 188 193 325 -1 -1 -1 -1000 -1000 -1000 -10 0.999199
45 13 car -1 -1 -10 429 183 467 214 -1 -1 -1 -1000 -1000 -1000 -10 0.999118
45 15 car -1 -1 -10 568 181 612 224 -1 -1 -1 -1000 -1000 -1000 -10 0.999828
45 21 car -1 -1 -10 275 187 377 244 -1 -1 -1 -1000 -1000 -1000 -10 0.999949
45 22 car -1 -1 -10 455 183 487 209 -1 -1 -1 -1000 -1000 -1000 -10 0.936382
45 23 car -1 -1 -10 373 186 433 222 -1 -1 -1 -1000 -1000 -1000 -10 0.999962
46 5 car -1 -1 -10 0 195 141 326 -1 -1 -1 -1000 -1000 -1000 -10 0.999741
46 13 car -1 -1 -10 421 183 462 215 -1 -1 -1 -1000 -1000 -1000 -10 0.999879
46 15 car -1 -1 -10 566 181 610 223 -1 -1 -1 -1000 -1000 -1000 -10 0.999738
46 21 car -1 -1 -10 249 189 361 252 -1 -1 -1 -1000 -1000 -1000 -10 0.999997
46 22 car -1 -1 -10 451 184 485 210 -1 -1 -1 -1000 -1000 -1000 -10 0.95956
46 23 car -1 -1 -10 361 186 424 226 -1 -1 -1 -1000 -1000 -1000 -10 0.999955
47 5 car -1 -1 -10 0 223 77 330 -1 -1 -1 -1000 -1000 -1000 -10 0.963739
47 13 car -1 -1 -10 415 185 456 214 -1 -1 -1 -1000 -1000 -1000 -10 0.999717
47 15 car -1 -1 -10 566 180 610 223 -1 -1 -1 -1000 -1000 -1000 -10 0.999926
47 21 car -1 -1 -10 220 190 344 259 -1 -1 -1 -1000 -1000 -1000 -10 0.999999
47 22 car -1 -1 -10 449 186 485 210 -1 -1 -1 -1000 -1000 -1000 -10 0.983059
47 23 car -1 -1 -10 348 187 416 227 -1 -1 -1 -1000 -1000 -1000 -10 0.999809
48 13 car -1 -1 -10 409 185 453 215 -1 -1 -1 -1000 -1000 -1000 -10 0.999822
48 15 car -1 -1 -10 566 179 609 222 -1 -1 -1 -1000 -1000 -1000 -10 0.999945
48 21 car -1 -1 -10 184 189 323 266 -1 -1 -1 -1000 -1000 -1000 -10 0.999995
48 22 car -1 -1 -10 445 183 482 210 -1 -1 -1 -1000 -1000 -1000 -10 0.975922
48 23 car -1 -1 -10 333 186 406 233 -1 -1 -1 -1000 -1000 -1000 -10 0.999907
49 13 car -1 -1 -10 403 185 448 215 -1 -1 -1 -1000 -1000 -1000 -10 0.99993
49 15 car -1 -1 -10 567 179 609 221 -1 -1 -1 -1000 -1000 -1000 -10 0.999955
49 21 car -1 -1 -10 139 191 300 271 -1 -1 -1 -1000 -1000 -1000 -10 0.99995
49 22 car -1 -1 -10 444 184 479 209 -1 -1 -1 -1000 -1000 -1000 -10 0.990676
49 23 car -1 -1 -10 318 186 398 234 -1 -1 -1 -1000 -1000 -1000 -10 0.999964
50 13 car -1 -1 -10 395 186 442 218 -1 -1 -1 -1000 -1000 -1000 -10 0.99995
50 15 car -1 -1 -10 567 179 609 221 -1 -1 -1 -1000 -1000 -1000 -10 0.999933
50 21 car -1 -1 -10 80 194 274 283 -1 -1 -1 -1000 -1000 -1000 -10 0.999993
50 22 car -1 -1 -10 442 187 479 211 -1 -1 -1 -1000 -1000 -1000 -10 0.999478
50 23 car -1 -1 -10 300 186 389 240 -1 -1 -1 -1000 -1000 -1000 -10 0.99999
51 2 car -1 -1 -10 16 197 237 298 -1 -1 -1 -1000 -1000 -1000 -10 0.999961
51 13 car -1 -1 -10 439 187 475 213 -1 -1 -1 -1000 -1000 -1000 -10 0.999588
51 15 car -1 -1 -10 568 180 609 222 -1 -1 -1 -1000 -1000 -1000 -10 0.999925
51 23 car -1 -1 -10 281 189 378 245 -1 -1 -1 -1000 -1000 -1000 -10 0.999211
51 24 car -1 -1 -10 385 187 437 221 -1 -1 -1 -1000 -1000 -1000 -10 0.999542
52 2 car -1 -1 -10 0 203 193 323 -1 -1 -1 -1000 -1000 -1000 -10 0.99991
52 13 car -1 -1 -10 437 189 473 214 -1 -1 -1 -1000 -1000 -1000 -10 0.999142
52 15 car -1 -1 -10 568 181 609 222 -1 -1 -1 -1000 -1000 -1000 -10 0.999924
52 23 car -1 -1 -10 253 187 361 253 -1 -1 -1 -1000 -1000 -1000 -10 0.999991
52 24 car -1 -1 -10 376 188 432 224 -1 -1 -1 -1000 -1000 -1000 -10 0.999314
53 2 car -1 -1 -10 0 197 149 343 -1 -1 -1 -1000 -1000 -1000 -10 0.999961
53 13 car -1 -1 -10 433 187 472 214 -1 -1 -1 -1000 -1000 -1000 -10 0.999849
53 15 car -1 -1 -10 568 180 609 220 -1 -1 -1 -1000 -1000 -1000 -10 0.999886
53 23 car -1 -1 -10 223 186 344 261 -1 -1 -1 -1000 -1000 -1000 -10 0.999997
53 24 car -1 -1 -10 367 186 423 224 -1 -1 -1 -1000 -1000 -1000 -10 0.999881
54 5 car -1 -1 -10 0 188 70 344 -1 -1 -1 -1000 -1000 -1000 -10 0.995184
54 13 car -1 -1 -10 426 187 469 212 -1 -1 -1 -1000 -1000 -1000 -10 0.999897
54 15 car -1 -1 -10 568 179 609 219 -1 -1 -1 -1000 -1000 -1000 -10 0.999766
54 21 car -1 -1 -10 183 188 326 264 -1 -1 -1 -1000 -1000 -1000 -10 0.999978
54 24 car -1 -1 -10 356 185 415 226 -1 -1 -1 -1000 -1000 -1000 -10 0.999984
55 13 car -1 -1 -10 423 187 466 214 -1 -1 -1 -1000 -1000 -1000 -10 0.999584
55 15 car -1 -1 -10 568 179 609 219 -1 -1 -1 -1000 -1000 -1000 -10 0.999892
55 21 car -1 -1 -10 134 191 307 272 -1 -1 -1 -1000 -1000 -1000 -10 0.999924
55 24 car -1 -1 -10 343 185 407 228 -1 -1 -1 -1000 -1000 -1000 -10 0.999988
56 13 car -1 -1 -10 418 189 462 216 -1 -1 -1 -1000 -1000 -1000 -10 0.999928
56 15 car -1 -1 -10 570 181 610 221 -1 -1 -1 -1000 -1000 -1000 -10 0.999956
56 21 car -1 -1 -10 73 193 274 286 -1 -1 -1 -1000 -1000 -1000 -10 0.999991
56 25 car -1 -1 -10 328 187 398 234 -1 -1 -1 -1000 -1000 -1000 -10 0.99999
57 15 car -1 -1 -10 571 185 610 221 -1 -1 -1 -1000 -1000 -1000 -10 0.999975
57 21 car -1 -1 -10 0 193 233 300 -1 -1 -1 -1000 -1000 -1000 -10 0.999795
57 24 car -1 -1 -10 309 188 387 239 -1 -1 -1 -1000 -1000 -1000 -10 0.999989
57 26 car -1 -1 -10 411 191 459 218 -1 -1 -1 -1000 -1000 -1000 -10 0.999864
58 2 car -1 -1 -10 0 192 199 328 -1 -1 -1 -1000 -1000 -1000 -10 0.999862
58 15 car -1 -1 -10 572 185 611 222 -1 -1 -1 -1000 -1000 -1000 -10 0.999964
58 24 car -1 -1 -10 289 188 376 244 -1 -1 -1 -1000 -1000 -1000 -10 0.999876
58 26 car -1 -1 -10 406 191 457 221 -1 -1 -1 -1000 -1000 -1000 -10 0.999715
59 2 car -1 -1 -10 0 192 145 334 -1 -1 -1 -1000 -1000 -1000 -10 0.999943
59 15 car -1 -1 -10 573 185 611 221 -1 -1 -1 -1000 -1000 -1000 -10 0.999978
59 24 car -1 -1 -10 263 186 361 249 -1 -1 -1 -1000 -1000 -1000 -10 0.999991
59 26 car -1 -1 -10 398 190 453 221 -1 -1 -1 -1000 -1000 -1000 -10 0.999162
60 5 car -1 -1 -10 0 193 67 337 -1 -1 -1 -1000 -1000 -1000 -10 0.978325
60 15 car -1 -1 -10 575 182 612 219 -1 -1 -1 -1000 -1000 -1000 -10 0.999979
60 23 car -1 -1 -10 233 185 345 253 -1 -1 -1 -1000 -1000 -1000 -10 0.999996
60 26 car -1 -1 -10 392 189 449 221 -1 -1 -1 -1000 -1000 -1000 -10 0.999732
61 15 car -1 -1 -10 577 179 612 218 -1 -1 -1 -1000 -1000 -1000 -10 0.999913
61 23 car -1 -1 -10 196 182 327 261 -1 -1 -1 -1000 -1000 -1000 -10 0.999998
61 26 car -1 -1 -10 384 187 443 219 -1 -1 -1 -1000 -1000 -1000 -10 0.999848
62 15 car -1 -1 -10 577 178 614 215 -1 -1 -1 -1000 -1000 -1000 -10 0.999796
62 23 car -1 -1 -10 150 180 304 269 -1 -1 -1 -1000 -1000 -1000 -10 0.999913
62 25 car -1 -1 -10 374 186 436 219 -1 -1 -1 -1000 -1000 -1000 -10 0.999983
63 15 car -1 -1 -10 580 178 615 214 -1 -1 -1 -1000 -1000 -1000 -10 0.999907
63 23 car -1 -1 -10 91 185 281 276 -1 -1 -1 -1000 -1000 -1000 -10 0.999986
63 25 car -1 -1 -10 366 185 430 222 -1 -1 -1 -1000 -1000 -1000 -10 0.999996
64 15 car -1 -1 -10 581 179 617 214 -1 -1 -1 -1000 -1000 -1000 -10 0.999876
64 21 car -1 -1 -10 20 185 245 292 -1 -1 -1 -1000 -1000 -1000 -10 0.999984
64 25 car -1 -1 -10 355 185 423 226 -1 -1 -1 -1000 -1000 -1000 -10 0.999997
65 2 car -1 -1 -10 0 185 203 322 -1 -1 -1 -1000 -1000 -1000 -10 0.999816
65 15 car -1 -1 -10 583 179 619 215 -1 -1 -1 -1000 -1000 -1000 -10 0.999758
65 25 car -1 -1 -10 340 189 417 231 -1 -1 -1 -1000 -1000 -1000 -10 0.999988
66 2 car -1 -1 -10 0 184 146 344 -1 -1 -1 -1000 -1000 -1000 -10 0.999964
66 15 car -1 -1 -10 586 181 620 216 -1 -1 -1 -1000 -1000 -1000 -10 0.999924
66 24 car -1 -1 -10 325 191 408 237 -1 -1 -1 -1000 -1000 -1000 -10 0.999996
67 5 car -1 -1 -10 0 196 68 355 -1 -1 -1 -1000 -1000 -1000 -10 0.953469
67 24 car -1 -1 -10 303 190 400 238 -1 -1 -1 -1000 -1000 -1000 -10 0.999925
67 27 car -1 -1 -10 587 179 621 213 -1 -1 -1 -1000 -1000 -1000 -10 0.999952
68 24 car -1 -1 -10 276 185 386 242 -1 -1 -1 -1000 -1000 -1000 -10 0.999983
68 27 car -1 -1 -10 589 174 621 208 -1 -1 -1 -1000 -1000 -1000 -10 0.999983
69 24 car -1 -1 -10 250 183 368 245 -1 -1 -1 -1000 -1000 -1000 -10 0.999989
69 27 car -1 -1 -10 589 171 622 206 -1 -1 -1 -1000 -1000 -1000 -10 0.999918
70 24 car -1 -1 -10 213 185 349 257 -1 -1 -1 -1000 -1000 -1000 -10 0.999992
70 27 car -1 -1 -10 589 171 622 206 -1 -1 -1 -1000 -1000 -1000 -10 0.999889
71 24 car -1 -1 -10 156 197 338 266 -1 -1 -1 -1000 -1000 -1000 -10 0.999888
71 27 car -1 -1 -10 590 177 622 211 -1 -1 -1 -1000 -1000 -1000 -10 0.99992
72 24 car -1 -1 -10 98 198 305 283 -1 -1 -1 -1000 -1000 -1000 -10 0.999979
72 27 car -1 -1 -10 590 180 622 213 -1 -1 -1 -1000 -1000 -1000 -10 0.999751
73 21 car -1 -1 -10 10 202 279 299 -1 -1 -1 -1000 -1000 -1000 -10 0.999916
73 27 car -1 -1 -10 590 180 621 213 -1 -1 -1 -1000 -1000 -1000 -10 0.999719
74 2 car -1 -1 -10 0 201 225 327 -1 -1 -1 -1000 -1000 -1000 -10 0.999963
74 27 car -1 -1 -10 589 180 621 211 -1 -1 -1 -1000 -1000 -1000 -10 0.999832
75 2 car -1 -1 -10 0 202 165 347 -1 -1 -1 -1000 -1000 -1000 -10 0.99963
75 15 car -1 -1 -10 588 178 620 210 -1 -1 -1 -1000 -1000 -1000 -10 0.999965
76 5 car -1 -1 -10 0 191 92 347 -1 -1 -1 -1000 -1000 -1000 -10 0.93047
76 15 car -1 -1 -10 587 178 618 209 -1 -1 -1 -1000 -1000 -1000 -10 0.999972
77 15 car -1 -1 -10 585 179 618 210 -1 -1 -1 -1000 -1000 -1000 -10 0.999964
78 15 car -1 -1 -10 585 179 616 209 -1 -1 -1 -1000 -1000 -1000 -10 0.999921
79 15 car -1 -1 -10 584 178 614 209 -1 -1 -1 -1000 -1000 -1000 -10 0.999896
80 15 car -1 -1 -10 583 178 612 209 -1 -1 -1 -1000 -1000 -1000 -10 0.999963
81 27 car -1 -1 -10 582 176 611 206 -1 -1 -1 -1000 -1000 -1000 -10 0.999985
82 27 car -1 -1 -10 580 171 609 201 -1 -1 -1 -1000 -1000 -1000 -10 0.999905
83 27 car -1 -1 -10 578 169 608 199 -1 -1 -1 -1000 -1000 -1000 -10 0.999928
84 27 car -1 -1 -10 577 168 605 198 -1 -1 -1 -1000 -1000 -1000 -10 0.999888
85 27 car -1 -1 -10 576 169 604 199 -1 -1 -1 -1000 -1000 -1000 -10 0.999818
86 27 car -1 -1 -10 576 171 604 201 -1 -1 -1 -1000 -1000 -1000 -10 0.999346
87 27 car -1 -1 -10 576 175 604 203 -1 -1 -1 -1000 -1000 -1000 -10 0.999266
88 27 car -1 -1 -10 575 176 603 205 -1 -1 -1 -1000 -1000 -1000 -10 0.99923
89 27 car -1 -1 -10 575 178 602 207 -1 -1 -1 -1000 -1000 -1000 -10 0.999117
90 27 car -1 -1 -10 575 177 601 206 -1 -1 -1 -1000 -1000 -1000 -10 0.999824
91 28 car -1 -1 -10 574 177 602 206 -1 -1 -1 -1000 -1000 -1000 -10 0.999757
92 29 car -1 -1 -10 575 179 601 207 -1 -1 -1 -1000 -1000 -1000 -10 0.999686
93 30 car -1 -1 -10 575 180 602 208 -1 -1 -1 -1000 -1000 -1000 -10 0.998646
94 30 car -1 -1 -10 577 182 603 210 -1 -1 -1 -1000 -1000 -1000 -10 0.997972
95 30 car -1 -1 -10 577 183 605 210 -1 -1 -1 -1000 -1000 -1000 -10 0.999098
96 30 car -1 -1 -10 578 181 605 209 -1 -1 -1 -1000 -1000 -1000 -10 0.999693
97 30 car -1 -1 -10 579 180 605 207 -1 -1 -1 -1000 -1000 -1000 -10 0.999778
98 30 car -1 -1 -10 579 181 605 207 -1 -1 -1 -1000 -1000 -1000 -10 0.999928
99 30 car -1 -1 -10 580 180 607 206 -1 -1 -1 -1000 -1000 -1000 -10 0.999908
100 30 car -1 -1 -10 580 178 607 205 -1 -1 -1 -1000 -1000 -1000 -10 0.999879
101 30 car -1 -1 -10 580 177 608 204 -1 -1 -1 -1000 -1000 -1000 -10 0.999931
102 30 car -1 -1 -10 581 176 609 204 -1 -1 -1 -1000 -1000 -1000 -10 0.999867
103 31 car -1 -1 -10 582 176 609 203 -1 -1 -1 -1000 -1000 -1000 -10 0.999826
104 31 car -1 -1 -10 583 177 609 203 -1 -1 -1 -1000 -1000 -1000 -10 0.99977
105 32 car -1 -1 -10 584 176 611 202 -1 -1 -1 -1000 -1000 -1000 -10 0.999562
106 32 car -1 -1 -10 585 175 611 201 -1 -1 -1 -1000 -1000 -1000 -10 0.998234
107 32 car -1 -1 -10 585 172 612 200 -1 -1 -1 -1000 -1000 -1000 -10 0.997863
108 32 car -1 -1 -10 586 172 612 198 -1 -1 -1 -1000 -1000 -1000 -10 0.996063
109 32 car -1 -1 -10 586 171 612 197 -1 -1 -1 -1000 -1000 -1000 -10 0.995029
110 32 car -1 -1 -10 586 172 612 197 -1 -1 -1 -1000 -1000 -1000 -10 0.994886
111 32 car -1 -1 -10 586 172 612 198 -1 -1 -1 -1000 -1000 -1000 -10 0.996071
112 32 car -1 -1 -10 585 173 612 200 -1 -1 -1 -1000 -1000 -1000 -10 0.996399
113 32 car -1 -1 -10 585 175 612 201 -1 -1 -1 -1000 -1000 -1000 -10 0.996449
114 32 car -1 -1 -10 585 176 612 202 -1 -1 -1 -1000 -1000 -1000 -10 0.993715
115 33 car -1 -1 -10 585 179 612 204 -1 -1 -1 -1000 -1000 -1000 -10 0.999292
115 34 car -1 -1 -10 473 182 499 201 -1 -1 -1 -1000 -1000 -1000 -10 0.671409
115 35 car -1 -1 -10 445 180 473 201 -1 -1 -1 -1000 -1000 -1000 -10 0.474095
116 33 car -1 -1 -10 584 180 610 204 -1 -1 -1 -1000 -1000 -1000 -10 0.999371
116 34 car -1 -1 -10 466 182 495 203 -1 -1 -1 -1000 -1000 -1000 -10 0.938783
116 35 car -1 -1 -10 438 180 467 203 -1 -1 -1 -1000 -1000 -1000 -10 0.587847
117 33 car -1 -1 -10 584 180 610 204 -1 -1 -1 -1000 -1000 -1000 -10 0.999381
117 34 car -1 -1 -10 460 182 491 204 -1 -1 -1 -1000 -1000 -1000 -10 0.974647
117 35 car -1 -1 -10 433 180 463 204 -1 -1 -1 -1000 -1000 -1000 -10 0.983876
118 33 car -1 -1 -10 584 178 610 203 -1 -1 -1 -1000 -1000 -1000 -10 0.999756
118 34 car -1 -1 -10 451 181 486 205 -1 -1 -1 -1000 -1000 -1000 -10 0.997831
118 36 car -1 -1 -10 425 178 458 203 -1 -1 -1 -1000 -1000 -1000 -10 0.998642
119 33 car -1 -1 -10 584 178 610 203 -1 -1 -1 -1000 -1000 -1000 -10 0.999694
119 34 car -1 -1 -10 442 180 479 206 -1 -1 -1 -1000 -1000 -1000 -10 0.995455
119 36 car -1 -1 -10 417 177 451 204 -1 -1 -1 -1000 -1000 -1000 -10 0.998266
119 37 car -1 -1 -10 492 172 517 196 -1 -1 -1 -1000 -1000 -1000 -10 0.737366
120 33 car -1 -1 -10 584 180 611 204 -1 -1 -1 -1000 -1000 -1000 -10 0.99939
120 36 car -1 -1 -10 408 177 450 207 -1 -1 -1 -1000 -1000 -1000 -10 0.998868
120 38 car -1 -1 -10 429 181 473 211 -1 -1 -1 -1000 -1000 -1000 -10 0.999359
121 32 car -1 -1 -10 585 180 611 204 -1 -1 -1 -1000 -1000 -1000 -10 0.999159
121 36 car -1 -1 -10 398 178 441 208 -1 -1 -1 -1000 -1000 -1000 -10 0.99778
121 37 car -1 -1 -10 489 173 515 198 -1 -1 -1 -1000 -1000 -1000 -10 0.958615
121 38 car -1 -1 -10 418 182 466 214 -1 -1 -1 -1000 -1000 -1000 -10 0.997112
122 32 car -1 -1 -10 585 178 612 204 -1 -1 -1 -1000 -1000 -1000 -10 0.999037
122 36 car -1 -1 -10 388 177 433 207 -1 -1 -1 -1000 -1000 -1000 -10 0.997553
122 37 car -1 -1 -10 485 173 511 198 -1 -1 -1 -1000 -1000 -1000 -10 0.92379
122 38 car -1 -1 -10 405 182 458 214 -1 -1 -1 -1000 -1000 -1000 -10 0.998143
123 32 car -1 -1 -10 585 176 613 202 -1 -1 -1 -1000 -1000 -1000 -10 0.998922
123 36 car -1 -1 -10 378 175 427 204 -1 -1 -1 -1000 -1000 -1000 -10 0.987519
123 38 car -1 -1 -10 391 178 448 213 -1 -1 -1 -1000 -1000 -1000 -10 0.998065
123 39 car -1 -1 -10 483 170 510 196 -1 -1 -1 -1000 -1000 -1000 -10 0.935146
124 32 car -1 -1 -10 587 174 614 199 -1 -1 -1 -1000 -1000 -1000 -10 0.994377
124 38 car -1 -1 -10 370 177 436 215 -1 -1 -1 -1000 -1000 -1000 -10 0.996918
124 39 car -1 -1 -10 480 166 507 195 -1 -1 -1 -1000 -1000 -1000 -10 0.986972
124 40 car -1 -1 -10 364 172 416 206 -1 -1 -1 -1000 -1000 -1000 -10 0.928078
125 32 car -1 -1 -10 586 177 614 200 -1 -1 -1 -1000 -1000 -1000 -10 0.995381
125 37 car -1 -1 -10 475 169 505 199 -1 -1 -1 -1000 -1000 -1000 -10 0.998531
125 40 car -1 -1 -10 351 178 416 223 -1 -1 -1 -1000 -1000 -1000 -10 0.999916
126 33 car -1 -1 -10 586 176 614 201 -1 -1 -1 -1000 -1000 -1000 -10 0.997791
126 37 car -1 -1 -10 471 169 501 200 -1 -1 -1 -1000 -1000 -1000 -10 0.996675
126 40 car -1 -1 -10 317 177 400 233 -1 -1 -1 -1000 -1000 -1000 -10 0.998643
127 33 car -1 -1 -10 587 176 615 200 -1 -1 -1 -1000 -1000 -1000 -10 0.996728
127 36 car -1 -1 -10 312 172 377 218 -1 -1 -1 -1000 -1000 -1000 -10 0.998629
127 37 car -1 -1 -10 463 169 499 201 -1 -1 -1 -1000 -1000 -1000 -10 0.999367
127 40 car -1 -1 -10 275 179 377 240 -1 -1 -1 -1000 -1000 -1000 -10 0.999539
128 33 car -1 -1 -10 587 175 616 201 -1 -1 -1 -1000 -1000 -1000 -10 0.998536
128 36 car -1 -1 -10 284 170 360 228 -1 -1 -1 -1000 -1000 -1000 -10 0.999711
128 37 car -1 -1 -10 457 170 496 202 -1 -1 -1 -1000 -1000 -1000 -10 0.999654
128 40 car -1 -1 -10 222 180 344 252 -1 -1 -1 -1000 -1000 -1000 -10 0.999989
129 33 car -1 -1 -10 588 175 616 201 -1 -1 -1 -1000 -1000 -1000 -10 0.998608
129 36 car -1 -1 -10 252 173 339 228 -1 -1 -1 -1000 -1000 -1000 -10 0.996162
129 37 car -1 -1 -10 450 168 492 204 -1 -1 -1 -1000 -1000 -1000 -10 0.999803
129 40 car -1 -1 -10 144 183 310 265 -1 -1 -1 -1000 -1000 -1000 -10 0.999898
130 33 car -1 -1 -10 589 173 616 200 -1 -1 -1 -1000 -1000 -1000 -10 0.998272
130 37 car -1 -1 -10 441 168 490 204 -1 -1 -1 -1000 -1000 -1000 -10 0.998269
130 40 car -1 -1 -10 19 180 253 288 -1 -1 -1 -1000 -1000 -1000 -10 0.99998
130 41 car -1 -1 -10 205 167 313 238 -1 -1 -1 -1000 -1000 -1000 -10 0.999931
131 33 car -1 -1 -10 589 173 616 200 -1 -1 -1 -1000 -1000 -1000 -10 0.999366
131 37 car -1 -1 -10 432 167 484 205 -1 -1 -1 -1000 -1000 -1000 -10 0.997645
131 40 car -1 -1 -10 0 180 162 325 -1 -1 -1 -1000 -1000 -1000 -10 0.9984
131 41 car -1 -1 -10 152 171 283 247 -1 -1 -1 -1000 -1000 -1000 -10 0.999945
132 33 car -1 -1 -10 590 173 616 199 -1 -1 -1 -1000 -1000 -1000 -10 0.998299
132 41 car -1 -1 -10 82 167 246 256 -1 -1 -1 -1000 -1000 -1000 -10 0.999861
132 42 car -1 -1 -10 423 166 476 206 -1 -1 -1 -1000 -1000 -1000 -10 0.999455
133 33 car -1 -1 -10 590 173 616 197 -1 -1 -1 -1000 -1000 -1000 -10 0.999539
133 40 car -1 -1 -10 0 164 194 276 -1 -1 -1 -1000 -1000 -1000 -10 0.999979
133 43 car -1 -1 -10 412 166 468 210 -1 -1 -1 -1000 -1000 -1000 -10 0.999704
134 33 car -1 -1 -10 590 173 616 198 -1 -1 -1 -1000 -1000 -1000 -10 0.999526
134 36 car -1 -1 -10 396 165 458 214 -1 -1 -1 -1000 -1000 -1000 -10 0.999831
134 40 car -1 -1 -10 0 160 131 302 -1 -1 -1 -1000 -1000 -1000 -10 0.999783
135 33 car -1 -1 -10 591 176 618 202 -1 -1 -1 -1000 -1000 -1000 -10 0.999724
135 36 car -1 -1 -10 379 167 448 220 -1 -1 -1 -1000 -1000 -1000 -10 0.999907
135 40 car -1 -1 -10 0 163 37 316 -1 -1 -1 -1000 -1000 -1000 -10 0.820358
136 33 car -1 -1 -10 591 180 617 204 -1 -1 -1 -1000 -1000 -1000 -10 0.999846
136 42 car -1 -1 -10 355 166 436 226 -1 -1 -1 -1000 -1000 -1000 -10 0.999306
136 44 car -1 -1 -10 473 183 503 203 -1 -1 -1 -1000 -1000 -1000 -10 0.889154
137 33 car -1 -1 -10 591 180 618 205 -1 -1 -1 -1000 -1000 -1000 -10 0.999854
137 42 car -1 -1 -10 324 165 420 234 -1 -1 -1 -1000 -1000 -1000 -10 0.999523
137 44 car -1 -1 -10 469 183 499 205 -1 -1 -1 -1000 -1000 -1000 -10 0.923069
138 33 car -1 -1 -10 591 181 617 205 -1 -1 -1 -1000 -1000 -1000 -10 0.9999
138 42 car -1 -1 -10 288 162 398 243 -1 -1 -1 -1000 -1000 -1000 -10 0.999933
138 44 car -1 -1 -10 464 185 495 207 -1 -1 -1 -1000 -1000 -1000 -10 0.984358
139 33 car -1 -1 -10 591 181 618 206 -1 -1 -1 -1000 -1000 -1000 -10 0.999906
139 42 car -1 -1 -10 237 162 373 249 -1 -1 -1 -1000 -1000 -1000 -10 0.997128
139 44 car -1 -1 -10 457 185 488 207 -1 -1 -1 -1000 -1000 -1000 -10 0.98181
140 33 car -1 -1 -10 590 178 618 205 -1 -1 -1 -1000 -1000 -1000 -10 0.999953
140 42 car -1 -1 -10 166 157 348 263 -1 -1 -1 -1000 -1000 -1000 -10 0.999864
140 44 car -1 -1 -10 449 184 482 208 -1 -1 -1 -1000 -1000 -1000 -10 0.998951
141 33 car -1 -1 -10 590 179 617 205 -1 -1 -1 -1000 -1000 -1000 -10 0.999945
141 42 car -1 -1 -10 68 149 303 283 -1 -1 -1 -1000 -1000 -1000 -10 0.999901
141 44 car -1 -1 -10 442 184 474 209 -1 -1 -1 -1000 -1000 -1000 -10 0.998394
142 33 car -1 -1 -10 590 179 617 205 -1 -1 -1 -1000 -1000 -1000 -10 0.999964
142 42 car -1 -1 -10 0 139 258 318 -1 -1 -1 -1000 -1000 -1000 -10 0.999468
142 45 car -1 -1 -10 431 185 468 211 -1 -1 -1 -1000 -1000 -1000 -10 0.999328
143 33 car -1 -1 -10 589 177 617 204 -1 -1 -1 -1000 -1000 -1000 -10 0.999952
143 42 car -1 -1 -10 0 115 167 334 -1 -1 -1 -1000 -1000 -1000 -10 0.999746
143 45 car -1 -1 -10 420 183 459 210 -1 -1 -1 -1000 -1000 -1000 -10 0.999707
144 33 car -1 -1 -10 589 175 617 201 -1 -1 -1 -1000 -1000 -1000 -10 0.999618
144 45 car -1 -1 -10 407 181 451 210 -1 -1 -1 -1000 -1000 -1000 -10 0.999894
145 33 car -1 -1 -10 588 173 616 199 -1 -1 -1 -1000 -1000 -1000 -10 0.999809
145 45 car -1 -1 -10 390 181 440 211 -1 -1 -1 -1000 -1000 -1000 -10 0.99993
146 33 car -1 -1 -10 589 173 615 199 -1 -1 -1 -1000 -1000 -1000 -10 0.999844
146 45 car -1 -1 -10 373 182 427 215 -1 -1 -1 -1000 -1000 -1000 -10 0.999748
147 33 car -1 -1 -10 588 173 615 199 -1 -1 -1 -1000 -1000 -1000 -10 0.999676
147 46 car -1 -1 -10 351 184 413 220 -1 -1 -1 -1000 -1000 -1000 -10 0.999992
148 33 car -1 -1 -10 588 173 615 200 -1 -1 -1 -1000 -1000 -1000 -10 0.998604
148 46 car -1 -1 -10 322 185 392 227 -1 -1 -1 -1000 -1000 -1000 -10 0.999996
149 33 car -1 -1 -10 588 175 615 201 -1 -1 -1 -1000 -1000 -1000 -10 0.999691
149 46 car -1 -1 -10 285 189 374 239 -1 -1 -1 -1000 -1000 -1000 -10 0.999991
150 33 car -1 -1 -10 589 176 614 203 -1 -1 -1 -1000 -1000 -1000 -10 0.99992
150 46 car -1 -1 -10 240 193 344 252 -1 -1 -1 -1000 -1000 -1000 -10 0.999994
150 47 car -1 -1 -10 425 186 466 210 -1 -1 -1 -1000 -1000 -1000 -10 0.772091
151 33 car -1 -1 -10 588 176 615 201 -1 -1 -1 -1000 -1000 -1000 -10 0.999863
151 46 car -1 -1 -10 173 196 314 264 -1 -1 -1 -1000 -1000 -1000 -10 0.999924
151 47 car -1 -1 -10 415 185 456 213 -1 -1 -1 -1000 -1000 -1000 -10 0.944794
152 33 car -1 -1 -10 588 172 613 197 -1 -1 -1 -1000 -1000 -1000 -10 0.99949
152 45 car -1 -1 -10 401 180 447 212 -1 -1 -1 -1000 -1000 -1000 -10 0.994155
152 46 car -1 -1 -10 83 193 268 275 -1 -1 -1 -1000 -1000 -1000 -10 0.999984
153 33 car -1 -1 -10 587 169 612 195 -1 -1 -1 -1000 -1000 -1000 -10 0.999361
153 42 car -1 -1 -10 0 194 203 300 -1 -1 -1 -1000 -1000 -1000 -10 0.999952
153 45 car -1 -1 -10 384 179 437 212 -1 -1 -1 -1000 -1000 -1000 -10 0.998989
153 47 car -1 -1 -10 457 171 489 196 -1 -1 -1 -1000 -1000 -1000 -10 0.34781
154 33 car -1 -1 -10 587 170 614 196 -1 -1 -1 -1000 -1000 -1000 -10 0.998438
154 42 car -1 -1 -10 0 200 118 319 -1 -1 -1 -1000 -1000 -1000 -10 0.99791
154 45 car -1 -1 -10 364 182 423 216 -1 -1 -1 -1000 -1000 -1000 -10 0.999751
154 47 car -1 -1 -10 452 173 484 198 -1 -1 -1 -1000 -1000 -1000 -10 0.86522
155 33 car -1 -1 -10 586 172 613 198 -1 -1 -1 -1000 -1000 -1000 -10 0.999446
155 45 car -1 -1 -10 342 184 404 223 -1 -1 -1 -1000 -1000 -1000 -10 0.999982
155 47 car -1 -1 -10 447 177 479 201 -1 -1 -1 -1000 -1000 -1000 -10 0.876831
156 33 car -1 -1 -10 585 172 613 197 -1 -1 -1 -1000 -1000 -1000 -10 0.99942
156 45 car -1 -1 -10 314 185 389 229 -1 -1 -1 -1000 -1000 -1000 -10 0.999935
156 47 car -1 -1 -10 441 178 476 202 -1 -1 -1 -1000 -1000 -1000 -10 0.993867
157 33 car -1 -1 -10 586 175 615 200 -1 -1 -1 -1000 -1000 -1000 -10 0.997696
157 45 car -1 -1 -10 278 188 368 242 -1 -1 -1 -1000 -1000 -1000 -10 0.999986
157 47 car -1 -1 -10 433 181 468 206 -1 -1 -1 -1000 -1000 -1000 -10 0.998605
158 33 car -1 -1 -10 587 176 614 202 -1 -1 -1 -1000 -1000 -1000 -10 0.999711
158 45 car -1 -1 -10 226 193 341 257 -1 -1 -1 -1000 -1000 -1000 -10 0.999996
158 47 car -1 -1 -10 426 184 465 212 -1 -1 -1 -1000 -1000 -1000 -10 0.998122
159 33 car -1 -1 -10 588 178 614 202 -1 -1 -1 -1000 -1000 -1000 -10 0.999852
159 46 car -1 -1 -10 161 196 300 267 -1 -1 -1 -1000 -1000 -1000 -10 0.999993
159 47 car -1 -1 -10 416 183 458 214 -1 -1 -1 -1000 -1000 -1000 -10 0.999693
160 33 car -1 -1 -10 588 176 615 201 -1 -1 -1 -1000 -1000 -1000 -10 0.999829
160 46 car -1 -1 -10 61 199 254 285 -1 -1 -1 -1000 -1000 -1000 -10 0.999978
160 47 car -1 -1 -10 403 183 450 214 -1 -1 -1 -1000 -1000 -1000 -10 0.999839
161 33 car -1 -1 -10 588 174 617 201 -1 -1 -1 -1000 -1000 -1000 -10 0.999387
161 42 car -1 -1 -10 0 197 188 313 -1 -1 -1 -1000 -1000 -1000 -10 0.999865
161 47 car -1 -1 -10 390 182 443 215 -1 -1 -1 -1000 -1000 -1000 -10 0.999799
162 33 car -1 -1 -10 588 174 617 201 -1 -1 -1 -1000 -1000 -1000 -10 0.999672
162 42 car -1 -1 -10 0 200 96 324 -1 -1 -1 -1000 -1000 -1000 -10 0.999254
162 47 car -1 -1 -10 375 181 432 217 -1 -1 -1 -1000 -1000 -1000 -10 0.999828
163 33 car -1 -1 -10 589 177 616 203 -1 -1 -1 -1000 -1000 -1000 -10 0.999915
163 48 car -1 -1 -10 356 182 416 223 -1 -1 -1 -1000 -1000 -1000 -10 0.99998
163 49 car -1 -1 -10 549 176 574 200 -1 -1 -1 -1000 -1000 -1000 -10 0.997795
164 33 car -1 -1 -10 589 178 616 204 -1 -1 -1 -1000 -1000 -1000 -10 0.999749
164 48 car -1 -1 -10 335 183 397 228 -1 -1 -1 -1000 -1000 -1000 -10 0.999999
164 50 car -1 -1 -10 446 177 486 204 -1 -1 -1 -1000 -1000 -1000 -10 0.496817
165 33 car -1 -1 -10 589 177 616 203 -1 -1 -1 -1000 -1000 -1000 -10 0.999837
165 45 car -1 -1 -10 307 181 380 232 -1 -1 -1 -1000 -1000 -1000 -10 0.99998
165 49 car -1 -1 -10 440 175 478 205 -1 -1 -1 -1000 -1000 -1000 -10 0.951151
165 51 car -1 -1 -10 546 178 573 201 -1 -1 -1 -1000 -1000 -1000 -10 0.998648
166 33 car -1 -1 -10 589 177 616 203 -1 -1 -1 -1000 -1000 -1000 -10 0.999686
166 45 car -1 -1 -10 268 184 362 238 -1 -1 -1 -1000 -1000 -1000 -10 0.999854
166 49 car -1 -1 -10 431 175 474 206 -1 -1 -1 -1000 -1000 -1000 -10 0.992893
166 51 car -1 -1 -10 545 178 573 201 -1 -1 -1 -1000 -1000 -1000 -10 0.998133
167 33 car -1 -1 -10 588 177 615 203 -1 -1 -1 -1000 -1000 -1000 -10 0.999753
167 45 car -1 -1 -10 220 184 332 249 -1 -1 -1 -1000 -1000 -1000 -10 0.999993
167 49 car -1 -1 -10 424 175 471 208 -1 -1 -1 -1000 -1000 -1000 -10 0.988972
167 51 car -1 -1 -10 544 177 573 202 -1 -1 -1 -1000 -1000 -1000 -10 0.996402
168 33 car -1 -1 -10 587 175 615 201 -1 -1 -1 -1000 -1000 -1000 -10 0.999599
168 45 car -1 -1 -10 157 179 300 260 -1 -1 -1 -1000 -1000 -1000 -10 0.999986
168 49 car -1 -1 -10 414 173 462 207 -1 -1 -1 -1000 -1000 -1000 -10 0.996394
168 52 car -1 -1 -10 543 175 571 201 -1 -1 -1 -1000 -1000 -1000 -10 0.994511
169 33 car -1 -1 -10 587 172 614 197 -1 -1 -1 -1000 -1000 -1000 -10 0.999653
169 46 car -1 -1 -10 67 177 253 276 -1 -1 -1 -1000 -1000 -1000 -10 0.999964
169 49 car -1 -1 -10 405 170 452 206 -1 -1 -1 -1000 -1000 -1000 -10 0.993209
169 52 car -1 -1 -10 543 172 569 197 -1 -1 -1 -1000 -1000 -1000 -10 0.998742
170 33 car -1 -1 -10 586 170 612 196 -1 -1 -1 -1000 -1000 -1000 -10 0.999296
170 42 car -1 -1 -10 0 179 195 297 -1 -1 -1 -1000 -1000 -1000 -10 0.99952
170 49 car -1 -1 -10 389 169 445 207 -1 -1 -1 -1000 -1000 -1000 -10 0.997282
170 52 car -1 -1 -10 541 171 569 197 -1 -1 -1 -1000 -1000 -1000 -10 0.998219
171 42 car -1 -1 -10 0 182 101 313 -1 -1 -1 -1000 -1000 -1000 -10 0.999179
171 48 car -1 -1 -10 377 169 435 210 -1 -1 -1 -1000 -1000 -1000 -10 0.999757
171 51 car -1 -1 -10 585 171 612 198 -1 -1 -1 -1000 -1000 -1000 -10 0.9997
171 52 car -1 -1 -10 540 172 568 199 -1 -1 -1 -1000 -1000 -1000 -10 0.999243
172 33 car -1 -1 -10 584 174 613 201 -1 -1 -1 -1000 -1000 -1000 -10 0.998376
172 48 car -1 -1 -10 360 170 425 217 -1 -1 -1 -1000 -1000 -1000 -10 0.999845
172 52 car -1 -1 -10 536 174 568 204 -1 -1 -1 -1000 -1000 -1000 -10 0.998007
172 53 car -1 -1 -10 462 180 492 199 -1 -1 -1 -1000 -1000 -1000 -10 0.423659
173 48 car -1 -1 -10 339 173 411 224 -1 -1 -1 -1000 -1000 -1000 -10 0.999909
173 52 car -1 -1 -10 583 176 610 201 -1 -1 -1 -1000 -1000 -1000 -10 0.999385
173 53 car -1 -1 -10 456 181 487 202 -1 -1 -1 -1000 -1000 -1000 -10 0.860952
173 54 car -1 -1 -10 534 178 565 206 -1 -1 -1 -1000 -1000 -1000 -10 0.999165
174 48 car -1 -1 -10 317 172 395 228 -1 -1 -1 -1000 -1000 -1000 -10 0.999912
174 52 car -1 -1 -10 582 176 610 201 -1 -1 -1 -1000 -1000 -1000 -10 0.999289
174 53 car -1 -1 -10 449 181 483 204 -1 -1 -1 -1000 -1000 -1000 -10 0.988508
174 54 car -1 -1 -10 532 177 565 207 -1 -1 -1 -1000 -1000 -1000 -10 0.999422
175 48 car -1 -1 -10 288 171 379 230 -1 -1 -1 -1000 -1000 -1000 -10 0.999652
175 52 car -1 -1 -10 582 173 609 199 -1 -1 -1 -1000 -1000 -1000 -10 0.998651
175 53 car -1 -1 -10 442 181 477 203 -1 -1 -1 -1000 -1000 -1000 -10 0.999029
175 54 car -1 -1 -10 528 175 564 207 -1 -1 -1 -1000 -1000 -1000 -10 0.999402
176 48 car -1 -1 -10 254 164 358 239 -1 -1 -1 -1000 -1000 -1000 -10 0.999963
176 53 car -1 -1 -10 581 173 609 198 -1 -1 -1 -1000 -1000 -1000 -10 0.999152
176 54 car -1 -1 -10 526 174 562 206 -1 -1 -1 -1000 -1000 -1000 -10 0.999721
176 55 car -1 -1 -10 435 180 469 202 -1 -1 -1 -1000 -1000 -1000 -10 0.998422
177 45 car -1 -1 -10 208 166 333 247 -1 -1 -1 -1000 -1000 -1000 -10 0.999916
177 53 car -1 -1 -10 581 173 608 199 -1 -1 -1 -1000 -1000 -1000 -10 0.999094
177 54 car -1 -1 -10 522 175 560 208 -1 -1 -1 -1000 -1000 -1000 -10 0.999872
177 55 car -1 -1 -10 426 181 463 205 -1 -1 -1 -1000 -1000 -1000 -10 0.995019
178 45 car -1 -1 -10 144 171 308 255 -1 -1 -1 -1000 -1000 -1000 -10 0.999788
178 53 car -1 -1 -10 520 176 558 210 -1 -1 -1 -1000 -1000 -1000 -10 0.999754
178 55 car -1 -1 -10 414 182 455 208 -1 -1 -1 -1000 -1000 -1000 -10 0.997692
178 56 car -1 -1 -10 580 173 608 199 -1 -1 -1 -1000 -1000 -1000 -10 0.996861
179 45 car -1 -1 -10 69 171 264 268 -1 -1 -1 -1000 -1000 -1000 -10 0.999758
179 53 car -1 -1 -10 517 176 555 212 -1 -1 -1 -1000 -1000 -1000 -10 0.999337
179 55 car -1 -1 -10 405 183 445 211 -1 -1 -1 -1000 -1000 -1000 -10 0.998215
179 56 car -1 -1 -10 581 175 607 200 -1 -1 -1 -1000 -1000 -1000 -10 0.997307
180 42 car -1 -1 -10 0 169 218 298 -1 -1 -1 -1000 -1000 -1000 -10 0.999722
180 49 car -1 -1 -10 390 187 438 215 -1 -1 -1 -1000 -1000 -1000 -10 0.999772
180 53 car -1 -1 -10 512 180 554 217 -1 -1 -1 -1000 -1000 -1000 -10 0.999139
180 56 car -1 -1 -10 580 177 605 203 -1 -1 -1 -1000 -1000 -1000 -10 0.99906
181 42 car -1 -1 -10 0 166 142 319 -1 -1 -1 -1000 -1000 -1000 -10 0.999451
181 49 car -1 -1 -10 378 191 427 223 -1 -1 -1 -1000 -1000 -1000 -10 0.999504
181 54 car -1 -1 -10 508 184 553 222 -1 -1 -1 -1000 -1000 -1000 -10 0.99972
181 56 car -1 -1 -10 579 182 606 207 -1 -1 -1 -1000 -1000 -1000 -10 0.999579
182 42 car -1 -1 -10 0 173 41 312 -1 -1 -1 -1000 -1000 -1000 -10 0.791245
182 49 car -1 -1 -10 361 193 416 227 -1 -1 -1 -1000 -1000 -1000 -10 0.999796
182 52 car -1 -1 -10 579 184 605 209 -1 -1 -1 -1000 -1000 -1000 -10 0.999145
182 54 car -1 -1 -10 504 186 551 226 -1 -1 -1 -1000 -1000 -1000 -10 0.998233
183 52 car -1 -1 -10 579 184 606 209 -1 -1 -1 -1000 -1000 -1000 -10 0.998822
183 57 car -1 -1 -10 339 194 399 231 -1 -1 -1 -1000 -1000 -1000 -10 0.999842
183 58 car -1 -1 -10 500 187 549 230 -1 -1 -1 -1000 -1000 -1000 -10 0.999491
184 54 car -1 -1 -10 496 184 547 228 -1 -1 -1 -1000 -1000 -1000 -10 0.999892
184 56 car -1 -1 -10 579 182 606 207 -1 -1 -1 -1000 -1000 -1000 -10 0.999726
184 57 car -1 -1 -10 319 192 384 232 -1 -1 -1 -1000 -1000 -1000 -10 0.999977
185 49 car -1 -1 -10 382 181 420 211 -1 -1 -1 -1000 -1000 -1000 -10 0.930241
185 54 car -1 -1 -10 490 180 545 229 -1 -1 -1 -1000 -1000 -1000 -10 0.999984
185 57 car -1 -1 -10 290 190 370 234 -1 -1 -1 -1000 -1000 -1000 -10 0.999973
186 49 car -1 -1 -10 367 185 411 211 -1 -1 -1 -1000 -1000 -1000 -10 0.98388
186 56 car -1 -1 -10 580 176 607 201 -1 -1 -1 -1000 -1000 -1000 -10 0.999672
186 57 car -1 -1 -10 486 177 540 230 -1 -1 -1 -1000 -1000 -1000 -10 0.999998
186 59 car -1 -1 -10 256 189 347 238 -1 -1 -1 -1000 -1000 -1000 -10 0.999988
187 45 car -1 -1 -10 208 187 320 250 -1 -1 -1 -1000 -1000 -1000 -10 0.999975
187 49 car -1 -1 -10 355 185 401 214 -1 -1 -1 -1000 -1000 -1000 -10 0.999277
187 56 car -1 -1 -10 581 176 608 202 -1 -1 -1 -1000 -1000 -1000 -10 0.999707
187 57 car -1 -1 -10 479 177 539 234 -1 -1 -1 -1000 -1000 -1000 -10 0.999997
188 45 car -1 -1 -10 154 191 288 265 -1 -1 -1 -1000 -1000 -1000 -10 0.999984
188 52 car -1 -1 -10 582 178 608 203 -1 -1 -1 -1000 -1000 -1000 -10 0.999659
188 55 car -1 -1 -10 341 188 387 219 -1 -1 -1 -1000 -1000 -1000 -10 0.999411
188 57 car -1 -1 -10 473 177 536 240 -1 -1 -1 -1000 -1000 -1000 -10 0.999974
189 45 car -1 -1 -10 66 198 251 276 -1 -1 -1 -1000 -1000 -1000 -10 0.999967
189 49 car -1 -1 -10 322 189 373 223 -1 -1 -1 -1000 -1000 -1000 -10 0.999611
189 52 car -1 -1 -10 583 178 610 204 -1 -1 -1 -1000 -1000 -1000 -10 0.999743
189 57 car -1 -1 -10 464 176 535 245 -1 -1 -1 -1000 -1000 -1000 -10 0.99999
190 45 car -1 -1 -10 0 198 185 296 -1 -1 -1 -1000 -1000 -1000 -10 0.999824
190 49 car -1 -1 -10 300 188 359 224 -1 -1 -1 -1000 -1000 -1000 -10 0.999905
190 52 car -1 -1 -10 585 176 611 202 -1 -1 -1 -1000 -1000 -1000 -10 0.999741
190 57 car -1 -1 -10 454 174 532 250 -1 -1 -1 -1000 -1000 -1000 -10 0.999961
191 45 car -1 -1 -10 0 195 120 312 -1 -1 -1 -1000 -1000 -1000 -10 0.999856
191 52 car -1 -1 -10 585 174 613 201 -1 -1 -1 -1000 -1000 -1000 -10 0.993323
191 57 car -1 -1 -10 439 173 528 253 -1 -1 -1 -1000 -1000 -1000 -10 0.999977
191 59 car -1 -1 -10 272 185 339 227 -1 -1 -1 -1000 -1000 -1000 -10 0.999967
192 52 car -1 -1 -10 587 173 613 198 -1 -1 -1 -1000 -1000 -1000 -10 0.995892
192 57 car -1 -1 -10 423 170 523 259 -1 -1 -1 -1000 -1000 -1000 -10 0.999959
192 59 car -1 -1 -10 236 184 319 229 -1 -1 -1 -1000 -1000 -1000 -10 0.999808
193 52 car -1 -1 -10 587 171 614 198 -1 -1 -1 -1000 -1000 -1000 -10 0.998417
193 57 car -1 -1 -10 405 170 518 269 -1 -1 -1 -1000 -1000 -1000 -10 0.999974
193 59 car -1 -1 -10 194 188 289 236 -1 -1 -1 -1000 -1000 -1000 -10 0.999879
194 52 car -1 -1 -10 588 173 614 199 -1 -1 -1 -1000 -1000 -1000 -10 0.998214
194 57 car -1 -1 -10 381 175 512 284 -1 -1 -1 -1000 -1000 -1000 -10 0.999864
194 59 car -1 -1 -10 139 191 252 250 -1 -1 -1 -1000 -1000 -1000 -10 0.999989
195 52 car -1 -1 -10 589 177 615 204 -1 -1 -1 -1000 -1000 -1000 -10 0.999554
195 57 car -1 -1 -10 352 180 505 297 -1 -1 -1 -1000 -1000 -1000 -10 0.999987
195 59 car -1 -1 -10 67 197 212 267 -1 -1 -1 -1000 -1000 -1000 -10 0.999927
196 45 car -1 -1 -10 0 199 161 281 -1 -1 -1 -1000 -1000 -1000 -10 0.999895
196 52 car -1 -1 -10 591 177 617 203 -1 -1 -1 -1000 -1000 -1000 -10 0.999694
196 57 car -1 -1 -10 309 185 500 318 -1 -1 -1 -1000 -1000 -1000 -10 0.999918
197 45 car -1 -1 -10 0 194 88 292 -1 -1 -1 -1000 -1000 -1000 -10 0.999235
197 52 car -1 -1 -10 592 173 618 199 -1 -1 -1 -1000 -1000 -1000 -10 0.996693
197 57 car -1 -1 -10 258 177 480 339 -1 -1 -1 -1000 -1000 -1000 -10 0.999996
197 60 pedestrian -1 -1 -10 703 170 728 236 -1 -1 -1 -1000 -1000 -1000 -10 0.634542
198 52 car -1 -1 -10 593 170 619 196 -1 -1 -1 -1000 -1000 -1000 -10 0.999205
198 57 car -1 -1 -10 171 170 469 372 -1 -1 -1 -1000 -1000 -1000 -10 0.999967
199 52 car -1 -1 -10 596 170 621 197 -1 -1 -1 -1000 -1000 -1000 -10 0.999188
199 57 car -1 -1 -10 22 164 457 375 -1 -1 -1 -1000 -1000 -1000 -10 0.999984
199 61 pedestrian -1 -1 -10 726 166 751 242 -1 -1 -1 -1000 -1000 -1000 -10 0.974194
200 52 car -1 -1 -10 595 172 624 200 -1 -1 -1 -1000 -1000 -1000 -10 0.988063
200 57 car -1 -1 -10 0 166 420 374 -1 -1 -1 -1000 -1000 -1000 -10 0.999984
200 62 pedestrian -1 -1 -10 267 177 294 270 -1 -1 -1 -1000 -1000 -1000 -10 0.924284
200 63 pedestrian -1 -1 -10 745 167 771 253 -1 -1 -1 -1000 -1000 -1000 -10 0.844483
201 52 car -1 -1 -10 598 175 627 202 -1 -1 -1 -1000 -1000 -1000 -10 0.996779
201 57 car -1 -1 -10 0 169 382 375 -1 -1 -1 -1000 -1000 -1000 -10 0.999993
201 60 pedestrian -1 -1 -10 767 171 792 260 -1 -1 -1 -1000 -1000 -1000 -10 0.941972
201 61 pedestrian -1 -1 -10 719 169 747 257 -1 -1 -1 -1000 -1000 -1000 -10 0.979108
201 62 pedestrian -1 -1 -10 223 182 258 282 -1 -1 -1 -1000 -1000 -1000 -10 0.850974
202 52 car -1 -1 -10 600 174 628 202 -1 -1 -1 -1000 -1000 -1000 -10 0.997702
202 57 car -1 -1 -10 0 183 328 369 -1 -1 -1 -1000 -1000 -1000 -10 0.999953
202 61 pedestrian -1 -1 -10 737 174 768 266 -1 -1 -1 -1000 -1000 -1000 -10 0.924102
202 62 pedestrian -1 -1 -10 164 185 209 301 -1 -1 -1 -1000 -1000 -1000 -10 0.705148
202 63 pedestrian -1 -1 -10 790 175 820 271 -1 -1 -1 -1000 -1000 -1000 -10 0.962171
202 64 car -1 -1 -10 102 198 239 273 -1 -1 -1 -1000 -1000 -1000 -10 0.964316
203 52 car -1 -1 -10 602 174 629 202 -1 -1 -1 -1000 -1000 -1000 -10 0.991846
203 61 pedestrian -1 -1 -10 757 175 793 272 -1 -1 -1 -1000 -1000 -1000 -10 0.968547
203 62 pedestrian -1 -1 -10 87 187 137 321 -1 -1 -1 -1000 -1000 -1000 -10 0.760558
203 63 pedestrian -1 -1 -10 822 166 863 296 -1 -1 -1 -1000 -1000 -1000 -10 0.867931
203 64 car -1 -1 -10 0 197 194 298 -1 -1 -1 -1000 -1000 -1000 -10 0.978394
203 65 car -1 -1 -10 391 186 440 217 -1 -1 -1 -1000 -1000 -1000 -10 0.762533
204 52 car -1 -1 -10 601 176 629 204 -1 -1 -1 -1000 -1000 -1000 -10 0.999818
204 61 pedestrian -1 -1 -10 782 176 823 290 -1 -1 -1 -1000 -1000 -1000 -10 0.977383
204 63 pedestrian -1 -1 -10 857 159 916 331 -1 -1 -1 -1000 -1000 -1000 -10 0.954044
204 64 car -1 -1 -10 0 204 97 305 -1 -1 -1 -1000 -1000 -1000 -10 0.970135
204 65 car -1 -1 -10 373 188 426 221 -1 -1 -1 -1000 -1000 -1000 -10 0.936606
205 63 pedestrian -1 -1 -10 919 152 998 375 -1 -1 -1 -1000 -1000 -1000 -10 0.982099
205 65 car -1 -1 -10 351 192 415 230 -1 -1 -1 -1000 -1000 -1000 -10 0.999584
205 66 car -1 -1 -10 602 181 629 208 -1 -1 -1 -1000 -1000 -1000 -10 0.999471
205 67 pedestrian -1 -1 -10 811 181 872 323 -1 -1 -1 -1000 -1000 -1000 -10 0.918882
206 63 pedestrian -1 -1 -10 856 176 936 369 -1 -1 -1 -1000 -1000 -1000 -10 0.982246
206 65 car -1 -1 -10 322 196 395 237 -1 -1 -1 -1000 -1000 -1000 -10 0.999733
206 66 car -1 -1 -10 603 183 630 211 -1 -1 -1 -1000 -1000 -1000 -10 0.998834
206 68 pedestrian -1 -1 -10 1005 163 1167 362 -1 -1 -1 -1000 -1000 -1000 -10 0.736564
207 63 pedestrian -1 -1 -10 932 175 1037 359 -1 -1 -1 -1000 -1000 -1000 -10 0.937012
207 65 car -1 -1 -10 289 193 370 241 -1 -1 -1 -1000 -1000 -1000 -10 0.999101
207 66 car -1 -1 -10 603 182 630 209 -1 -1 -1 -1000 -1000 -1000 -10 0.999662
207 69 car -1 -1 -10 329 188 386 224 -1 -1 -1 -1000 -1000 -1000 -10 0.97181
208 52 car -1 -1 -10 603 178 629 204 -1 -1 -1 -1000 -1000 -1000 -10 0.999495
208 63 pedestrian -1 -1 -10 1046 180 1242 360 -1 -1 -1 -1000 -1000 -1000 -10 0.937962
208 65 car -1 -1 -10 239 190 341 250 -1 -1 -1 -1000 -1000 -1000 -10 0.999973
208 69 car -1 -1 -10 304 186 367 225 -1 -1 -1 -1000 -1000 -1000 -10 0.997668
209 52 car -1 -1 -10 603 178 629 204 -1 -1 -1 -1000 -1000 -1000 -10 0.999598
209 65 car -1 -1 -10 181 192 305 261 -1 -1 -1 -1000 -1000 -1000 -10 0.999975
209 70 car -1 -1 -10 265 185 341 234 -1 -1 -1 -1000 -1000 -1000 -10 0.982165
209 71 car -1 -1 -10 468 182 498 202 -1 -1 -1 -1000 -1000 -1000 -10 0.552126
210 52 car -1 -1 -10 602 177 631 204 -1 -1 -1 -1000 -1000 -1000 -10 0.999506
210 65 car -1 -1 -10 91 196 263 272 -1 -1 -1 -1000 -1000 -1000 -10 0.999583
210 70 car -1 -1 -10 225 187 312 238 -1 -1 -1 -1000 -1000 -1000 -10 0.999161
210 71 car -1 -1 -10 460 182 491 203 -1 -1 -1 -1000 -1000 -1000 -10 0.979022
211 52 car -1 -1 -10 601 177 630 204 -1 -1 -1 -1000 -1000 -1000 -10 0.999606
211 65 car -1 -1 -10 0 197 195 292 -1 -1 -1 -1000 -1000 -1000 -10 0.999985
211 70 car -1 -1 -10 158 185 276 247 -1 -1 -1 -1000 -1000 -1000 -10 0.99968
211 71 car -1 -1 -10 449 183 483 204 -1 -1 -1 -1000 -1000 -1000 -10 0.994731
212 52 car -1 -1 -10 601 175 630 203 -1 -1 -1 -1000 -1000 -1000 -10 0.999641
212 65 car -1 -1 -10 0 199 108 314 -1 -1 -1 -1000 -1000 -1000 -10 0.998456
212 70 car -1 -1 -10 86 182 232 256 -1 -1 -1 -1000 -1000 -1000 -10 0.999797
212 71 car -1 -1 -10 437 182 474 205 -1 -1 -1 -1000 -1000 -1000 -10 0.999179
213 52 car -1 -1 -10 600 176 629 203 -1 -1 -1 -1000 -1000 -1000 -10 0.999745
213 65 car -1 -1 -10 0 190 176 273 -1 -1 -1 -1000 -1000 -1000 -10 0.999449
213 71 car -1 -1 -10 423 183 462 208 -1 -1 -1 -1000 -1000 -1000 -10 0.998246
214 52 car -1 -1 -10 600 172 628 199 -1 -1 -1 -1000 -1000 -1000 -10 0.999396
214 65 car -1 -1 -10 0 183 94 284 -1 -1 -1 -1000 -1000 -1000 -10 0.999169
214 71 car -1 -1 -10 407 180 452 206 -1 -1 -1 -1000 -1000 -1000 -10 0.999757
215 52 car -1 -1 -10 600 173 628 200 -1 -1 -1 -1000 -1000 -1000 -10 0.994343
215 71 car -1 -1 -10 392 182 440 211 -1 -1 -1 -1000 -1000 -1000 -10 0.999584
216 52 car -1 -1 -10 600 176 628 203 -1 -1 -1 -1000 -1000 -1000 -10 0.999476
216 71 car -1 -1 -10 373 186 425 215 -1 -1 -1 -1000 -1000 -1000 -10 0.999929
217 52 car -1 -1 -10 600 177 627 204 -1 -1 -1 -1000 -1000 -1000 -10 0.999214
217 72 car -1 -1 -10 349 186 408 221 -1 -1 -1 -1000 -1000 -1000 -10 0.999772
218 52 car -1 -1 -10 600 177 628 204 -1 -1 -1 -1000 -1000 -1000 -10 0.999389
218 72 car -1 -1 -10 325 187 388 224 -1 -1 -1 -1000 -1000 -1000 -10 0.999996
219 52 car -1 -1 -10 600 175 628 203 -1 -1 -1 -1000 -1000 -1000 -10 0.999231
219 72 car -1 -1 -10 291 189 365 228 -1 -1 -1 -1000 -1000 -1000 -10 0.999829
220 52 car -1 -1 -10 600 173 627 199 -1 -1 -1 -1000 -1000 -1000 -10 0.998942
220 72 car -1 -1 -10 250 186 337 234 -1 -1 -1 -1000 -1000 -1000 -10 0.999968
221 52 car -1 -1 -10 601 172 628 198 -1 -1 -1 -1000 -1000 -1000 -10 0.997935
221 72 car -1 -1 -10 194 187 301 244 -1 -1 -1 -1000 -1000 -1000 -10 0.999987
222 52 car -1 -1 -10 601 173 628 199 -1 -1 -1 -1000 -1000 -1000 -10 0.995959
222 70 car -1 -1 -10 122 189 261 260 -1 -1 -1 -1000 -1000 -1000 -10 0.999995
223 52 car -1 -1 -10 600 176 628 204 -1 -1 -1 -1000 -1000 -1000 -10 0.999244
223 70 car -1 -1 -10 14 196 209 276 -1 -1 -1 -1000 -1000 -1000 -10 0.999983
224 52 car -1 -1 -10 601 180 627 207 -1 -1 -1 -1000 -1000 -1000 -10 0.999372
224 65 car -1 -1 -10 0 201 131 301 -1 -1 -1 -1000 -1000 -1000 -10 0.999584
224 73 pedestrian -1 -1 -10 872 164 897 244 -1 -1 -1 -1000 -1000 -1000 -10 0.990109
225 52 car -1 -1 -10 600 180 626 208 -1 -1 -1 -1000 -1000 -1000 -10 0.998828
225 74 pedestrian -1 -1 -10 897 164 925 246 -1 -1 -1 -1000 -1000 -1000 -10 0.931658
226 52 car -1 -1 -10 600 180 626 206 -1 -1 -1 -1000 -1000 -1000 -10 0.998947
226 75 pedestrian -1 -1 -10 930 165 961 258 -1 -1 -1 -1000 -1000 -1000 -10 0.974479
227 52 car -1 -1 -10 599 180 625 207 -1 -1 -1 -1000 -1000 -1000 -10 0.998602
227 76 car -1 -1 -10 441 186 468 206 -1 -1 -1 -1000 -1000 -1000 -10 0.368174
227 77 pedestrian -1 -1 -10 971 167 1009 265 -1 -1 -1 -1000 -1000 -1000 -10 0.97491
228 52 car -1 -1 -10 599 181 625 208 -1 -1 -1 -1000 -1000 -1000 -10 0.998191
228 76 car -1 -1 -10 480 185 509 207 -1 -1 -1 -1000 -1000 -1000 -10 0.984476
228 77 pedestrian -1 -1 -10 1026 162 1074 286 -1 -1 -1 -1000 -1000 -1000 -10 0.845875
228 78 car -1 -1 -10 432 189 463 209 -1 -1 -1 -1000 -1000 -1000 -10 0.984471
229 52 car -1 -1 -10 599 181 626 209 -1 -1 -1 -1000 -1000 -1000 -10 0.99888
229 76 car -1 -1 -10 472 186 503 207 -1 -1 -1 -1000 -1000 -1000 -10 0.984151
229 77 pedestrian -1 -1 -10 1092 160 1165 309 -1 -1 -1 -1000 -1000 -1000 -10 0.973185
229 78 car -1 -1 -10 419 189 455 211 -1 -1 -1 -1000 -1000 -1000 -10 0.994483
230 52 car -1 -1 -10 598 179 625 206 -1 -1 -1 -1000 -1000 -1000 -10 0.998948
230 76 car -1 -1 -10 462 184 497 207 -1 -1 -1 -1000 -1000 -1000 -10 0.997491
230 78 car -1 -1 -10 408 188 445 209 -1 -1 -1 -1000 -1000 -1000 -10 0.994611
231 52 car -1 -1 -10 598 177 625 205 -1 -1 -1 -1000 -1000 -1000 -10 0.999412
231 76 car -1 -1 -10 451 183 486 207 -1 -1 -1 -1000 -1000 -1000 -10 0.998822
231 79 car -1 -1 -10 396 186 437 210 -1 -1 -1 -1000 -1000 -1000 -10 0.99862
232 52 car -1 -1 -10 599 177 626 205 -1 -1 -1 -1000 -1000 -1000 -10 0.999326
232 78 car -1 -1 -10 497 181 522 199 -1 -1 -1 -1000 -1000 -1000 -10 0.986357
232 79 car -1 -1 -10 382 186 428 213 -1 -1 -1 -1000 -1000 -1000 -10 0.999888
232 80 car -1 -1 -10 441 183 480 209 -1 -1 -1 -1000 -1000 -1000 -10 0.999694
233 52 car -1 -1 -10 597 176 626 203 -1 -1 -1 -1000 -1000 -1000 -10 0.999119
233 79 car -1 -1 -10 364 185 415 214 -1 -1 -1 -1000 -1000 -1000 -10 0.999868
233 80 car -1 -1 -10 426 184 469 209 -1 -1 -1 -1000 -1000 -1000 -10 0.99947
233 81 car -1 -1 -10 492 179 518 199 -1 -1 -1 -1000 -1000 -1000 -10 0.980157
234 52 car -1 -1 -10 597 174 627 201 -1 -1 -1 -1000 -1000 -1000 -10 0.996814
234 78 car -1 -1 -10 487 176 514 196 -1 -1 -1 -1000 -1000 -1000 -10 0.817801
234 79 car -1 -1 -10 346 184 401 214 -1 -1 -1 -1000 -1000 -1000 -10 0.999902
234 80 car -1 -1 -10 408 180 457 213 -1 -1 -1 -1000 -1000 -1000 -10 0.999221
235 52 car -1 -1 -10 596 174 628 201 -1 -1 -1 -1000 -1000 -1000 -10 0.99814
235 79 car -1 -1 -10 324 185 387 218 -1 -1 -1 -1000 -1000 -1000 -10 0.999912
235 81 car -1 -1 -10 482 179 510 200 -1 -1 -1 -1000 -1000 -1000 -10 0.967635
235 82 car -1 -1 -10 387 183 444 216 -1 -1 -1 -1000 -1000 -1000 -10 0.999838
236 52 car -1 -1 -10 597 176 627 204 -1 -1 -1 -1000 -1000 -1000 -10 0.999442
236 76 car -1 -1 -10 475 182 505 202 -1 -1 -1 -1000 -1000 -1000 -10 0.991715
236 79 car -1 -1 -10 300 187 368 226 -1 -1 -1 -1000 -1000 -1000 -10 0.999983
236 83 car -1 -1 -10 363 186 427 223 -1 -1 -1 -1000 -1000 -1000 -10 0.999995
237 52 car -1 -1 -10 597 177 627 204 -1 -1 -1 -1000 -1000 -1000 -10 0.999339
237 76 car -1 -1 -10 467 182 500 204 -1 -1 -1 -1000 -1000 -1000 -10 0.991245
237 79 car -1 -1 -10 267 190 344 231 -1 -1 -1 -1000 -1000 -1000 -10 0.999985
237 83 car -1 -1 -10 333 188 406 229 -1 -1 -1 -1000 -1000 -1000 -10 0.999859
238 52 car -1 -1 -10 597 177 627 204 -1 -1 -1 -1000 -1000 -1000 -10 0.999499
238 76 car -1 -1 -10 455 183 492 207 -1 -1 -1 -1000 -1000 -1000 -10 0.986728
238 79 car -1 -1 -10 226 191 322 237 -1 -1 -1 -1000 -1000 -1000 -10 0.999868
238 83 car -1 -1 -10 293 188 380 240 -1 -1 -1 -1000 -1000 -1000 -10 0.999974
239 52 car -1 -1 -10 597 177 627 204 -1 -1 -1 -1000 -1000 -1000 -10 0.999644
239 76 car -1 -1 -10 447 183 484 209 -1 -1 -1 -1000 -1000 -1000 -10 0.98889
239 79 car -1 -1 -10 174 190 289 246 -1 -1 -1 -1000 -1000 -1000 -10 0.99967
239 83 car -1 -1 -10 240 188 341 252 -1 -1 -1 -1000 -1000 -1000 -10 0.999995
240 52 car -1 -1 -10 597 176 627 203 -1 -1 -1 -1000 -1000 -1000 -10 0.999421
240 76 car -1 -1 -10 435 182 476 211 -1 -1 -1 -1000 -1000 -1000 -10 0.998559
240 79 car -1 -1 -10 114 195 243 252 -1 -1 -1 -1000 -1000 -1000 -10 0.999544
240 83 car -1 -1 -10 156 192 299 267 -1 -1 -1 -1000 -1000 -1000 -10 0.999857
241 52 car -1 -1 -10 597 175 627 203 -1 -1 -1 -1000 -1000 -1000 -10 0.999083
241 76 car -1 -1 -10 422 181 468 212 -1 -1 -1 -1000 -1000 -1000 -10 0.996957
241 83 car -1 -1 -10 30 193 227 288 -1 -1 -1 -1000 -1000 -1000 -10 0.999957
242 52 car -1 -1 -10 597 175 628 202 -1 -1 -1 -1000 -1000 -1000 -10 0.999312
242 83 car -1 -1 -10 0 194 139 321 -1 -1 -1 -1000 -1000 -1000 -10 0.999517
242 84 car -1 -1 -10 406 182 455 215 -1 -1 -1 -1000 -1000 -1000 -10 0.99926
243 52 car -1 -1 -10 597 176 627 203 -1 -1 -1 -1000 -1000 -1000 -10 0.99936
243 76 car -1 -1 -10 386 186 441 221 -1 -1 -1 -1000 -1000 -1000 -10 0.997718
243 83 car -1 -1 -10 0 181 28 304 -1 -1 -1 -1000 -1000 -1000 -10 0.560617
244 52 car -1 -1 -10 598 177 627 204 -1 -1 -1 -1000 -1000 -1000 -10 0.999745
244 76 car -1 -1 -10 363 187 423 226 -1 -1 -1 -1000 -1000 -1000 -10 0.99999
245 52 car -1 -1 -10 598 176 627 204 -1 -1 -1 -1000 -1000 -1000 -10 0.999819
245 76 car -1 -1 -10 333 188 404 231 -1 -1 -1 -1000 -1000 -1000 -10 0.999972
246 52 car -1 -1 -10 597 174 627 202 -1 -1 -1 -1000 -1000 -1000 -10 0.999416
246 76 car -1 -1 -10 295 188 375 239 -1 -1 -1 -1000 -1000 -1000 -10 0.99998
247 52 car -1 -1 -10 598 175 628 203 -1 -1 -1 -1000 -1000 -1000 -10 0.999777
247 76 car -1 -1 -10 240 188 344 250 -1 -1 -1 -1000 -1000 -1000 -10 0.999988
248 52 car -1 -1 -10 598 176 627 204 -1 -1 -1 -1000 -1000 -1000 -10 0.999905
248 79 car -1 -1 -10 168 194 315 267 -1 -1 -1 -1000 -1000 -1000 -10 0.999994
249 52 car -1 -1 -10 598 176 627 204 -1 -1 -1 -1000 -1000 -1000 -10 0.99993
249 79 car -1 -1 -10 60 196 256 290 -1 -1 -1 -1000 -1000 -1000 -10 0.99999
250 52 car -1 -1 -10 598 176 627 204 -1 -1 -1 -1000 -1000 -1000 -10 0.999916
250 79 car -1 -1 -10 0 198 172 321 -1 -1 -1 -1000 -1000 -1000 -10 0.999939
251 52 car -1 -1 -10 598 178 627 206 -1 -1 -1 -1000 -1000 -1000 -10 0.999941
251 83 car -1 -1 -10 0 207 46 348 -1 -1 -1 -1000 -1000 -1000 -10 0.93099
252 52 car -1 -1 -10 598 179 627 209 -1 -1 -1 -1000 -1000 -1000 -10 0.999935
253 52 car -1 -1 -10 598 180 628 210 -1 -1 -1 -1000 -1000 -1000 -10 0.999924
254 52 car -1 -1 -10 598 179 628 209 -1 -1 -1 -1000 -1000 -1000 -10 0.999941
255 52 car -1 -1 -10 598 180 628 209 -1 -1 -1 -1000 -1000 -1000 -10 0.999923
256 52 car -1 -1 -10 598 179 628 208 -1 -1 -1 -1000 -1000 -1000 -10 0.999912
257 52 car -1 -1 -10 598 176 628 205 -1 -1 -1 -1000 -1000 -1000 -10 0.99995
258 52 car -1 -1 -10 598 174 629 202 -1 -1 -1 -1000 -1000 -1000 -10 0.999548
259 52 car -1 -1 -10 597 171 628 201 -1 -1 -1 -1000 -1000 -1000 -10 0.999671
260 52 car -1 -1 -10 597 171 628 201 -1 -1 -1 -1000 -1000 -1000 -10 0.999742
261 52 car -1 -1 -10 597 175 628 203 -1 -1 -1 -1000 -1000 -1000 -10 0.99987
262 85 car -1 -1 -10 596 177 627 206 -1 -1 -1 -1000 -1000 -1000 -10 0.999863
263 85 car -1 -1 -10 596 177 627 206 -1 -1 -1 -1000 -1000 -1000 -10 0.999817
264 52 car -1 -1 -10 595 175 627 204 -1 -1 -1 -1000 -1000 -1000 -10 0.999834
265 86 car -1 -1 -10 595 174 627 202 -1 -1 -1 -1000 -1000 -1000 -10 0.997082
266 86 car -1 -1 -10 595 171 627 201 -1 -1 -1 -1000 -1000 -1000 -10 0.997194
267 86 car -1 -1 -10 593 170 626 201 -1 -1 -1 -1000 -1000 -1000 -10 0.996146
268 86 car -1 -1 -10 593 170 625 200 -1 -1 -1 -1000 -1000 -1000 -10 0.999082
269 52 car -1 -1 -10 592 174 625 204 -1 -1 -1 -1000 -1000 -1000 -10 0.999716
270 86 car -1 -1 -10 593 180 623 210 -1 -1 -1 -1000 -1000 -1000 -10 0.99985
271 86 car -1 -1 -10 591 181 624 211 -1 -1 -1 -1000 -1000 -1000 -10 0.999705
272 86 car -1 -1 -10 591 181 622 212 -1 -1 -1 -1000 -1000 -1000 -10 0.999791
273 86 car -1 -1 -10 591 180 621 211 -1 -1 -1 -1000 -1000 -1000 -10 0.999868
274 86 car -1 -1 -10 590 180 620 211 -1 -1 -1 -1000 -1000 -1000 -10 0.999909
275 86 car -1 -1 -10 589 179 619 210 -1 -1 -1 -1000 -1000 -1000 -10 0.999958
276 86 car -1 -1 -10 588 177 618 209 -1 -1 -1 -1000 -1000 -1000 -10 0.999933
277 52 car -1 -1 -10 588 175 617 207 -1 -1 -1 -1000 -1000 -1000 -10 0.999955
278 52 car -1 -1 -10 587 175 616 206 -1 -1 -1 -1000 -1000 -1000 -10 0.999959
279 52 car -1 -1 -10 587 174 617 205 -1 -1 -1 -1000 -1000 -1000 -10 0.999922
280 52 car -1 -1 -10 588 174 618 205 -1 -1 -1 -1000 -1000 -1000 -10 0.999705
281 52 car -1 -1 -10 587 173 618 203 -1 -1 -1 -1000 -1000 -1000 -10 0.999488
282 52 car -1 -1 -10 587 173 617 202 -1 -1 -1 -1000 -1000 -1000 -10 0.998871
283 52 car -1 -1 -10 586 171 617 201 -1 -1 -1 -1000 -1000 -1000 -10 0.999616
284 52 car -1 -1 -10 586 171 617 201 -1 -1 -1 -1000 -1000 -1000 -10 0.999841
285 52 car -1 -1 -10 587 171 617 201 -1 -1 -1 -1000 -1000 -1000 -10 0.999769
286 52 car -1 -1 -10 587 170 617 202 -1 -1 -1 -1000 -1000 -1000 -10 0.999126
287 87 car -1 -1 -10 587 172 618 203 -1 -1 -1 -1000 -1000 -1000 -10 0.998633
288 88 car -1 -1 -10 588 173 618 204 -1 -1 -1 -1000 -1000 -1000 -10 0.999778
289 88 car -1 -1 -10 588 173 618 205 -1 -1 -1 -1000 -1000 -1000 -10 0.999896
290 87 car -1 -1 -10 588 170 618 203 -1 -1 -1 -1000 -1000 -1000 -10 0.99936
291 87 car -1 -1 -10 588 169 618 202 -1 -1 -1 -1000 -1000 -1000 -10 0.999947
292 87 car -1 -1 -10 588 169 618 202 -1 -1 -1 -1000 -1000 -1000 -10 0.999961
293 87 car -1 -1 -10 588 169 619 202 -1 -1 -1 -1000 -1000 -1000 -10 0.999916
294 87 car -1 -1 -10 589 170 620 202 -1 -1 -1 -1000 -1000 -1000 -10 0.999543
295 87 car -1 -1 -10 589 172 620 203 -1 -1 -1 -1000 -1000 -1000 -10 0.99825
296 87 car -1 -1 -10 589 172 620 203 -1 -1 -1 -1000 -1000 -1000 -10 0.999284
297 87 car -1 -1 -10 589 173 620 204 -1 -1 -1 -1000 -1000 -1000 -10 0.999733
298 87 car -1 -1 -10 589 173 620 204 -1 -1 -1 -1000 -1000 -1000 -10 0.999776
299 89 car -1 -1 -10 590 173 622 204 -1 -1 -1 -1000 -1000 -1000 -10 0.999904
300 89 car -1 -1 -10 591 174 623 203 -1 -1 -1 -1000 -1000 -1000 -10 0.999891
301 89 car -1 -1 -10 590 175 623 204 -1 -1 -1 -1000 -1000 -1000 -10 0.9999
302 89 car -1 -1 -10 591 175 624 204 -1 -1 -1 -1000 -1000 -1000 -10 0.999929
303 89 car -1 -1 -10 592 175 625 204 -1 -1 -1 -1000 -1000 -1000 -10 0.999955
304 89 car -1 -1 -10 593 176 624 205 -1 -1 -1 -1000 -1000 -1000 -10 0.999953
304 90 pedestrian -1 -1 -10 51 197 77 251 -1 -1 -1 -1000 -1000 -1000 -10 0.870436
305 89 car -1 -1 -10 594 178 624 207 -1 -1 -1 -1000 -1000 -1000 -10 0.999917
306 89 car -1 -1 -10 593 177 624 207 -1 -1 -1 -1000 -1000 -1000 -10 0.999904
307 89 car -1 -1 -10 594 177 624 205 -1 -1 -1 -1000 -1000 -1000 -10 0.9999
308 89 car -1 -1 -10 594 178 624 206 -1 -1 -1 -1000 -1000 -1000 -10 0.999832
309 91 car -1 -1 -10 594 179 623 209 -1 -1 -1 -1000 -1000 -1000 -10 0.99994
310 91 car -1 -1 -10 593 181 624 210 -1 -1 -1 -1000 -1000 -1000 -10 0.999947
311 91 car -1 -1 -10 593 180 623 209 -1 -1 -1 -1000 -1000 -1000 -10 0.999949
312 91 car -1 -1 -10 593 180 623 210 -1 -1 -1 -1000 -1000 -1000 -10 0.999954
313 91 car -1 -1 -10 592 182 623 211 -1 -1 -1 -1000 -1000 -1000 -10 0.999838
