0 0 car -1 -1 -10 288 183 517 292 -1 -1 -1 -1000 -1000 -1000 -10 0.99996
1 1 car -1 -1 -10 204 180 493 298 -1 -1 -1 -1000 -1000 -1000 -10 0.999953
2 2 car -1 -1 -10 124 179 436 309 -1 -1 -1 -1000 -1000 -1000 -10 0.999982
3 2 car -1 -1 -10 28 186 365 319 -1 -1 -1 -1000 -1000 -1000 -10 0.999607
4 3 car -1 -1 -10 0 186 313 345 -1 -1 -1 -1000 -1000 -1000 -10 0.999926
5 3 car -1 -1 -10 0 184 248 356 -1 -1 -1 -1000 -1000 -1000 -10 0.999873
5 4 car -1 -1 -10 1178 182 1242 218 -1 -1 -1 -1000 -1000 -1000 -10 0.603928
6 3 car -1 -1 -10 0 191 158 356 -1 -1 -1 -1000 -1000 -1000 -10 0.999971
6 5 car -1 -1 -10 1137 178 1242 220 -1 -1 -1 -1000 -1000 -1000 -10 0.982879
7 3 car -1 -1 -10 0 197 44 355 -1 -1 -1 -1000 -1000 -1000 -10 0.544911
7 5 car -1 -1 -10 1101 177 1242 219 -1 -1 -1 -1000 -1000 -1000 -10 0.999753
8 5 car -1 -1 -10 1072 176 1223 217 -1 -1 -1 -1000 -1000 -1000 -10 0.999913
9 5 car -1 -1 -10 1038 179 1186 215 -1 -1 -1 -1000 -1000 -1000 -10 0.992181
10 5 car -1 -1 -10 1010 177 1153 214 -1 -1 -1 -1000 -1000 -1000 -10 0.999678
11 5 car -1 -1 -10 999 178 1107 214 -1 -1 -1 -1000 -1000 -1000 -10 0.996121
12 5 car -1 -1 -10 968 180 1072 212 -1 -1 -1 -1000 -1000 -1000 -10 0.995926
13 5 car -1 -1 -10 941 178 1046 211 -1 -1 -1 -1000 -1000 -1000 -10 0.997191
14 5 car -1 -1 -10 923 179 1018 209 -1 -1 -1 -1000 -1000 -1000 -10 0.989177
15 5 car -1 -1 -10 900 176 982 208 -1 -1 -1 -1000 -1000 -1000 -10 0.94816
16 5 car -1 -1 -10 876 178 967 208 -1 -1 -1 -1000 -1000 -1000 -10 0.998363
17 5 car -1 -1 -10 859 173 948 207 -1 -1 -1 -1000 -1000 -1000 -10 0.999839
18 6 car -1 -1 -10 843 174 926 206 -1 -1 -1 -1000 -1000 -1000 -10 0.999777
19 7 car -1 -1 -10 826 174 907 205 -1 -1 -1 -1000 -1000 -1000 -10 0.999938
20 8 car -1 -1 -10 811 175 890 205 -1 -1 -1 -1000 -1000 -1000 -10 0.999788
21 8 car -1 -1 -10 795 175 874 203 -1 -1 -1 -1000 -1000 -1000 -10 0.99994
22 6 car -1 -1 -10 785 175 856 202 -1 -1 -1 -1000 -1000 -1000 -10 0.999702
23 6 car -1 -1 -10 771 175 841 201 -1 -1 -1 -1000 -1000 -1000 -10 0.999493
24 8 car -1 -1 -10 758 174 828 202 -1 -1 -1 -1000 -1000 -1000 -10 0.999229
25 6 car -1 -1 -10 746 175 814 200 -1 -1 -1 -1000 -1000 -1000 -10 0.996288
26 8 car -1 -1 -10 738 173 798 199 -1 -1 -1 -1000 -1000 -1000 -10 0.998331
27 8 car -1 -1 -10 730 174 785 198 -1 -1 -1 -1000 -1000 -1000 -10 0.999507
28 6 car -1 -1 -10 722 174 775 198 -1 -1 -1 -1000 -1000 -1000 -10 0.999839
29 6 car -1 -1 -10 714 174 766 197 -1 -1 -1 -1000 -1000 -1000 -10 0.999786
30 6 car -1 -1 -10 706 174 755 197 -1 -1 -1 -1000 -1000 -1000 -10 0.999802
31 8 car -1 -1 -10 699 174 748 196 -1 -1 -1 -1000 -1000 -1000 -10 0.999701
32 6 car -1 -1 -10 695 173 739 196 -1 -1 -1 -1000 -1000 -1000 -10 0.999912
33 9 car -1 -1 -10 690 173 731 196 -1 -1 -1 -1000 -1000 -1000 -10 0.999943
34 10 car -1 -1 -10 684 173 725 195 -1 -1 -1 -1000 -1000 -1000 -10 0.999769
35 9 car -1 -1 -10 680 173 719 194 -1 -1 -1 -1000 -1000 -1000 -10 0.999801
36 10 car -1 -1 -10 676 173 713 194 -1 -1 -1 -1000 -1000 -1000 -10 0.99965
36 11 car -1 -1 -10 1144 188 1242 372 -1 -1 -1 -1000 -1000 -1000 -10 0.52028
37 10 car -1 -1 -10 673 173 707 193 -1 -1 -1 -1000 -1000 -1000 -10 0.999659
37 11 car -1 -1 -10 1074 200 1242 369 -1 -1 -1 -1000 -1000 -1000 -10 0.99566
38 10 car -1 -1 -10 671 173 702 192 -1 -1 -1 -1000 -1000 -1000 -10 0.99962
38 11 car -1 -1 -10 1009 209 1242 365 -1 -1 -1 -1000 -1000 -1000 -10 0.997737
39 10 car -1 -1 -10 669 173 699 192 -1 -1 -1 -1000 -1000 -1000 -10 0.998566
39 11 car -1 -1 -10 960 199 1242 374 -1 -1 -1 -1000 -1000 -1000 -10 0.999038
40 10 car -1 -1 -10 665 173 695 192 -1 -1 -1 -1000 -1000 -1000 -10 0.998898
40 11 car -1 -1 -10 914 189 1242 375 -1 -1 -1 -1000 -1000 -1000 -10 0.99975
41 10 car -1 -1 -10 664 174 691 191 -1 -1 -1 -1000 -1000 -1000 -10 0.997653
41 11 car -1 -1 -10 879 190 1242 373 -1 -1 -1 -1000 -1000 -1000 -10 0.999913
42 10 car -1 -1 -10 662 173 689 190 -1 -1 -1 -1000 -1000 -1000 -10 0.995142
42 11 car -1 -1 -10 856 193 1180 370 -1 -1 -1 -1000 -1000 -1000 -10 0.999988
42 12 car -1 -1 -10 1163 188 1242 331 -1 -1 -1 -1000 -1000 -1000 -10 0.32402
43 10 car -1 -1 -10 660 173 686 190 -1 -1 -1 -1000 -1000 -1000 -10 0.975711
43 11 car -1 -1 -10 834 191 1108 350 -1 -1 -1 -1000 -1000 -1000 -10 0.999989
43 12 car -1 -1 -10 1125 196 1242 315 -1 -1 -1 -1000 -1000 -1000 -10 0.979627
44 11 car -1 -1 -10 821 188 1047 329 -1 -1 -1 -1000 -1000 -1000 -10 0.999985
44 12 car -1 -1 -10 1093 195 1242 311 -1 -1 -1 -1000 -1000 -1000 -10 0.997058
45 11 car -1 -1 -10 794 187 1008 315 -1 -1 -1 -1000 -1000 -1000 -10 0.999951
45 12 car -1 -1 -10 1061 182 1242 312 -1 -1 -1 -1000 -1000 -1000 -10 0.992275
46 11 car -1 -1 -10 786 185 961 300 -1 -1 -1 -1000 -1000 -1000 -10 0.999992
46 12 car -1 -1 -10 1028 185 1242 300 -1 -1 -1 -1000 -1000 -1000 -10 0.999455
47 11 car -1 -1 -10 771 187 933 287 -1 -1 -1 -1000 -1000 -1000 -10 0.999971
47 12 car -1 -1 -10 1007 183 1242 291 -1 -1 -1 -1000 -1000 -1000 -10 0.999864
48 11 car -1 -1 -10 758 187 906 279 -1 -1 -1 -1000 -1000 -1000 -10 0.999875
48 12 car -1 -1 -10 975 182 1190 285 -1 -1 -1 -1000 -1000 -1000 -10 0.999899
49 11 car -1 -1 -10 753 184 878 275 -1 -1 -1 -1000 -1000 -1000 -10 0.999948
49 12 car -1 -1 -10 948 184 1148 276 -1 -1 -1 -1000 -1000 -1000 -10 0.999938
50 11 car -1 -1 -10 745 181 855 268 -1 -1 -1 -1000 -1000 -1000 -10 0.999995
50 12 car -1 -1 -10 926 182 1103 265 -1 -1 -1 -1000 -1000 -1000 -10 0.999913
51 11 car -1 -1 -10 733 179 838 261 -1 -1 -1 -1000 -1000 -1000 -10 0.999995
51 12 car -1 -1 -10 911 181 1064 260 -1 -1 -1 -1000 -1000 -1000 -10 0.999931
52 11 car -1 -1 -10 728 178 820 255 -1 -1 -1 -1000 -1000 -1000 -10 0.999987
52 12 car -1 -1 -10 895 179 1036 255 -1 -1 -1 -1000 -1000 -1000 -10 0.999986
53 11 car -1 -1 -10 720 177 805 251 -1 -1 -1 -1000 -1000 -1000 -10 0.999967
53 12 car -1 -1 -10 880 179 1006 251 -1 -1 -1 -1000 -1000 -1000 -10 0.999994
53 13 car -1 -1 -10 1193 194 1242 332 -1 -1 -1 -1000 -1000 -1000 -10 0.708075
54 11 car -1 -1 -10 714 180 791 242 -1 -1 -1 -1000 -1000 -1000 -10 0.999961
54 12 car -1 -1 -10 865 179 984 245 -1 -1 -1 -1000 -1000 -1000 -10 0.999995
54 13 car -1 -1 -10 1143 199 1242 322 -1 -1 -1 -1000 -1000 -1000 -10 0.993958
55 11 car -1 -1 -10 707 180 779 239 -1 -1 -1 -1000 -1000 -1000 -10 0.999987
55 12 car -1 -1 -10 851 180 965 240 -1 -1 -1 -1000 -1000 -1000 -10 0.999988
55 13 car -1 -1 -10 1109 197 1242 320 -1 -1 -1 -1000 -1000 -1000 -10 0.999601
56 11 car -1 -1 -10 699 179 769 234 -1 -1 -1 -1000 -1000 -1000 -10 0.999961
56 12 car -1 -1 -10 841 182 944 236 -1 -1 -1 -1000 -1000 -1000 -10 0.999141
56 13 car -1 -1 -10 1087 223 1242 375 -1 -1 -1 -1000 -1000 -1000 -10 0.972524
56 14 car -1 -1 -10 1080 169 1242 320 -1 -1 -1 -1000 -1000 -1000 -10 0.335268
57 11 car -1 -1 -10 695 180 758 230 -1 -1 -1 -1000 -1000 -1000 -10 0.999992
57 12 car -1 -1 -10 830 178 926 234 -1 -1 -1 -1000 -1000 -1000 -10 0.999754
57 13 car -1 -1 -10 1021 212 1242 375 -1 -1 -1 -1000 -1000 -1000 -10 0.948337
57 14 car -1 -1 -10 1042 187 1242 308 -1 -1 -1 -1000 -1000 -1000 -10 0.982774
58 11 car -1 -1 -10 689 178 750 226 -1 -1 -1 -1000 -1000 -1000 -10 0.999997
58 12 car -1 -1 -10 820 179 908 230 -1 -1 -1 -1000 -1000 -1000 -10 0.999988
58 13 car -1 -1 -10 963 223 1242 373 -1 -1 -1 -1000 -1000 -1000 -10 0.963332
58 14 car -1 -1 -10 1011 176 1242 313 -1 -1 -1 -1000 -1000 -1000 -10 0.97442
59 11 car -1 -1 -10 683 179 742 224 -1 -1 -1 -1000 -1000 -1000 -10 0.999989
59 12 car -1 -1 -10 809 179 894 226 -1 -1 -1 -1000 -1000 -1000 -10 0.999988
59 13 car -1 -1 -10 918 221 1242 373 -1 -1 -1 -1000 -1000 -1000 -10 0.957767
59 14 car -1 -1 -10 990 182 1242 302 -1 -1 -1 -1000 -1000 -1000 -10 0.987862
60 11 car -1 -1 -10 679 179 733 221 -1 -1 -1 -1000 -1000 -1000 -10 0.999986
60 12 car -1 -1 -10 799 178 878 223 -1 -1 -1 -1000 -1000 -1000 -10 0.999968
60 13 car -1 -1 -10 895 200 1242 375 -1 -1 -1 -1000 -1000 -1000 -10 0.93137
60 14 car -1 -1 -10 955 182 1242 303 -1 -1 -1 -1000 -1000 -1000 -10 0.989972
61 11 car -1 -1 -10 676 179 727 219 -1 -1 -1 -1000 -1000 -1000 -10 0.999921
61 12 car -1 -1 -10 792 178 864 220 -1 -1 -1 -1000 -1000 -1000 -10 0.999966
61 13 car -1 -1 -10 858 185 1242 375 -1 -1 -1 -1000 -1000 -1000 -10 0.995497
61 14 car -1 -1 -10 937 183 1194 289 -1 -1 -1 -1000 -1000 -1000 -10 0.995071
62 13 car -1 -1 -10 826 196 1233 375 -1 -1 -1 -1000 -1000 -1000 -10 0.998401
62 14 car -1 -1 -10 904 183 1150 280 -1 -1 -1 -1000 -1000 -1000 -10 0.992943
62 15 car -1 -1 -10 783 179 853 218 -1 -1 -1 -1000 -1000 -1000 -10 0.99997
62 16 car -1 -1 -10 671 179 722 217 -1 -1 -1 -1000 -1000 -1000 -10 0.999873
63 11 car -1 -1 -10 666 177 717 215 -1 -1 -1 -1000 -1000 -1000 -10 0.999821
63 13 car -1 -1 -10 807 197 1143 375 -1 -1 -1 -1000 -1000 -1000 -10 0.999846
63 14 car -1 -1 -10 895 180 1088 269 -1 -1 -1 -1000 -1000 -1000 -10 0.998591
63 15 car -1 -1 -10 778 178 842 216 -1 -1 -1 -1000 -1000 -1000 -10 0.999883
64 13 car -1 -1 -10 791 199 1077 354 -1 -1 -1 -1000 -1000 -1000 -10 0.999982
64 14 car -1 -1 -10 880 179 1053 260 -1 -1 -1 -1000 -1000 -1000 -10 0.997909
64 15 car -1 -1 -10 769 178 830 216 -1 -1 -1 -1000 -1000 -1000 -10 0.999968
64 16 car -1 -1 -10 664 178 710 214 -1 -1 -1 -1000 -1000 -1000 -10 0.999981
65 13 car -1 -1 -10 788 196 1007 337 -1 -1 -1 -1000 -1000 -1000 -10 0.999933
65 14 car -1 -1 -10 860 177 1028 249 -1 -1 -1 -1000 -1000 -1000 -10 0.999619
65 15 car -1 -1 -10 761 179 819 213 -1 -1 -1 -1000 -1000 -1000 -10 0.999925
65 16 car -1 -1 -10 661 178 706 213 -1 -1 -1 -1000 -1000 -1000 -10 0.999885
66 13 car -1 -1 -10 764 190 969 316 -1 -1 -1 -1000 -1000 -1000 -10 0.999893
66 14 car -1 -1 -10 851 176 996 247 -1 -1 -1 -1000 -1000 -1000 -10 0.999913
66 15 car -1 -1 -10 754 177 812 212 -1 -1 -1 -1000 -1000 -1000 -10 0.99969
66 16 car -1 -1 -10 659 177 698 211 -1 -1 -1 -1000 -1000 -1000 -10 0.999986
67 13 car -1 -1 -10 750 189 938 304 -1 -1 -1 -1000 -1000 -1000 -10 0.999987
67 14 car -1 -1 -10 840 177 966 244 -1 -1 -1 -1000 -1000 -1000 -10 0.999865
67 15 car -1 -1 -10 748 176 801 212 -1 -1 -1 -1000 -1000 -1000 -10 0.999634
67 16 car -1 -1 -10 657 177 694 209 -1 -1 -1 -1000 -1000 -1000 -10 0.999982
68 13 car -1 -1 -10 739 189 905 291 -1 -1 -1 -1000 -1000 -1000 -10 0.999979
68 14 car -1 -1 -10 828 178 943 240 -1 -1 -1 -1000 -1000 -1000 -10 0.999739
68 15 car -1 -1 -10 740 177 795 210 -1 -1 -1 -1000 -1000 -1000 -10 0.999132
68 17 car -1 -1 -10 655 176 689 208 -1 -1 -1 -1000 -1000 -1000 -10 0.999873
69 11 car -1 -1 -10 653 177 686 206 -1 -1 -1 -1000 -1000 -1000 -10 0.999969
69 13 car -1 -1 -10 724 187 883 281 -1 -1 -1 -1000 -1000 -1000 -10 0.999702
69 14 car -1 -1 -10 821 177 923 235 -1 -1 -1 -1000 -1000 -1000 -10 0.993198
69 18 car -1 -1 -10 735 176 783 209 -1 -1 -1 -1000 -1000 -1000 -10 0.999647
69 19 car -1 -1 -10 1139 165 1242 375 -1 -1 -1 -1000 -1000 -1000 -10 0.329425
69 20 car -1 -1 -10 1184 23 1242 330 -1 -1 -1 -1000 -1000 -1000 -10 0.314654
70 13 car -1 -1 -10 724 187 854 274 -1 -1 -1 -1000 -1000 -1000 -10 0.999759
70 14 car -1 -1 -10 809 177 904 229 -1 -1 -1 -1000 -1000 -1000 -10 0.999715
70 17 car -1 -1 -10 650 176 682 205 -1 -1 -1 -1000 -1000 -1000 -10 0.999936
70 18 car -1 -1 -10 729 176 778 209 -1 -1 -1 -1000 -1000 -1000 -10 0.999119
70 19 car -1 -1 -10 1059 193 1242 370 -1 -1 -1 -1000 -1000 -1000 -10 0.888927
70 21 car -1 -1 -10 1103 16 1242 359 -1 -1 -1 -1000 -1000 -1000 -10 0.433105
71 13 car -1 -1 -10 716 185 831 268 -1 -1 -1 -1000 -1000 -1000 -10 0.999979
71 14 car -1 -1 -10 802 177 884 226 -1 -1 -1 -1000 -1000 -1000 -10 0.999937
71 17 car -1 -1 -10 646 175 677 204 -1 -1 -1 -1000 -1000 -1000 -10 0.999408
71 18 car -1 -1 -10 721 176 768 206 -1 -1 -1 -1000 -1000 -1000 -10 0.993734
71 19 car -1 -1 -10 998 203 1242 372 -1 -1 -1 -1000 -1000 -1000 -10 0.999162
72 13 car -1 -1 -10 708 184 815 262 -1 -1 -1 -1000 -1000 -1000 -10 0.999993
72 14 car -1 -1 -10 788 177 867 223 -1 -1 -1 -1000 -1000 -1000 -10 0.999889
72 17 car -1 -1 -10 644 176 674 203 -1 -1 -1 -1000 -1000 -1000 -10 0.999776
72 18 car -1 -1 -10 720 176 763 204 -1 -1 -1 -1000 -1000 -1000 -10 0.997067
72 19 car -1 -1 -10 945 190 1242 375 -1 -1 -1 -1000 -1000 -1000 -10 0.994049
73 13 car -1 -1 -10 703 184 799 257 -1 -1 -1 -1000 -1000 -1000 -10 0.999986
73 14 car -1 -1 -10 779 178 853 220 -1 -1 -1 -1000 -1000 -1000 -10 0.999903
73 17 car -1 -1 -10 642 176 671 201 -1 -1 -1 -1000 -1000 -1000 -10 0.998864
73 18 car -1 -1 -10 714 176 758 202 -1 -1 -1 -1000 -1000 -1000 -10 0.953148
73 19 car -1 -1 -10 928 185 1242 375 -1 -1 -1 -1000 -1000 -1000 -10 0.979206
74 13 car -1 -1 -10 695 181 787 251 -1 -1 -1 -1000 -1000 -1000 -10 0.999957
74 14 car -1 -1 -10 770 177 840 217 -1 -1 -1 -1000 -1000 -1000 -10 0.999744
74 17 car -1 -1 -10 641 176 669 200 -1 -1 -1 -1000 -1000 -1000 -10 0.997592
74 18 car -1 -1 -10 707 176 750 201 -1 -1 -1 -1000 -1000 -1000 -10 0.981323
74 19 car -1 -1 -10 881 183 1242 374 -1 -1 -1 -1000 -1000 -1000 -10 0.999242
75 13 car -1 -1 -10 691 184 773 243 -1 -1 -1 -1000 -1000 -1000 -10 0.999983
75 14 car -1 -1 -10 758 177 827 216 -1 -1 -1 -1000 -1000 -1000 -10 0.999869
75 17 car -1 -1 -10 638 176 666 200 -1 -1 -1 -1000 -1000 -1000 -10 0.983625
75 18 car -1 -1 -10 703 174 742 202 -1 -1 -1 -1000 -1000 -1000 -10 0.818968
75 19 car -1 -1 -10 852 180 1242 375 -1 -1 -1 -1000 -1000 -1000 -10 0.999895
76 13 car -1 -1 -10 686 182 761 239 -1 -1 -1 -1000 -1000 -1000 -10 0.999994
76 14 car -1 -1 -10 754 176 815 213 -1 -1 -1 -1000 -1000 -1000 -10 0.999903
76 17 car -1 -1 -10 636 174 662 198 -1 -1 -1 -1000 -1000 -1000 -10 0.99571
76 18 car -1 -1 -10 698 175 736 197 -1 -1 -1 -1000 -1000 -1000 -10 0.846657
76 19 car -1 -1 -10 818 181 1241 375 -1 -1 -1 -1000 -1000 -1000 -10 0.999975
77 13 car -1 -1 -10 680 182 752 235 -1 -1 -1 -1000 -1000 -1000 -10 0.99998
77 15 car -1 -1 -10 748 177 808 211 -1 -1 -1 -1000 -1000 -1000 -10 0.999702
77 18 car -1 -1 -10 634 175 660 197 -1 -1 -1 -1000 -1000 -1000 -10 0.994444
77 19 car -1 -1 -10 809 187 1143 359 -1 -1 -1 -1000 -1000 -1000 -10 0.999972
77 22 car -1 -1 -10 694 173 731 198 -1 -1 -1 -1000 -1000 -1000 -10 0.958731
78 13 car -1 -1 -10 677 182 741 231 -1 -1 -1 -1000 -1000 -1000 -10 0.999999
78 15 car -1 -1 -10 740 177 797 210 -1 -1 -1 -1000 -1000 -1000 -10 0.999556
78 19 car -1 -1 -10 790 184 1074 342 -1 -1 -1 -1000 -1000 -1000 -10 0.999998
78 22 car -1 -1 -10 694 175 726 195 -1 -1 -1 -1000 -1000 -1000 -10 0.324802
79 13 car -1 -1 -10 671 182 735 227 -1 -1 -1 -1000 -1000 -1000 -10 0.999996
79 14 car -1 -1 -10 735 176 788 208 -1 -1 -1 -1000 -1000 -1000 -10 0.999897
79 19 car -1 -1 -10 781 183 1013 322 -1 -1 -1 -1000 -1000 -1000 -10 0.999992
80 13 car -1 -1 -10 667 182 726 224 -1 -1 -1 -1000 -1000 -1000 -10 0.999998
80 19 car -1 -1 -10 760 183 973 303 -1 -1 -1 -1000 -1000 -1000 -10 0.999976
80 22 car -1 -1 -10 629 176 655 195 -1 -1 -1 -1000 -1000 -1000 -10 0.869034
80 23 car -1 -1 -10 730 175 780 206 -1 -1 -1 -1000 -1000 -1000 -10 0.999914
81 13 car -1 -1 -10 664 181 720 223 -1 -1 -1 -1000 -1000 -1000 -10 0.999977
81 19 car -1 -1 -10 751 181 934 292 -1 -1 -1 -1000 -1000 -1000 -10 0.999997
81 23 car -1 -1 -10 725 176 773 204 -1 -1 -1 -1000 -1000 -1000 -10 0.99992
82 13 car -1 -1 -10 659 180 714 219 -1 -1 -1 -1000 -1000 -1000 -10 0.999983
82 19 car -1 -1 -10 739 181 903 282 -1 -1 -1 -1000 -1000 -1000 -10 0.999962
82 23 car -1 -1 -10 719 175 767 204 -1 -1 -1 -1000 -1000 -1000 -10 0.999888
83 19 car -1 -1 -10 730 181 876 273 -1 -1 -1 -1000 -1000 -1000 -10 0.999618
83 24 car -1 -1 -10 657 180 708 217 -1 -1 -1 -1000 -1000 -1000 -10 0.99996
83 25 car -1 -1 -10 716 177 761 204 -1 -1 -1 -1000 -1000 -1000 -10 0.999628
84 19 car -1 -1 -10 723 178 856 266 -1 -1 -1 -1000 -1000 -1000 -10 0.999961
84 23 car -1 -1 -10 709 176 753 203 -1 -1 -1 -1000 -1000 -1000 -10 0.999587
84 24 car -1 -1 -10 654 179 705 217 -1 -1 -1 -1000 -1000 -1000 -10 0.999899
85 19 car -1 -1 -10 715 176 833 262 -1 -1 -1 -1000 -1000 -1000 -10 0.99999
85 23 car -1 -1 -10 706 176 745 201 -1 -1 -1 -1000 -1000 -1000 -10 0.994406
85 24 car -1 -1 -10 652 178 698 215 -1 -1 -1 -1000 -1000 -1000 -10 0.999939
85 26 car -1 -1 -10 986 177 1079 211 -1 -1 -1 -1000 -1000 -1000 -10 0.96581
85 27 car -1 -1 -10 1154 224 1242 375 -1 -1 -1 -1000 -1000 -1000 -10 0.350735
86 19 car -1 -1 -10 710 174 816 255 -1 -1 -1 -1000 -1000 -1000 -10 0.999996
86 23 car -1 -1 -10 702 175 741 201 -1 -1 -1 -1000 -1000 -1000 -10 0.994133
86 24 car -1 -1 -10 651 179 696 213 -1 -1 -1 -1000 -1000 -1000 -10 0.999743
86 26 car -1 -1 -10 973 179 1070 210 -1 -1 -1 -1000 -1000 -1000 -10 0.994647
86 27 car -1 -1 -10 1081 186 1242 370 -1 -1 -1 -1000 -1000 -1000 -10 0.982917
87 18 car -1 -1 -10 696 175 736 197 -1 -1 -1 -1000 -1000 -1000 -10 0.972532
87 19 car -1 -1 -10 702 176 800 248 -1 -1 -1 -1000 -1000 -1000 -10 0.999992
87 24 car -1 -1 -10 647 179 690 212 -1 -1 -1 -1000 -1000 -1000 -10 0.999984
87 26 car -1 -1 -10 963 178 1054 210 -1 -1 -1 -1000 -1000 -1000 -10 0.998149
87 27 car -1 -1 -10 1002 189 1242 364 -1 -1 -1 -1000 -1000 -1000 -10 0.999312
88 19 car -1 -1 -10 697 174 788 245 -1 -1 -1 -1000 -1000 -1000 -10 0.999973
88 23 car -1 -1 -10 695 176 729 196 -1 -1 -1 -1000 -1000 -1000 -10 0.911868
88 24 car -1 -1 -10 647 179 686 210 -1 -1 -1 -1000 -1000 -1000 -10 0.999986
88 26 car -1 -1 -10 952 177 1044 210 -1 -1 -1 -1000 -1000 -1000 -10 0.999
88 27 car -1 -1 -10 958 172 1242 369 -1 -1 -1 -1000 -1000 -1000 -10 0.998892
89 19 car -1 -1 -10 687 175 776 238 -1 -1 -1 -1000 -1000 -1000 -10 0.999287
89 24 car -1 -1 -10 643 177 684 209 -1 -1 -1 -1000 -1000 -1000 -10 0.999798
89 26 car -1 -1 -10 940 178 1026 209 -1 -1 -1 -1000 -1000 -1000 -10 0.9996
89 27 car -1 -1 -10 918 157 1242 373 -1 -1 -1 -1000 -1000 -1000 -10 0.999822
90 18 car -1 -1 -10 641 179 678 208 -1 -1 -1 -1000 -1000 -1000 -10 0.999988
90 19 car -1 -1 -10 688 179 764 232 -1 -1 -1 -1000 -1000 -1000 -10 0.999909
90 26 car -1 -1 -10 927 178 1018 208 -1 -1 -1 -1000 -1000 -1000 -10 0.999405
90 27 car -1 -1 -10 875 155 1242 375 -1 -1 -1 -1000 -1000 -1000 -10 0.999595
91 18 car -1 -1 -10 638 178 675 207 -1 -1 -1 -1000 -1000 -1000 -10 0.99999
91 19 car -1 -1 -10 683 177 753 227 -1 -1 -1 -1000 -1000 -1000 -10 0.999977
91 26 car -1 -1 -10 920 178 1005 206 -1 -1 -1 -1000 -1000 -1000 -10 0.98579
91 27 car -1 -1 -10 850 162 1242 373 -1 -1 -1 -1000 -1000 -1000 -10 0.999885
92 18 car -1 -1 -10 637 176 672 206 -1 -1 -1 -1000 -1000 -1000 -10 0.99996
92 19 car -1 -1 -10 676 177 743 224 -1 -1 -1 -1000 -1000 -1000 -10 0.999977
92 26 car -1 -1 -10 913 176 990 206 -1 -1 -1 -1000 -1000 -1000 -10 0.981625
92 27 car -1 -1 -10 820 163 1242 372 -1 -1 -1 -1000 -1000 -1000 -10 0.999868
93 18 car -1 -1 -10 636 176 670 205 -1 -1 -1 -1000 -1000 -1000 -10 0.999873
93 19 car -1 -1 -10 674 177 736 222 -1 -1 -1 -1000 -1000 -1000 -10 0.999941
93 26 car -1 -1 -10 902 175 978 211 -1 -1 -1 -1000 -1000 -1000 -10 0.989284
93 27 car -1 -1 -10 810 172 1146 355 -1 -1 -1 -1000 -1000 -1000 -10 0.999934
94 19 car -1 -1 -10 669 178 728 219 -1 -1 -1 -1000 -1000 -1000 -10 0.999981
94 24 car -1 -1 -10 634 177 666 204 -1 -1 -1 -1000 -1000 -1000 -10 0.99988
94 26 car -1 -1 -10 890 175 969 209 -1 -1 -1 -1000 -1000 -1000 -10 0.969557
94 27 car -1 -1 -10 796 173 1077 336 -1 -1 -1 -1000 -1000 -1000 -10 0.999988
95 24 car -1 -1 -10 632 177 665 203 -1 -1 -1 -1000 -1000 -1000 -10 0.999797
95 26 car -1 -1 -10 889 174 964 209 -1 -1 -1 -1000 -1000 -1000 -10 0.896425
95 27 car -1 -1 -10 786 176 1015 316 -1 -1 -1 -1000 -1000 -1000 -10 0.999911
95 28 car -1 -1 -10 665 176 720 218 -1 -1 -1 -1000 -1000 -1000 -10 0.999914
96 24 car -1 -1 -10 631 177 663 201 -1 -1 -1 -1000 -1000 -1000 -10 0.999438
96 26 car -1 -1 -10 875 174 960 208 -1 -1 -1 -1000 -1000 -1000 -10 0.876617
96 27 car -1 -1 -10 770 172 978 305 -1 -1 -1 -1000 -1000 -1000 -10 0.99974
96 28 car -1 -1 -10 662 177 715 215 -1 -1 -1 -1000 -1000 -1000 -10 0.999946
97 18 car -1 -1 -10 630 176 661 201 -1 -1 -1 -1000 -1000 -1000 -10 0.998746
97 26 car -1 -1 -10 871 173 947 206 -1 -1 -1 -1000 -1000 -1000 -10 0.995977
97 27 car -1 -1 -10 753 171 941 290 -1 -1 -1 -1000 -1000 -1000 -10 0.999718
97 28 car -1 -1 -10 658 176 710 214 -1 -1 -1 -1000 -1000 -1000 -10 0.999705
97 29 car -1 -1 -10 1053 198 1242 374 -1 -1 -1 -1000 -1000 -1000 -10 0.895917
98 18 car -1 -1 -10 628 176 658 200 -1 -1 -1 -1000 -1000 -1000 -10 0.993572
98 26 car -1 -1 -10 865 174 936 207 -1 -1 -1 -1000 -1000 -1000 -10 0.99429
98 27 car -1 -1 -10 744 170 910 282 -1 -1 -1 -1000 -1000 -1000 -10 0.999943
98 28 car -1 -1 -10 657 175 704 212 -1 -1 -1 -1000 -1000 -1000 -10 0.999896
98 29 car -1 -1 -10 984 209 1242 368 -1 -1 -1 -1000 -1000 -1000 -10 0.996027
99 18 car -1 -1 -10 626 176 658 200 -1 -1 -1 -1000 -1000 -1000 -10 0.966087
99 26 car -1 -1 -10 860 174 931 207 -1 -1 -1 -1000 -1000 -1000 -10 0.999326
99 27 car -1 -1 -10 732 174 889 272 -1 -1 -1 -1000 -1000 -1000 -10 0.999919
99 28 car -1 -1 -10 654 176 697 210 -1 -1 -1 -1000 -1000 -1000 -10 0.999933
99 29 car -1 -1 -10 934 200 1242 373 -1 -1 -1 -1000 -1000 -1000 -10 0.998457
100 18 car -1 -1 -10 625 176 654 200 -1 -1 -1 -1000 -1000 -1000 -10 0.781583
100 26 car -1 -1 -10 853 175 924 206 -1 -1 -1 -1000 -1000 -1000 -10 0.998927
100 27 car -1 -1 -10 728 169 861 269 -1 -1 -1 -1000 -1000 -1000 -10 0.99986
100 28 car -1 -1 -10 653 175 694 209 -1 -1 -1 -1000 -1000 -1000 -10 0.99969
100 29 car -1 -1 -10 893 188 1242 375 -1 -1 -1 -1000 -1000 -1000 -10 0.998812
101 18 car -1 -1 -10 648 175 687 207 -1 -1 -1 -1000 -1000 -1000 -10 0.999961
101 26 car -1 -1 -10 849 176 918 205 -1 -1 -1 -1000 -1000 -1000 -10 0.999438
101 27 car -1 -1 -10 720 169 843 261 -1 -1 -1 -1000 -1000 -1000 -10 0.99997
101 29 car -1 -1 -10 855 191 1242 372 -1 -1 -1 -1000 -1000 -1000 -10 0.999947
102 18 car -1 -1 -10 646 175 684 206 -1 -1 -1 -1000 -1000 -1000 -10 0.999918
102 26 car -1 -1 -10 842 175 927 205 -1 -1 -1 -1000 -1000 -1000 -10 0.999071
102 27 car -1 -1 -10 712 168 826 256 -1 -1 -1 -1000 -1000 -1000 -10 0.999974
102 29 car -1 -1 -10 833 193 1150 366 -1 -1 -1 -1000 -1000 -1000 -10 0.999898
102 30 car -1 -1 -10 1128 193 1242 323 -1 -1 -1 -1000 -1000 -1000 -10 0.987577
103 18 car -1 -1 -10 642 175 680 205 -1 -1 -1 -1000 -1000 -1000 -10 0.999689
103 26 car -1 -1 -10 836 176 913 204 -1 -1 -1 -1000 -1000 -1000 -10 0.999689
103 27 car -1 -1 -10 706 168 809 251 -1 -1 -1 -1000 -1000 -1000 -10 0.999993
103 29 car -1 -1 -10 811 193 1083 346 -1 -1 -1 -1000 -1000 -1000 -10 0.999952
103 30 car -1 -1 -10 1082 186 1242 331 -1 -1 -1 -1000 -1000 -1000 -10 0.999452
104 18 car -1 -1 -10 640 174 676 203 -1 -1 -1 -1000 -1000 -1000 -10 0.999807
104 26 car -1 -1 -10 830 176 905 204 -1 -1 -1 -1000 -1000 -1000 -10 0.997257
104 27 car -1 -1 -10 701 171 796 247 -1 -1 -1 -1000 -1000 -1000 -10 0.999982
104 29 car -1 -1 -10 799 188 1014 324 -1 -1 -1 -1000 -1000 -1000 -10 0.99998
104 30 car -1 -1 -10 1047 185 1242 324 -1 -1 -1 -1000 -1000 -1000 -10 0.999771
105 18 car -1 -1 -10 638 174 673 203 -1 -1 -1 -1000 -1000 -1000 -10 0.999717
105 26 car -1 -1 -10 827 177 898 202 -1 -1 -1 -1000 -1000 -1000 -10 0.976373
105 27 car -1 -1 -10 695 166 784 244 -1 -1 -1 -1000 -1000 -1000 -10 0.999977
105 29 car -1 -1 -10 775 188 976 305 -1 -1 -1 -1000 -1000 -1000 -10 0.999986
105 30 car -1 -1 -10 1005 180 1242 311 -1 -1 -1 -1000 -1000 -1000 -10 0.999878
106 18 car -1 -1 -10 635 174 671 202 -1 -1 -1 -1000 -1000 -1000 -10 0.998809
106 26 car -1 -1 -10 818 177 898 204 -1 -1 -1 -1000 -1000 -1000 -10 0.989857
106 27 car -1 -1 -10 693 173 773 236 -1 -1 -1 -1000 -1000 -1000 -10 0.999887
106 29 car -1 -1 -10 762 187 935 291 -1 -1 -1 -1000 -1000 -1000 -10 0.999986
106 30 car -1 -1 -10 977 182 1242 294 -1 -1 -1 -1000 -1000 -1000 -10 0.999514
107 18 car -1 -1 -10 634 173 666 200 -1 -1 -1 -1000 -1000 -1000 -10 0.998848
107 26 car -1 -1 -10 812 176 892 204 -1 -1 -1 -1000 -1000 -1000 -10 0.999274
107 27 car -1 -1 -10 686 172 760 232 -1 -1 -1 -1000 -1000 -1000 -10 0.999951
107 29 car -1 -1 -10 754 188 908 280 -1 -1 -1 -1000 -1000 -1000 -10 0.99993
107 30 car -1 -1 -10 947 180 1200 286 -1 -1 -1 -1000 -1000 -1000 -10 0.999972
108 26 car -1 -1 -10 814 174 883 204 -1 -1 -1 -1000 -1000 -1000 -10 0.998971
108 27 car -1 -1 -10 682 171 753 230 -1 -1 -1 -1000 -1000 -1000 -10 0.999976
108 28 car -1 -1 -10 633 173 663 199 -1 -1 -1 -1000 -1000 -1000 -10 0.99924
108 29 car -1 -1 -10 748 183 875 276 -1 -1 -1 -1000 -1000 -1000 -10 0.999929
108 30 car -1 -1 -10 924 179 1144 274 -1 -1 -1 -1000 -1000 -1000 -10 0.999859
109 26 car -1 -1 -10 813 175 880 203 -1 -1 -1 -1000 -1000 -1000 -10 0.998845
109 27 car -1 -1 -10 678 172 745 226 -1 -1 -1 -1000 -1000 -1000 -10 0.999944
109 28 car -1 -1 -10 632 173 661 198 -1 -1 -1 -1000 -1000 -1000 -10 0.999373
109 29 car -1 -1 -10 735 181 854 267 -1 -1 -1 -1000 -1000 -1000 -10 0.999996
109 30 car -1 -1 -10 902 180 1104 266 -1 -1 -1 -1000 -1000 -1000 -10 0.999969
110 26 car -1 -1 -10 812 175 877 203 -1 -1 -1 -1000 -1000 -1000 -10 0.999393
110 27 car -1 -1 -10 675 170 737 223 -1 -1 -1 -1000 -1000 -1000 -10 0.999856
110 29 car -1 -1 -10 728 180 835 262 -1 -1 -1 -1000 -1000 -1000 -10 0.999998
110 30 car -1 -1 -10 881 181 1065 259 -1 -1 -1 -1000 -1000 -1000 -10 0.999895
110 31 car -1 -1 -10 629 173 659 197 -1 -1 -1 -1000 -1000 -1000 -10 0.999003
111 26 car -1 -1 -10 810 175 874 203 -1 -1 -1 -1000 -1000 -1000 -10 0.999853
111 27 car -1 -1 -10 669 172 730 220 -1 -1 -1 -1000 -1000 -1000 -10 0.999988
111 29 car -1 -1 -10 720 179 818 254 -1 -1 -1 -1000 -1000 -1000 -10 0.999994
111 30 car -1 -1 -10 870 178 1029 254 -1 -1 -1 -1000 -1000 -1000 -10 0.999924
111 31 car -1 -1 -10 627 174 657 196 -1 -1 -1 -1000 -1000 -1000 -10 0.988477
112 26 car -1 -1 -10 806 176 875 201 -1 -1 -1 -1000 -1000 -1000 -10 0.99944
112 27 car -1 -1 -10 667 172 724 218 -1 -1 -1 -1000 -1000 -1000 -10 0.999991
112 29 car -1 -1 -10 711 177 802 248 -1 -1 -1 -1000 -1000 -1000 -10 0.999985
112 30 car -1 -1 -10 856 177 999 249 -1 -1 -1 -1000 -1000 -1000 -10 0.999983
112 31 car -1 -1 -10 625 173 653 196 -1 -1 -1 -1000 -1000 -1000 -10 0.989168
113 26 car -1 -1 -10 807 175 868 201 -1 -1 -1 -1000 -1000 -1000 -10 0.999286
113 27 car -1 -1 -10 664 173 717 216 -1 -1 -1 -1000 -1000 -1000 -10 0.999945
113 29 car -1 -1 -10 706 180 790 241 -1 -1 -1 -1000 -1000 -1000 -10 0.999984
113 30 car -1 -1 -10 841 177 974 244 -1 -1 -1 -1000 -1000 -1000 -10 0.999994
113 31 car -1 -1 -10 624 173 652 195 -1 -1 -1 -1000 -1000 -1000 -10 0.96364
114 27 car -1 -1 -10 659 172 713 214 -1 -1 -1 -1000 -1000 -1000 -10 0.99996
114 29 car -1 -1 -10 701 181 777 236 -1 -1 -1 -1000 -1000 -1000 -10 0.999988
114 30 car -1 -1 -10 830 178 950 239 -1 -1 -1 -1000 -1000 -1000 -10 0.999972
114 31 car -1 -1 -10 622 172 650 195 -1 -1 -1 -1000 -1000 -1000 -10 0.911273
114 32 car -1 -1 -10 804 174 862 202 -1 -1 -1 -1000 -1000 -1000 -10 0.999093
115 27 car -1 -1 -10 654 173 710 213 -1 -1 -1 -1000 -1000 -1000 -10 0.999853
115 29 car -1 -1 -10 696 181 766 232 -1 -1 -1 -1000 -1000 -1000 -10 0.999998
115 30 car -1 -1 -10 818 174 928 239 -1 -1 -1 -1000 -1000 -1000 -10 0.999972
115 31 car -1 -1 -10 621 173 647 194 -1 -1 -1 -1000 -1000 -1000 -10 0.347334
115 32 car -1 -1 -10 802 175 863 202 -1 -1 -1 -1000 -1000 -1000 -10 0.99807
116 27 car -1 -1 -10 653 172 704 212 -1 -1 -1 -1000 -1000 -1000 -10 0.999602
116 29 car -1 -1 -10 689 180 757 229 -1 -1 -1 -1000 -1000 -1000 -10 0.999995
116 30 car -1 -1 -10 804 175 914 234 -1 -1 -1 -1000 -1000 -1000 -10 0.999935
116 32 car -1 -1 -10 802 176 867 203 -1 -1 -1 -1000 -1000 -1000 -10 0.986164
117 27 car -1 -1 -10 651 172 700 211 -1 -1 -1 -1000 -1000 -1000 -10 0.999767
117 29 car -1 -1 -10 687 179 747 226 -1 -1 -1 -1000 -1000 -1000 -10 0.999999
117 30 car -1 -1 -10 798 177 895 226 -1 -1 -1 -1000 -1000 -1000 -10 0.999835
117 32 car -1 -1 -10 805 177 863 201 -1 -1 -1 -1000 -1000 -1000 -10 0.712799
118 27 car -1 -1 -10 649 173 693 210 -1 -1 -1 -1000 -1000 -1000 -10 0.999892
118 29 car -1 -1 -10 682 178 739 223 -1 -1 -1 -1000 -1000 -1000 -10 0.999993
118 30 car -1 -1 -10 791 177 879 225 -1 -1 -1 -1000 -1000 -1000 -10 0.999774
118 32 car -1 -1 -10 806 177 864 202 -1 -1 -1 -1000 -1000 -1000 -10 0.721558
119 26 car -1 -1 -10 808 175 862 201 -1 -1 -1 -1000 -1000 -1000 -10 0.969701
119 27 car -1 -1 -10 647 173 691 209 -1 -1 -1 -1000 -1000 -1000 -10 0.999962
119 29 car -1 -1 -10 678 178 733 221 -1 -1 -1 -1000 -1000 -1000 -10 0.999974
119 30 car -1 -1 -10 784 178 864 221 -1 -1 -1 -1000 -1000 -1000 -10 0.99984
120 26 car -1 -1 -10 804 175 862 202 -1 -1 -1 -1000 -1000 -1000 -10 0.991643
120 29 car -1 -1 -10 674 179 726 218 -1 -1 -1 -1000 -1000 -1000 -10 0.999934
120 30 car -1 -1 -10 776 178 852 220 -1 -1 -1 -1000 -1000 -1000 -10 0.999864
120 31 car -1 -1 -10 645 173 685 207 -1 -1 -1 -1000 -1000 -1000 -10 0.99992
121 26 car -1 -1 -10 802 176 865 201 -1 -1 -1 -1000 -1000 -1000 -10 0.96176
121 30 car -1 -1 -10 767 177 844 217 -1 -1 -1 -1000 -1000 -1000 -10 0.999279
121 31 car -1 -1 -10 644 173 684 205 -1 -1 -1 -1000 -1000 -1000 -10 0.999834
121 33 car -1 -1 -10 669 179 722 217 -1 -1 -1 -1000 -1000 -1000 -10 0.999116
122 26 car -1 -1 -10 801 174 866 203 -1 -1 -1 -1000 -1000 -1000 -10 0.998333
122 29 car -1 -1 -10 667 178 717 215 -1 -1 -1 -1000 -1000 -1000 -10 0.999664
122 31 car -1 -1 -10 642 174 679 204 -1 -1 -1 -1000 -1000 -1000 -10 0.999783
122 34 car -1 -1 -10 760 177 832 216 -1 -1 -1 -1000 -1000 -1000 -10 0.999785
123 26 car -1 -1 -10 801 175 867 202 -1 -1 -1 -1000 -1000 -1000 -10 0.999673
123 27 car -1 -1 -10 665 179 710 213 -1 -1 -1 -1000 -1000 -1000 -10 0.99993
123 34 car -1 -1 -10 754 178 823 213 -1 -1 -1 -1000 -1000 -1000 -10 0.999732
123 35 car -1 -1 -10 639 173 675 204 -1 -1 -1 -1000 -1000 -1000 -10 0.999676
123 36 car -1 -1 -10 1165 187 1242 342 -1 -1 -1 -1000 -1000 -1000 -10 0.984324
124 26 car -1 -1 -10 802 175 867 202 -1 -1 -1 -1000 -1000 -1000 -10 0.999771
124 29 car -1 -1 -10 659 178 706 212 -1 -1 -1 -1000 -1000 -1000 -10 0.999699
124 34 car -1 -1 -10 747 177 812 212 -1 -1 -1 -1000 -1000 -1000 -10 0.999919
124 35 car -1 -1 -10 637 173 673 203 -1 -1 -1 -1000 -1000 -1000 -10 0.99933
124 36 car -1 -1 -10 1106 128 1242 346 -1 -1 -1 -1000 -1000 -1000 -10 0.999687
125 26 car -1 -1 -10 801 175 866 202 -1 -1 -1 -1000 -1000 -1000 -10 0.999933
125 27 car -1 -1 -10 657 178 701 210 -1 -1 -1 -1000 -1000 -1000 -10 0.999919
125 31 car -1 -1 -10 634 174 671 202 -1 -1 -1 -1000 -1000 -1000 -10 0.993467
125 34 car -1 -1 -10 742 177 805 210 -1 -1 -1 -1000 -1000 -1000 -10 0.999817
125 36 car -1 -1 -10 1058 119 1242 348 -1 -1 -1 -1000 -1000 -1000 -10 0.998929
126 26 car -1 -1 -10 801 175 867 202 -1 -1 -1 -1000 -1000 -1000 -10 0.999962
126 27 car -1 -1 -10 656 178 696 209 -1 -1 -1 -1000 -1000 -1000 -10 0.999878
126 35 car -1 -1 -10 634 172 667 200 -1 -1 -1 -1000 -1000 -1000 -10 0.996962
126 36 car -1 -1 -10 1013 140 1242 332 -1 -1 -1 -1000 -1000 -1000 -10 0.999562
126 37 car -1 -1 -10 736 176 795 210 -1 -1 -1 -1000 -1000 -1000 -10 0.999306
127 26 car -1 -1 -10 800 175 868 202 -1 -1 -1 -1000 -1000 -1000 -10 0.999959
127 31 car -1 -1 -10 654 177 693 208 -1 -1 -1 -1000 -1000 -1000 -10 0.999603
127 35 car -1 -1 -10 633 172 664 200 -1 -1 -1 -1000 -1000 -1000 -10 0.998712
127 36 car -1 -1 -10 981 139 1242 324 -1 -1 -1 -1000 -1000 -1000 -10 0.99979
127 38 car -1 -1 -10 732 177 788 207 -1 -1 -1 -1000 -1000 -1000 -10 0.999871
128 26 car -1 -1 -10 800 175 868 202 -1 -1 -1 -1000 -1000 -1000 -10 0.999955
128 35 car -1 -1 -10 632 172 663 200 -1 -1 -1 -1000 -1000 -1000 -10 0.996909
128 36 car -1 -1 -10 954 138 1242 308 -1 -1 -1 -1000 -1000 -1000 -10 0.999446
128 38 car -1 -1 -10 727 176 780 207 -1 -1 -1 -1000 -1000 -1000 -10 0.999931
128 39 car -1 -1 -10 650 176 689 206 -1 -1 -1 -1000 -1000 -1000 -10 0.999926
129 26 car -1 -1 -10 800 175 868 202 -1 -1 -1 -1000 -1000 -1000 -10 0.999951
129 35 car -1 -1 -10 630 172 661 199 -1 -1 -1 -1000 -1000 -1000 -10 0.996808
129 36 car -1 -1 -10 927 146 1219 288 -1 -1 -1 -1000 -1000 -1000 -10 0.999976
129 38 car -1 -1 -10 722 176 774 206 -1 -1 -1 -1000 -1000 -1000 -10 0.99996
129 40 car -1 -1 -10 648 175 686 206 -1 -1 -1 -1000 -1000 -1000 -10 0.999655
130 26 car -1 -1 -10 800 175 868 202 -1 -1 -1 -1000 -1000 -1000 -10 0.999954
130 35 car -1 -1 -10 628 172 659 197 -1 -1 -1 -1000 -1000 -1000 -10 0.987651
130 36 car -1 -1 -10 912 147 1153 281 -1 -1 -1 -1000 -1000 -1000 -10 0.999974
130 38 car -1 -1 -10 718 175 768 205 -1 -1 -1 -1000 -1000 -1000 -10 0.999978
130 40 car -1 -1 -10 647 176 681 205 -1 -1 -1 -1000 -1000 -1000 -10 0.999645
131 26 car -1 -1 -10 800 175 867 202 -1 -1 -1 -1000 -1000 -1000 -10 0.999949
131 31 car -1 -1 -10 644 177 679 203 -1 -1 -1 -1000 -1000 -1000 -10 0.999338
131 35 car -1 -1 -10 626 173 658 196 -1 -1 -1 -1000 -1000 -1000 -10 0.899232
131 36 car -1 -1 -10 884 143 1115 280 -1 -1 -1 -1000 -1000 -1000 -10 0.998521
131 38 car -1 -1 -10 715 175 761 204 -1 -1 -1 -1000 -1000 -1000 -10 0.999913
132 26 car -1 -1 -10 799 175 867 202 -1 -1 -1 -1000 -1000 -1000 -10 0.99991
132 35 car -1 -1 -10 626 171 655 197 -1 -1 -1 -1000 -1000 -1000 -10 0.850865
132 36 car -1 -1 -10 869 151 1064 260 -1 -1 -1 -1000 -1000 -1000 -10 0.999824
132 38 car -1 -1 -10 709 175 756 203 -1 -1 -1 -1000 -1000 -1000 -10 0.999962
132 40 car -1 -1 -10 641 175 676 203 -1 -1 -1 -1000 -1000 -1000 -10 0.999697
133 26 car -1 -1 -10 800 176 867 201 -1 -1 -1 -1000 -1000 -1000 -10 0.999686
133 35 car -1 -1 -10 625 171 653 197 -1 -1 -1 -1000 -1000 -1000 -10 0.703935
133 36 car -1 -1 -10 854 150 1028 256 -1 -1 -1 -1000 -1000 -1000 -10 0.999959
133 38 car -1 -1 -10 706 174 751 203 -1 -1 -1 -1000 -1000 -1000 -10 0.99987
133 40 car -1 -1 -10 641 175 673 203 -1 -1 -1 -1000 -1000 -1000 -10 0.998712
134 26 car -1 -1 -10 800 175 868 202 -1 -1 -1 -1000 -1000 -1000 -10 0.999437
134 36 car -1 -1 -10 842 153 994 251 -1 -1 -1 -1000 -1000 -1000 -10 0.999904
134 38 car -1 -1 -10 702 175 745 201 -1 -1 -1 -1000 -1000 -1000 -10 0.99978
134 40 car -1 -1 -10 640 175 670 201 -1 -1 -1 -1000 -1000 -1000 -10 0.997318
135 26 car -1 -1 -10 800 174 863 203 -1 -1 -1 -1000 -1000 -1000 -10 0.99448
135 36 car -1 -1 -10 825 155 971 245 -1 -1 -1 -1000 -1000 -1000 -10 0.999616
135 38 car -1 -1 -10 699 175 741 200 -1 -1 -1 -1000 -1000 -1000 -10 0.999597
135 40 car -1 -1 -10 638 176 668 200 -1 -1 -1 -1000 -1000 -1000 -10 0.995427
136 26 car -1 -1 -10 802 175 859 202 -1 -1 -1 -1000 -1000 -1000 -10 0.869833
136 36 car -1 -1 -10 813 151 943 241 -1 -1 -1 -1000 -1000 -1000 -10 0.999851
136 38 car -1 -1 -10 694 175 738 200 -1 -1 -1 -1000 -1000 -1000 -10 0.998757
136 40 car -1 -1 -10 636 176 667 200 -1 -1 -1 -1000 -1000 -1000 -10 0.990479
137 26 car -1 -1 -10 805 175 858 203 -1 -1 -1 -1000 -1000 -1000 -10 0.403829
137 36 car -1 -1 -10 800 154 926 236 -1 -1 -1 -1000 -1000 -1000 -10 0.999894
137 38 car -1 -1 -10 694 174 731 199 -1 -1 -1 -1000 -1000 -1000 -10 0.999544
137 40 car -1 -1 -10 635 173 663 199 -1 -1 -1 -1000 -1000 -1000 -10 0.968371
138 26 car -1 -1 -10 807 177 856 203 -1 -1 -1 -1000 -1000 -1000 -10 0.394604
138 36 car -1 -1 -10 794 154 902 234 -1 -1 -1 -1000 -1000 -1000 -10 0.998529
138 38 car -1 -1 -10 690 174 727 198 -1 -1 -1 -1000 -1000 -1000 -10 0.999724
138 40 car -1 -1 -10 634 174 660 198 -1 -1 -1 -1000 -1000 -1000 -10 0.920138
139 26 car -1 -1 -10 811 178 855 202 -1 -1 -1 -1000 -1000 -1000 -10 0.420364
139 35 car -1 -1 -10 633 174 658 197 -1 -1 -1 -1000 -1000 -1000 -10 0.742564
139 36 car -1 -1 -10 783 156 886 231 -1 -1 -1 -1000 -1000 -1000 -10 0.999505
139 40 car -1 -1 -10 687 174 723 198 -1 -1 -1 -1000 -1000 -1000 -10 0.99955
140 26 car -1 -1 -10 810 177 857 202 -1 -1 -1 -1000 -1000 -1000 -10 0.441574
140 36 car -1 -1 -10 772 156 875 227 -1 -1 -1 -1000 -1000 -1000 -10 0.999519
140 40 car -1 -1 -10 686 174 719 197 -1 -1 -1 -1000 -1000 -1000 -10 0.999653
141 26 car -1 -1 -10 809 177 858 201 -1 -1 -1 -1000 -1000 -1000 -10 0.675551
141 36 car -1 -1 -10 764 156 864 224 -1 -1 -1 -1000 -1000 -1000 -10 0.998793
141 40 car -1 -1 -10 682 175 716 197 -1 -1 -1 -1000 -1000 -1000 -10 0.999329
142 26 car -1 -1 -10 804 176 861 202 -1 -1 -1 -1000 -1000 -1000 -10 0.798821
142 36 car -1 -1 -10 757 156 851 221 -1 -1 -1 -1000 -1000 -1000 -10 0.987162
142 40 car -1 -1 -10 680 174 713 197 -1 -1 -1 -1000 -1000 -1000 -10 0.998734
143 26 car -1 -1 -10 796 174 866 202 -1 -1 -1 -1000 -1000 -1000 -10 0.948458
143 36 car -1 -1 -10 747 158 841 218 -1 -1 -1 -1000 -1000 -1000 -10 0.977689
143 40 car -1 -1 -10 678 174 710 196 -1 -1 -1 -1000 -1000 -1000 -10 0.995627
144 26 car -1 -1 -10 799 174 867 203 -1 -1 -1 -1000 -1000 -1000 -10 0.998333
144 36 car -1 -1 -10 749 160 821 212 -1 -1 -1 -1000 -1000 -1000 -10 0.954643
144 40 car -1 -1 -10 676 173 706 195 -1 -1 -1 -1000 -1000 -1000 -10 0.998899
145 26 car -1 -1 -10 801 174 866 202 -1 -1 -1 -1000 -1000 -1000 -10 0.999603
145 36 car -1 -1 -10 744 161 811 211 -1 -1 -1 -1000 -1000 -1000 -10 0.99506
145 40 car -1 -1 -10 674 173 703 194 -1 -1 -1 -1000 -1000 -1000 -10 0.998849
146 26 car -1 -1 -10 802 175 866 203 -1 -1 -1 -1000 -1000 -1000 -10 0.99988
146 36 car -1 -1 -10 738 160 804 211 -1 -1 -1 -1000 -1000 -1000 -10 0.998063
146 40 car -1 -1 -10 673 173 699 194 -1 -1 -1 -1000 -1000 -1000 -10 0.998169
147 26 car -1 -1 -10 800 175 866 202 -1 -1 -1 -1000 -1000 -1000 -10 0.999934
147 36 car -1 -1 -10 733 161 794 211 -1 -1 -1 -1000 -1000 -1000 -10 0.997988
147 40 car -1 -1 -10 671 173 697 193 -1 -1 -1 -1000 -1000 -1000 -10 0.990802
148 26 car -1 -1 -10 799 175 866 202 -1 -1 -1 -1000 -1000 -1000 -10 0.999934
148 36 car -1 -1 -10 727 162 787 208 -1 -1 -1 -1000 -1000 -1000 -10 0.998423
148 41 car -1 -1 -10 667 173 695 194 -1 -1 -1 -1000 -1000 -1000 -10 0.992374
149 26 car -1 -1 -10 799 175 866 202 -1 -1 -1 -1000 -1000 -1000 -10 0.999911
149 36 car -1 -1 -10 720 163 778 207 -1 -1 -1 -1000 -1000 -1000 -10 0.999814
149 41 car -1 -1 -10 665 173 692 193 -1 -1 -1 -1000 -1000 -1000 -10 0.979025
150 26 car -1 -1 -10 799 175 866 201 -1 -1 -1 -1000 -1000 -1000 -10 0.999899
150 36 car -1 -1 -10 717 162 772 207 -1 -1 -1 -1000 -1000 -1000 -10 0.998938
150 41 car -1 -1 -10 664 174 689 191 -1 -1 -1 -1000 -1000 -1000 -10 0.911757
151 26 car -1 -1 -10 798 175 865 202 -1 -1 -1 -1000 -1000 -1000 -10 0.99985
151 36 car -1 -1 -10 712 164 764 205 -1 -1 -1 -1000 -1000 -1000 -10 0.999645
151 40 car -1 -1 -10 662 174 687 191 -1 -1 -1 -1000 -1000 -1000 -10 0.887952
152 26 car -1 -1 -10 798 175 864 201 -1 -1 -1 -1000 -1000 -1000 -10 0.999772
152 36 car -1 -1 -10 707 164 760 204 -1 -1 -1 -1000 -1000 -1000 -10 0.9956
152 40 car -1 -1 -10 660 174 686 191 -1 -1 -1 -1000 -1000 -1000 -10 0.59443
153 26 car -1 -1 -10 796 175 864 201 -1 -1 -1 -1000 -1000 -1000 -10 0.999636
153 36 car -1 -1 -10 704 165 753 202 -1 -1 -1 -1000 -1000 -1000 -10 0.998576
153 41 car -1 -1 -10 658 173 683 191 -1 -1 -1 -1000 -1000 -1000 -10 0.3294
154 26 car -1 -1 -10 797 175 860 201 -1 -1 -1 -1000 -1000 -1000 -10 0.999524
154 36 car -1 -1 -10 700 166 747 201 -1 -1 -1 -1000 -1000 -1000 -10 0.996364
155 26 car -1 -1 -10 796 175 859 200 -1 -1 -1 -1000 -1000 -1000 -10 0.999868
155 36 car -1 -1 -10 696 165 743 200 -1 -1 -1 -1000 -1000 -1000 -10 0.999487
156 26 car -1 -1 -10 795 175 859 201 -1 -1 -1 -1000 -1000 -1000 -10 0.999904
156 36 car -1 -1 -10 694 165 739 200 -1 -1 -1 -1000 -1000 -1000 -10 0.999376
157 26 car -1 -1 -10 792 175 857 201 -1 -1 -1 -1000 -1000 -1000 -10 0.999944
157 36 car -1 -1 -10 691 166 734 199 -1 -1 -1 -1000 -1000 -1000 -10 0.999776
158 26 car -1 -1 -10 790 175 853 201 -1 -1 -1 -1000 -1000 -1000 -10 0.999832
158 36 car -1 -1 -10 688 165 730 199 -1 -1 -1 -1000 -1000 -1000 -10 0.999525
159 26 car -1 -1 -10 788 175 852 201 -1 -1 -1 -1000 -1000 -1000 -10 0.999719
159 36 car -1 -1 -10 686 165 726 199 -1 -1 -1 -1000 -1000 -1000 -10 0.99947
160 26 car -1 -1 -10 786 175 848 201 -1 -1 -1 -1000 -1000 -1000 -10 0.999514
160 36 car -1 -1 -10 683 166 721 198 -1 -1 -1 -1000 -1000 -1000 -10 0.999779
161 26 car -1 -1 -10 783 175 847 201 -1 -1 -1 -1000 -1000 -1000 -10 0.99979
161 41 car -1 -1 -10 680 166 717 197 -1 -1 -1 -1000 -1000 -1000 -10 0.99964
162 26 car -1 -1 -10 779 175 842 201 -1 -1 -1 -1000 -1000 -1000 -10 0.999649
162 41 car -1 -1 -10 678 166 714 197 -1 -1 -1 -1000 -1000 -1000 -10 0.99942
163 26 car -1 -1 -10 777 174 841 201 -1 -1 -1 -1000 -1000 -1000 -10 0.998912
163 41 car -1 -1 -10 677 166 711 196 -1 -1 -1 -1000 -1000 -1000 -10 0.998255
164 26 car -1 -1 -10 774 175 836 201 -1 -1 -1 -1000 -1000 -1000 -10 0.999651
164 41 car -1 -1 -10 674 167 707 195 -1 -1 -1 -1000 -1000 -1000 -10 0.999789
165 26 car -1 -1 -10 771 175 830 201 -1 -1 -1 -1000 -1000 -1000 -10 0.999616
165 41 car -1 -1 -10 673 167 705 195 -1 -1 -1 -1000 -1000 -1000 -10 0.999636
166 26 car -1 -1 -10 766 175 827 200 -1 -1 -1 -1000 -1000 -1000 -10 0.998964
166 41 car -1 -1 -10 670 167 701 194 -1 -1 -1 -1000 -1000 -1000 -10 0.99982
167 26 car -1 -1 -10 763 174 824 201 -1 -1 -1 -1000 -1000 -1000 -10 0.999687
167 41 car -1 -1 -10 669 167 698 194 -1 -1 -1 -1000 -1000 -1000 -10 0.999389
168 26 car -1 -1 -10 760 174 819 201 -1 -1 -1 -1000 -1000 -1000 -10 0.999325
168 42 car -1 -1 -10 667 167 696 194 -1 -1 -1 -1000 -1000 -1000 -10 0.999647
169 26 car -1 -1 -10 754 174 817 199 -1 -1 -1 -1000 -1000 -1000 -10 0.99936
169 42 car -1 -1 -10 665 167 694 193 -1 -1 -1 -1000 -1000 -1000 -10 0.999582
170 26 car -1 -1 -10 751 174 811 199 -1 -1 -1 -1000 -1000 -1000 -10 0.999048
170 42 car -1 -1 -10 664 167 691 193 -1 -1 -1 -1000 -1000 -1000 -10 0.999522
171 26 car -1 -1 -10 748 175 807 200 -1 -1 -1 -1000 -1000 -1000 -10 0.995427
171 41 car -1 -1 -10 661 167 689 193 -1 -1 -1 -1000 -1000 -1000 -10 0.999243
172 26 car -1 -1 -10 744 175 801 198 -1 -1 -1 -1000 -1000 -1000 -10 0.999534
172 41 car -1 -1 -10 660 167 687 192 -1 -1 -1 -1000 -1000 -1000 -10 0.996252
173 26 car -1 -1 -10 741 175 797 199 -1 -1 -1 -1000 -1000 -1000 -10 0.999682
173 42 car -1 -1 -10 658 167 684 192 -1 -1 -1 -1000 -1000 -1000 -10 0.99906
174 26 car -1 -1 -10 737 175 792 198 -1 -1 -1 -1000 -1000 -1000 -10 0.999595
174 42 car -1 -1 -10 657 167 682 192 -1 -1 -1 -1000 -1000 -1000 -10 0.998411
175 26 car -1 -1 -10 734 175 786 198 -1 -1 -1 -1000 -1000 -1000 -10 0.999942
175 42 car -1 -1 -10 655 166 680 191 -1 -1 -1 -1000 -1000 -1000 -10 0.993082
176 26 car -1 -1 -10 730 174 783 198 -1 -1 -1 -1000 -1000 -1000 -10 0.99929
177 26 car -1 -1 -10 727 174 776 198 -1 -1 -1 -1000 -1000 -1000 -10 0.999888
177 43 car -1 -1 -10 651 166 676 190 -1 -1 -1 -1000 -1000 -1000 -10 0.979771
178 26 car -1 -1 -10 725 174 771 198 -1 -1 -1 -1000 -1000 -1000 -10 0.999899
178 41 car -1 -1 -10 650 167 676 190 -1 -1 -1 -1000 -1000 -1000 -10 0.944937
179 26 car -1 -1 -10 720 175 768 198 -1 -1 -1 -1000 -1000 -1000 -10 0.998662
179 42 car -1 -1 -10 648 168 674 190 -1 -1 -1 -1000 -1000 -1000 -10 0.408188
180 26 car -1 -1 -10 717 175 761 198 -1 -1 -1 -1000 -1000 -1000 -10 0.999204
181 26 car -1 -1 -10 714 176 759 197 -1 -1 -1 -1000 -1000 -1000 -10 0.999039
182 26 car -1 -1 -10 710 176 754 197 -1 -1 -1 -1000 -1000 -1000 -10 0.999475
183 26 car -1 -1 -10 708 176 749 197 -1 -1 -1 -1000 -1000 -1000 -10 0.999659
184 26 car -1 -1 -10 705 176 747 197 -1 -1 -1 -1000 -1000 -1000 -10 0.999253
185 26 car -1 -1 -10 701 176 742 197 -1 -1 -1 -1000 -1000 -1000 -10 0.999179
186 26 car -1 -1 -10 700 177 740 198 -1 -1 -1 -1000 -1000 -1000 -10 0.997591
187 42 car -1 -1 -10 480 168 508 194 -1 -1 -1 -1000 -1000 -1000 -10 0.396575
187 44 car -1 -1 -10 696 178 736 199 -1 -1 -1 -1000 -1000 -1000 -10 0.999742
188 42 car -1 -1 -10 478 168 506 197 -1 -1 -1 -1000 -1000 -1000 -10 0.765869
188 44 car -1 -1 -10 694 180 731 200 -1 -1 -1 -1000 -1000 -1000 -10 0.999857
189 42 car -1 -1 -10 477 170 504 197 -1 -1 -1 -1000 -1000 -1000 -10 0.879206
189 44 car -1 -1 -10 691 182 728 202 -1 -1 -1 -1000 -1000 -1000 -10 0.999897
190 42 car -1 -1 -10 475 171 503 198 -1 -1 -1 -1000 -1000 -1000 -10 0.977162
190 44 car -1 -1 -10 689 182 723 201 -1 -1 -1 -1000 -1000 -1000 -10 0.999767
191 42 car -1 -1 -10 473 171 502 198 -1 -1 -1 -1000 -1000 -1000 -10 0.948821
191 44 car -1 -1 -10 686 182 718 201 -1 -1 -1 -1000 -1000 -1000 -10 0.999757
192 42 car -1 -1 -10 470 171 498 199 -1 -1 -1 -1000 -1000 -1000 -10 0.948483
192 44 car -1 -1 -10 682 182 715 201 -1 -1 -1 -1000 -1000 -1000 -10 0.999676
193 42 car -1 -1 -10 467 170 496 199 -1 -1 -1 -1000 -1000 -1000 -10 0.966566
193 44 car -1 -1 -10 680 182 711 201 -1 -1 -1 -1000 -1000 -1000 -10 0.999088
194 42 car -1 -1 -10 463 172 494 199 -1 -1 -1 -1000 -1000 -1000 -10 0.98064
194 44 car -1 -1 -10 676 183 705 202 -1 -1 -1 -1000 -1000 -1000 -10 0.999722
195 42 car -1 -1 -10 459 172 493 201 -1 -1 -1 -1000 -1000 -1000 -10 0.884767
195 44 car -1 -1 -10 672 183 703 202 -1 -1 -1 -1000 -1000 -1000 -10 0.999562
196 42 car -1 -1 -10 456 174 487 204 -1 -1 -1 -1000 -1000 -1000 -10 0.989388
196 44 car -1 -1 -10 669 183 699 202 -1 -1 -1 -1000 -1000 -1000 -10 0.999188
197 42 car -1 -1 -10 452 174 484 205 -1 -1 -1 -1000 -1000 -1000 -10 0.987323
197 44 car -1 -1 -10 665 184 695 203 -1 -1 -1 -1000 -1000 -1000 -10 0.999791
198 42 car -1 -1 -10 447 176 480 205 -1 -1 -1 -1000 -1000 -1000 -10 0.977266
198 44 car -1 -1 -10 661 185 690 204 -1 -1 -1 -1000 -1000 -1000 -10 0.99957
199 42 car -1 -1 -10 443 176 475 207 -1 -1 -1 -1000 -1000 -1000 -10 0.996901
199 45 car -1 -1 -10 657 184 687 205 -1 -1 -1 -1000 -1000 -1000 -10 0.998741
200 42 car -1 -1 -10 439 176 472 207 -1 -1 -1 -1000 -1000 -1000 -10 0.980185
200 44 car -1 -1 -10 655 185 682 205 -1 -1 -1 -1000 -1000 -1000 -10 0.999603
201 42 car -1 -1 -10 433 176 467 208 -1 -1 -1 -1000 -1000 -1000 -10 0.994885
201 45 car -1 -1 -10 649 185 677 205 -1 -1 -1 -1000 -1000 -1000 -10 0.997627
202 42 car -1 -1 -10 428 174 464 208 -1 -1 -1 -1000 -1000 -1000 -10 0.985776
202 44 car -1 -1 -10 646 184 673 203 -1 -1 -1 -1000 -1000 -1000 -10 0.999414
203 42 car -1 -1 -10 423 172 459 208 -1 -1 -1 -1000 -1000 -1000 -10 0.992636
203 45 car -1 -1 -10 643 184 669 202 -1 -1 -1 -1000 -1000 -1000 -10 0.998912
204 42 car -1 -1 -10 419 170 456 208 -1 -1 -1 -1000 -1000 -1000 -10 0.907157
204 45 car -1 -1 -10 640 183 666 202 -1 -1 -1 -1000 -1000 -1000 -10 0.996621
205 42 car -1 -1 -10 416 172 451 205 -1 -1 -1 -1000 -1000 -1000 -10 0.987505
205 44 car -1 -1 -10 637 182 663 200 -1 -1 -1 -1000 -1000 -1000 -10 0.999008
206 42 car -1 -1 -10 412 171 449 206 -1 -1 -1 -1000 -1000 -1000 -10 0.99909
206 44 car -1 -1 -10 635 181 661 199 -1 -1 -1 -1000 -1000 -1000 -10 0.998529
207 42 car -1 -1 -10 407 172 448 205 -1 -1 -1 -1000 -1000 -1000 -10 0.998488
207 44 car -1 -1 -10 634 180 660 198 -1 -1 -1 -1000 -1000 -1000 -10 0.997875
208 42 car -1 -1 -10 404 171 447 205 -1 -1 -1 -1000 -1000 -1000 -10 0.993779
208 44 car -1 -1 -10 634 179 660 197 -1 -1 -1 -1000 -1000 -1000 -10 0.996988
209 42 car -1 -1 -10 403 171 446 206 -1 -1 -1 -1000 -1000 -1000 -10 0.98519
210 42 car -1 -1 -10 401 171 447 206 -1 -1 -1 -1000 -1000 -1000 -10 0.996724
211 42 car -1 -1 -10 403 172 449 207 -1 -1 -1 -1000 -1000 -1000 -10 0.99933
211 45 car -1 -1 -10 640 180 665 196 -1 -1 -1 -1000 -1000 -1000 -10 0.963011
212 42 car -1 -1 -10 405 172 451 207 -1 -1 -1 -1000 -1000 -1000 -10 0.99851
213 42 car -1 -1 -10 411 171 458 209 -1 -1 -1 -1000 -1000 -1000 -10 0.99669
214 42 car -1 -1 -10 416 173 463 210 -1 -1 -1 -1000 -1000 -1000 -10 0.997528
215 42 car -1 -1 -10 423 171 475 211 -1 -1 -1 -1000 -1000 -1000 -10 0.985456
216 42 car -1 -1 -10 432 171 485 211 -1 -1 -1 -1000 -1000 -1000 -10 0.996546
217 42 car -1 -1 -10 446 170 498 210 -1 -1 -1 -1000 -1000 -1000 -10 0.998039
218 42 car -1 -1 -10 460 169 514 211 -1 -1 -1 -1000 -1000 -1000 -10 0.993313
219 42 car -1 -1 -10 477 168 529 210 -1 -1 -1 -1000 -1000 -1000 -10 0.998923
220 42 car -1 -1 -10 495 167 549 210 -1 -1 -1 -1000 -1000 -1000 -10 0.998936
221 42 car -1 -1 -10 517 163 568 208 -1 -1 -1 -1000 -1000 -1000 -10 0.99815
222 46 car -1 -1 -10 538 161 591 209 -1 -1 -1 -1000 -1000 -1000 -10 0.999449
223 47 car -1 -1 -10 561 159 615 207 -1 -1 -1 -1000 -1000 -1000 -10 0.99955
224 48 car -1 -1 -10 586 159 640 207 -1 -1 -1 -1000 -1000 -1000 -10 0.999883
225 47 car -1 -1 -10 610 157 667 209 -1 -1 -1 -1000 -1000 -1000 -10 0.99986
225 49 car -1 -1 -10 896 169 922 186 -1 -1 -1 -1000 -1000 -1000 -10 0.414183
226 48 car -1 -1 -10 638 159 694 211 -1 -1 -1 -1000 -1000 -1000 -10 0.999741
227 48 car -1 -1 -10 665 156 725 213 -1 -1 -1 -1000 -1000 -1000 -10 0.999602
228 48 car -1 -1 -10 695 157 757 214 -1 -1 -1 -1000 -1000 -1000 -10 0.997189
228 49 car -1 -1 -10 1006 171 1036 189 -1 -1 -1 -1000 -1000 -1000 -10 0.522497
229 48 car -1 -1 -10 726 154 791 216 -1 -1 -1 -1000 -1000 -1000 -10 0.999618
229 50 car -1 -1 -10 1050 168 1081 187 -1 -1 -1 -1000 -1000 -1000 -10 0.959484
230 48 car -1 -1 -10 757 152 827 215 -1 -1 -1 -1000 -1000 -1000 -10 0.999507
230 49 car -1 -1 -10 1096 164 1129 182 -1 -1 -1 -1000 -1000 -1000 -10 0.821867
230 51 car -1 -1 -10 0 165 42 203 -1 -1 -1 -1000 -1000 -1000 -10 0.378554
231 48 car -1 -1 -10 793 149 862 215 -1 -1 -1 -1000 -1000 -1000 -10 0.999443
231 50 car -1 -1 -10 1146 161 1182 181 -1 -1 -1 -1000 -1000 -1000 -10 0.970088
232 48 car -1 -1 -10 821 142 908 216 -1 -1 -1 -1000 -1000 -1000 -10 0.999536
232 52 car -1 -1 -10 1200 156 1235 178 -1 -1 -1 -1000 -1000 -1000 -10 0.481264
233 48 car -1 -1 -10 859 140 953 217 -1 -1 -1 -1000 -1000 -1000 -10 0.999782
234 48 car -1 -1 -10 903 138 996 219 -1 -1 -1 -1000 -1000 -1000 -10 0.999837
235 48 car -1 -1 -10 948 135 1050 222 -1 -1 -1 -1000 -1000 -1000 -10 0.999665
236 48 car -1 -1 -10 1000 133 1107 224 -1 -1 -1 -1000 -1000 -1000 -10 0.999736
237 48 car -1 -1 -10 1057 132 1173 225 -1 -1 -1 -1000 -1000 -1000 -10 0.998524
238 48 car -1 -1 -10 1122 133 1241 226 -1 -1 -1 -1000 -1000 -1000 -10 0.879363
243 53 car -1 -1 -10 0 155 98 215 -1 -1 -1 -1000 -1000 -1000 -10 0.705171
