0 0 car -1 -1 -10 479 165 523 192 -1 -1 -1 -1000 -1000 -1000 -10 0.993825
0 1 car -1 -1 -10 1034 153 1193 209 -1 -1 -1 -1000 -1000 -1000 -10 0.989435
1 0 car -1 -1 -10 479 166 522 192 -1 -1 -1 -1000 -1000 -1000 -10 0.991318
1 1 car -1 -1 -10 1038 153 1188 209 -1 -1 -1 -1000 -1000 -1000 -10 0.997787
2 0 car -1 -1 -10 479 166 522 192 -1 -1 -1 -1000 -1000 -1000 -10 0.994239
2 1 car -1 -1 -10 1038 153 1185 209 -1 -1 -1 -1000 -1000 -1000 -10 0.999463
3 0 car -1 -1 -10 479 166 522 192 -1 -1 -1 -1000 -1000 -1000 -10 0.99526
3 1 car -1 -1 -10 1038 153 1185 209 -1 -1 -1 -1000 -1000 -1000 -10 0.998709
4 0 car -1 -1 -10 479 165 521 192 -1 -1 -1 -1000 -1000 -1000 -10 0.992402
4 1 car -1 -1 -10 1038 152 1187 209 -1 -1 -1 -1000 -1000 -1000 -10 0.999184
4 2 pedestrian -1 -1 -10 934 160 959 212 -1 -1 -1 -1000 -1000 -1000 -10 0.379607
4 3 pedestrian -1 -1 -10 954 159 979 214 -1 -1 -1 -1000 -1000 -1000 -10 0.347114
5 0 car -1 -1 -10 480 165 524 192 -1 -1 -1 -1000 -1000 -1000 -10 0.998328
5 1 car -1 -1 -10 1039 152 1185 209 -1 -1 -1 -1000 -1000 -1000 -10 0.99977
5 4 pedestrian -1 -1 -10 944 159 969 214 -1 -1 -1 -1000 -1000 -1000 -10 0.358214
6 0 car -1 -1 -10 478 167 517 193 -1 -1 -1 -1000 -1000 -1000 -10 0.992482
6 1 car -1 -1 -10 1041 154 1182 209 -1 -1 -1 -1000 -1000 -1000 -10 0.999501
6 2 pedestrian -1 -1 -10 934 159 959 214 -1 -1 -1 -1000 -1000 -1000 -10 0.577533
6 5 car -1 -1 -10 494 167 529 190 -1 -1 -1 -1000 -1000 -1000 -10 0.443772
7 0 car -1 -1 -10 480 167 523 195 -1 -1 -1 -1000 -1000 -1000 -10 0.996574
7 1 car -1 -1 -10 1044 154 1187 211 -1 -1 -1 -1000 -1000 -1000 -10 0.999638
7 2 pedestrian -1 -1 -10 934 161 960 212 -1 -1 -1 -1000 -1000 -1000 -10 0.419374
8 0 car -1 -1 -10 480 169 520 196 -1 -1 -1 -1000 -1000 -1000 -10 0.979017
8 1 car -1 -1 -10 1042 156 1193 210 -1 -1 -1 -1000 -1000 -1000 -10 0.998673
8 2 pedestrian -1 -1 -10 932 160 960 213 -1 -1 -1 -1000 -1000 -1000 -10 0.408834
8 5 car -1 -1 -10 495 170 527 191 -1 -1 -1 -1000 -1000 -1000 -10 0.787093
9 0 car -1 -1 -10 481 169 520 196 -1 -1 -1 -1000 -1000 -1000 -10 0.992764
9 1 car -1 -1 -10 1042 155 1195 211 -1 -1 -1 -1000 -1000 -1000 -10 0.998778
9 2 pedestrian -1 -1 -10 932 160 959 214 -1 -1 -1 -1000 -1000 -1000 -10 0.639178
9 5 car -1 -1 -10 496 169 528 191 -1 -1 -1 -1000 -1000 -1000 -10 0.937977
9 6 car -1 -1 -10 522 169 561 187 -1 -1 -1 -1000 -1000 -1000 -10 0.37302
10 0 car -1 -1 -10 481 170 518 196 -1 -1 -1 -1000 -1000 -1000 -10 0.99323
10 1 car -1 -1 -10 1046 155 1199 211 -1 -1 -1 -1000 -1000 -1000 -10 0.993199
10 5 car -1 -1 -10 497 169 529 190 -1 -1 -1 -1000 -1000 -1000 -10 0.973067
10 6 car -1 -1 -10 522 169 563 186 -1 -1 -1 -1000 -1000 -1000 -10 0.685081
11 0 car -1 -1 -10 481 169 520 196 -1 -1 -1 -1000 -1000 -1000 -10 0.997012
11 1 car -1 -1 -10 1056 154 1209 212 -1 -1 -1 -1000 -1000 -1000 -10 0.999349
11 5 car -1 -1 -10 495 168 530 191 -1 -1 -1 -1000 -1000 -1000 -10 0.982437
11 6 car -1 -1 -10 525 168 564 186 -1 -1 -1 -1000 -1000 -1000 -10 0.834838
11 7 pedestrian -1 -1 -10 932 160 959 213 -1 -1 -1 -1000 -1000 -1000 -10 0.687071
12 0 car -1 -1 -10 484 167 524 196 -1 -1 -1 -1000 -1000 -1000 -10 0.998043
12 1 car -1 -1 -10 1059 153 1213 213 -1 -1 -1 -1000 -1000 -1000 -10 0.999711
12 6 car -1 -1 -10 526 168 565 186 -1 -1 -1 -1000 -1000 -1000 -10 0.79833
12 7 pedestrian -1 -1 -10 932 160 958 212 -1 -1 -1 -1000 -1000 -1000 -10 0.587193
13 0 car -1 -1 -10 484 168 523 197 -1 -1 -1 -1000 -1000 -1000 -10 0.99741
13 1 car -1 -1 -10 1060 152 1223 214 -1 -1 -1 -1000 -1000 -1000 -10 0.998435
13 5 car -1 -1 -10 498 167 534 192 -1 -1 -1 -1000 -1000 -1000 -10 0.99363
13 6 car -1 -1 -10 529 169 566 185 -1 -1 -1 -1000 -1000 -1000 -10 0.372131
13 8 pedestrian -1 -1 -10 931 155 960 217 -1 -1 -1 -1000 -1000 -1000 -10 0.351712
14 0 car -1 -1 -10 486 169 523 197 -1 -1 -1 -1000 -1000 -1000 -10 0.998075
14 1 car -1 -1 -10 1062 152 1224 213 -1 -1 -1 -1000 -1000 -1000 -10 0.985787
14 5 car -1 -1 -10 503 169 537 191 -1 -1 -1 -1000 -1000 -1000 -10 0.843139
14 6 car -1 -1 -10 535 169 570 186 -1 -1 -1 -1000 -1000 -1000 -10 0.398483
14 8 pedestrian -1 -1 -10 933 155 961 217 -1 -1 -1 -1000 -1000 -1000 -10 0.504477
15 0 car -1 -1 -10 489 169 526 196 -1 -1 -1 -1000 -1000 -1000 -10 0.997399
15 1 car -1 -1 -10 1076 151 1224 213 -1 -1 -1 -1000 -1000 -1000 -10 0.999404
15 5 car -1 -1 -10 503 168 539 191 -1 -1 -1 -1000 -1000 -1000 -10 0.990851
15 8 pedestrian -1 -1 -10 941 155 968 218 -1 -1 -1 -1000 -1000 -1000 -10 0.654488
16 0 car -1 -1 -10 492 169 529 197 -1 -1 -1 -1000 -1000 -1000 -10 0.99857
16 1 car -1 -1 -10 1079 150 1224 211 -1 -1 -1 -1000 -1000 -1000 -10 0.998706
16 5 car -1 -1 -10 505 166 541 192 -1 -1 -1 -1000 -1000 -1000 -10 0.995205
16 6 car -1 -1 -10 543 168 571 184 -1 -1 -1 -1000 -1000 -1000 -10 0.547796
16 8 pedestrian -1 -1 -10 943 156 971 217 -1 -1 -1 -1000 -1000 -1000 -10 0.844613
17 0 car -1 -1 -10 495 168 533 197 -1 -1 -1 -1000 -1000 -1000 -10 0.998959
17 1 car -1 -1 -10 1081 150 1224 212 -1 -1 -1 -1000 -1000 -1000 -10 0.999362
17 5 car -1 -1 -10 510 167 546 192 -1 -1 -1 -1000 -1000 -1000 -10 0.987006
17 9 pedestrian -1 -1 -10 949 156 977 217 -1 -1 -1 -1000 -1000 -1000 -10 0.631707
18 0 car -1 -1 -10 498 169 534 196 -1 -1 -1 -1000 -1000 -1000 -10 0.999588
18 1 car -1 -1 -10 1093 151 1224 214 -1 -1 -1 -1000 -1000 -1000 -10 0.997049
18 5 car -1 -1 -10 515 167 549 191 -1 -1 -1 -1000 -1000 -1000 -10 0.985985
19 0 car -1 -1 -10 501 168 539 196 -1 -1 -1 -1000 -1000 -1000 -10 0.997531
19 1 car -1 -1 -10 1101 151 1224 213 -1 -1 -1 -1000 -1000 -1000 -10 0.992267
19 5 car -1 -1 -10 517 166 551 192 -1 -1 -1 -1000 -1000 -1000 -10 0.997187
19 6 car -1 -1 -10 553 167 583 184 -1 -1 -1 -1000 -1000 -1000 -10 0.49036
19 8 pedestrian -1 -1 -10 956 156 981 217 -1 -1 -1 -1000 -1000 -1000 -10 0.937393
20 0 car -1 -1 -10 504 165 545 196 -1 -1 -1 -1000 -1000 -1000 -10 0.999143
20 1 car -1 -1 -10 1113 158 1224 215 -1 -1 -1 -1000 -1000 -1000 -10 0.959011
20 5 car -1 -1 -10 519 163 557 191 -1 -1 -1 -1000 -1000 -1000 -10 0.991875
20 8 pedestrian -1 -1 -10 962 155 991 216 -1 -1 -1 -1000 -1000 -1000 -10 0.92096
21 0 car -1 -1 -10 508 164 546 195 -1 -1 -1 -1000 -1000 -1000 -10 0.99981
21 1 car -1 -1 -10 1126 153 1224 221 -1 -1 -1 -1000 -1000 -1000 -10 0.980549
21 5 car -1 -1 -10 524 164 559 189 -1 -1 -1 -1000 -1000 -1000 -10 0.990859
21 6 car -1 -1 -10 564 165 588 181 -1 -1 -1 -1000 -1000 -1000 -10 0.964931
21 10 pedestrian -1 -1 -10 963 154 994 219 -1 -1 -1 -1000 -1000 -1000 -10 0.861342
22 1 car -1 -1 -10 1132 148 1224 217 -1 -1 -1 -1000 -1000 -1000 -10 0.978053
22 5 car -1 -1 -10 527 162 563 190 -1 -1 -1 -1000 -1000 -1000 -10 0.995929
22 9 pedestrian -1 -1 -10 972 154 998 219 -1 -1 -1 -1000 -1000 -1000 -10 0.591984
22 11 car -1 -1 -10 511 163 552 195 -1 -1 -1 -1000 -1000 -1000 -10 0.99938
23 1 car -1 -1 -10 1146 150 1224 222 -1 -1 -1 -1000 -1000 -1000 -10 0.965349
23 5 car -1 -1 -10 533 163 569 189 -1 -1 -1 -1000 -1000 -1000 -10 0.949057
23 11 car -1 -1 -10 515 163 555 194 -1 -1 -1 -1000 -1000 -1000 -10 0.999808
24 0 car -1 -1 -10 519 164 558 196 -1 -1 -1 -1000 -1000 -1000 -10 0.999704
24 1 car -1 -1 -10 1164 149 1224 224 -1 -1 -1 -1000 -1000 -1000 -10 0.991863
24 5 car -1 -1 -10 534 163 571 190 -1 -1 -1 -1000 -1000 -1000 -10 0.988757
24 6 car -1 -1 -10 574 164 600 181 -1 -1 -1 -1000 -1000 -1000 -10 0.973395
25 0 car -1 -1 -10 522 164 562 197 -1 -1 -1 -1000 -1000 -1000 -10 0.999471
25 1 car -1 -1 -10 1177 150 1224 223 -1 -1 -1 -1000 -1000 -1000 -10 0.94874
25 5 car -1 -1 -10 540 163 574 190 -1 -1 -1 -1000 -1000 -1000 -10 0.996044
25 6 car -1 -1 -10 579 165 605 181 -1 -1 -1 -1000 -1000 -1000 -10 0.942867
25 9 pedestrian -1 -1 -10 985 156 1014 220 -1 -1 -1 -1000 -1000 -1000 -10 0.809323
26 0 car -1 -1 -10 525 162 567 196 -1 -1 -1 -1000 -1000 -1000 -10 0.99975
26 1 car -1 -1 -10 1196 154 1224 222 -1 -1 -1 -1000 -1000 -1000 -10 0.35918
26 5 car -1 -1 -10 544 163 579 190 -1 -1 -1 -1000 -1000 -1000 -10 0.987683
26 6 car -1 -1 -10 581 164 608 181 -1 -1 -1 -1000 -1000 -1000 -10 0.991831
26 8 pedestrian -1 -1 -10 993 155 1021 219 -1 -1 -1 -1000 -1000 -1000 -10 0.877719
27 0 car -1 -1 -10 527 163 567 197 -1 -1 -1 -1000 -1000 -1000 -10 0.999838
27 5 car -1 -1 -10 545 163 581 191 -1 -1 -1 -1000 -1000 -1000 -10 0.997543
27 8 pedestrian -1 -1 -10 994 156 1022 218 -1 -1 -1 -1000 -1000 -1000 -10 0.823135
27 11 car -1 -1 -10 582 164 609 181 -1 -1 -1 -1000 -1000 -1000 -10 0.972185
28 0 car -1 -1 -10 528 163 569 197 -1 -1 -1 -1000 -1000 -1000 -10 0.999514
28 5 car -1 -1 -10 545 163 582 191 -1 -1 -1 -1000 -1000 -1000 -10 0.997082
28 11 car -1 -1 -10 582 164 611 181 -1 -1 -1 -1000 -1000 -1000 -10 0.959292
28 12 pedestrian -1 -1 -10 993 153 1028 221 -1 -1 -1 -1000 -1000 -1000 -10 0.801958
29 0 car -1 -1 -10 527 164 569 199 -1 -1 -1 -1000 -1000 -1000 -10 0.999793
29 5 car -1 -1 -10 545 164 581 192 -1 -1 -1 -1000 -1000 -1000 -10 0.997193
29 6 car -1 -1 -10 579 165 611 182 -1 -1 -1 -1000 -1000 -1000 -10 0.497417
29 13 pedestrian -1 -1 -10 1000 154 1030 220 -1 -1 -1 -1000 -1000 -1000 -10 0.847816
30 0 car -1 -1 -10 525 168 567 203 -1 -1 -1 -1000 -1000 -1000 -10 0.998307
30 5 car -1 -1 -10 542 167 579 194 -1 -1 -1 -1000 -1000 -1000 -10 0.967459
30 13 pedestrian -1 -1 -10 993 156 1028 226 -1 -1 -1 -1000 -1000 -1000 -10 0.829539
31 0 car -1 -1 -10 519 167 563 204 -1 -1 -1 -1000 -1000 -1000 -10 0.999028
31 5 car -1 -1 -10 536 167 573 198 -1 -1 -1 -1000 -1000 -1000 -10 0.997002
31 13 pedestrian -1 -1 -10 989 155 1022 229 -1 -1 -1 -1000 -1000 -1000 -10 0.8523
31 14 car -1 -1 -10 569 169 605 188 -1 -1 -1 -1000 -1000 -1000 -10 0.868956
32 0 car -1 -1 -10 512 168 556 204 -1 -1 -1 -1000 -1000 -1000 -10 0.999627
32 5 car -1 -1 -10 528 167 568 198 -1 -1 -1 -1000 -1000 -1000 -10 0.985439
32 12 pedestrian -1 -1 -10 985 159 1011 222 -1 -1 -1 -1000 -1000 -1000 -10 0.895613
32 14 car -1 -1 -10 558 169 598 188 -1 -1 -1 -1000 -1000 -1000 -10 0.664529
33 0 car -1 -1 -10 504 167 548 204 -1 -1 -1 -1000 -1000 -1000 -10 0.999512
33 5 car -1 -1 -10 522 167 561 196 -1 -1 -1 -1000 -1000 -1000 -10 0.988923
33 12 pedestrian -1 -1 -10 976 156 1004 224 -1 -1 -1 -1000 -1000 -1000 -10 0.919932
34 0 car -1 -1 -10 493 166 538 204 -1 -1 -1 -1000 -1000 -1000 -10 0.997784
34 5 car -1 -1 -10 512 165 551 196 -1 -1 -1 -1000 -1000 -1000 -10 0.995454
34 15 pedestrian -1 -1 -10 966 156 993 222 -1 -1 -1 -1000 -1000 -1000 -10 0.967782
35 5 car -1 -1 -10 501 165 541 197 -1 -1 -1 -1000 -1000 -1000 -10 0.989949
35 8 pedestrian -1 -1 -10 954 155 983 220 -1 -1 -1 -1000 -1000 -1000 -10 0.917006
35 16 car -1 -1 -10 482 166 528 205 -1 -1 -1 -1000 -1000 -1000 -10 0.998233
36 5 car -1 -1 -10 489 168 530 198 -1 -1 -1 -1000 -1000 -1000 -10 0.976458
36 16 car -1 -1 -10 467 165 515 209 -1 -1 -1 -1000 -1000 -1000 -10 0.99955
36 17 pedestrian -1 -1 -10 942 155 971 221 -1 -1 -1 -1000 -1000 -1000 -10 0.98105
37 5 car -1 -1 -10 473 167 515 200 -1 -1 -1 -1000 -1000 -1000 -10 0.99806
37 8 pedestrian -1 -1 -10 930 155 956 219 -1 -1 -1 -1000 -1000 -1000 -10 0.959225
37 14 car -1 -1 -10 496 168 537 188 -1 -1 -1 -1000 -1000 -1000 -10 0.421426
37 16 car -1 -1 -10 452 165 499 211 -1 -1 -1 -1000 -1000 -1000 -10 0.999801
37 18 car -1 -1 -10 1182 148 1224 228 -1 -1 -1 -1000 -1000 -1000 -10 0.471112
38 5 car -1 -1 -10 458 166 501 199 -1 -1 -1 -1000 -1000 -1000 -10 0.989603
38 8 pedestrian -1 -1 -10 915 153 941 220 -1 -1 -1 -1000 -1000 -1000 -10 0.898268
38 16 car -1 -1 -10 435 163 485 212 -1 -1 -1 -1000 -1000 -1000 -10 0.999875
38 18 car -1 -1 -10 1170 149 1224 226 -1 -1 -1 -1000 -1000 -1000 -10 0.970319
39 5 car -1 -1 -10 439 163 483 198 -1 -1 -1 -1000 -1000 -1000 -10 0.997613
39 16 car -1 -1 -10 416 160 468 212 -1 -1 -1 -1000 -1000 -1000 -10 0.99981
39 18 car -1 -1 -10 1160 147 1224 227 -1 -1 -1 -1000 -1000 -1000 -10 0.989806
39 19 car -1 -1 -10 461 163 503 183 -1 -1 -1 -1000 -1000 -1000 -10 0.744801
40 5 car -1 -1 -10 420 162 464 198 -1 -1 -1 -1000 -1000 -1000 -10 0.996724
40 16 car -1 -1 -10 397 159 450 213 -1 -1 -1 -1000 -1000 -1000 -10 0.999878
40 17 pedestrian -1 -1 -10 890 155 916 218 -1 -1 -1 -1000 -1000 -1000 -10 0.78597
40 18 car -1 -1 -10 1139 147 1224 231 -1 -1 -1 -1000 -1000 -1000 -10 0.997605
40 19 car -1 -1 -10 438 162 486 182 -1 -1 -1 -1000 -1000 -1000 -10 0.951808
40 20 pedestrian -1 -1 -10 874 155 900 218 -1 -1 -1 -1000 -1000 -1000 -10 0.568259
41 5 car -1 -1 -10 401 164 446 200 -1 -1 -1 -1000 -1000 -1000 -10 0.993077
41 16 car -1 -1 -10 374 160 431 217 -1 -1 -1 -1000 -1000 -1000 -10 0.999974
41 17 pedestrian -1 -1 -10 870 157 895 218 -1 -1 -1 -1000 -1000 -1000 -10 0.578604
41 18 car -1 -1 -10 1120 154 1224 230 -1 -1 -1 -1000 -1000 -1000 -10 0.996537
41 19 car -1 -1 -10 419 162 467 183 -1 -1 -1 -1000 -1000 -1000 -10 0.950101
41 20 pedestrian -1 -1 -10 859 156 885 219 -1 -1 -1 -1000 -1000 -1000 -10 0.820244
42 5 car -1 -1 -10 377 166 424 200 -1 -1 -1 -1000 -1000 -1000 -10 0.990855
42 16 car -1 -1 -10 349 162 410 221 -1 -1 -1 -1000 -1000 -1000 -10 0.999955
42 18 car -1 -1 -10 1096 156 1224 231 -1 -1 -1 -1000 -1000 -1000 -10 0.996763
42 21 car -1 -1 -10 400 165 444 187 -1 -1 -1 -1000 -1000 -1000 -10 0.954931
43 5 car -1 -1 -10 346 167 400 207 -1 -1 -1 -1000 -1000 -1000 -10 0.98847
43 16 car -1 -1 -10 319 165 382 227 -1 -1 -1 -1000 -1000 -1000 -10 0.999714
43 18 car -1 -1 -10 1081 159 1224 230 -1 -1 -1 -1000 -1000 -1000 -10 0.999395
43 21 car -1 -1 -10 369 166 417 189 -1 -1 -1 -1000 -1000 -1000 -10 0.608523
44 5 car -1 -1 -10 314 166 369 208 -1 -1 -1 -1000 -1000 -1000 -10 0.997908
44 16 car -1 -1 -10 285 165 356 231 -1 -1 -1 -1000 -1000 -1000 -10 0.999951
44 18 car -1 -1 -10 1057 161 1224 234 -1 -1 -1 -1000 -1000 -1000 -10 0.999885
44 21 car -1 -1 -10 338 165 386 191 -1 -1 -1 -1000 -1000 -1000 -10 0.466684
45 5 car -1 -1 -10 274 170 338 209 -1 -1 -1 -1000 -1000 -1000 -10 0.983015
45 16 car -1 -1 -10 244 165 326 236 -1 -1 -1 -1000 -1000 -1000 -10 0.998774
45 18 car -1 -1 -10 1026 163 1218 236 -1 -1 -1 -1000 -1000 -1000 -10 0.999956
45 19 car -1 -1 -10 301 168 354 192 -1 -1 -1 -1000 -1000 -1000 -10 0.975708
45 20 pedestrian -1 -1 -10 755 161 782 226 -1 -1 -1 -1000 -1000 -1000 -10 0.984822
46 5 car -1 -1 -10 228 172 300 213 -1 -1 -1 -1000 -1000 -1000 -10 0.993549
46 16 car -1 -1 -10 197 168 291 245 -1 -1 -1 -1000 -1000 -1000 -10 0.999479
46 18 car -1 -1 -10 997 165 1177 235 -1 -1 -1 -1000 -1000 -1000 -10 0.999939
46 19 car -1 -1 -10 262 170 315 194 -1 -1 -1 -1000 -1000 -1000 -10 0.964509
46 20 pedestrian -1 -1 -10 725 160 750 228 -1 -1 -1 -1000 -1000 -1000 -10 0.799227
47 5 car -1 -1 -10 175 174 259 218 -1 -1 -1 -1000 -1000 -1000 -10 0.910789
47 16 car -1 -1 -10 142 169 248 254 -1 -1 -1 -1000 -1000 -1000 -10 0.999919
47 18 car -1 -1 -10 961 166 1136 237 -1 -1 -1 -1000 -1000 -1000 -10 0.999922
47 19 car -1 -1 -10 219 172 276 195 -1 -1 -1 -1000 -1000 -1000 -10 0.933835
47 20 pedestrian -1 -1 -10 690 162 715 230 -1 -1 -1 -1000 -1000 -1000 -10 0.905512
48 5 car -1 -1 -10 116 175 208 220 -1 -1 -1 -1000 -1000 -1000 -10 0.967886
48 16 car -1 -1 -10 80 173 201 259 -1 -1 -1 -1000 -1000 -1000 -10 0.996872
48 18 car -1 -1 -10 925 165 1097 238 -1 -1 -1 -1000 -1000 -1000 -10 0.999873
48 19 car -1 -1 -10 158 173 229 199 -1 -1 -1 -1000 -1000 -1000 -10 0.903155
48 20 pedestrian -1 -1 -10 654 162 680 232 -1 -1 -1 -1000 -1000 -1000 -10 0.967682
49 5 car -1 -1 -10 50 174 153 220 -1 -1 -1 -1000 -1000 -1000 -10 0.930187
49 16 car -1 -1 -10 0 171 153 271 -1 -1 -1 -1000 -1000 -1000 -10 0.999819
49 18 car -1 -1 -10 889 162 1051 237 -1 -1 -1 -1000 -1000 -1000 -10 0.999895
49 19 car -1 -1 -10 106 175 178 198 -1 -1 -1 -1000 -1000 -1000 -10 0.713579
49 20 pedestrian -1 -1 -10 613 161 638 232 -1 -1 -1 -1000 -1000 -1000 -10 0.910812
50 16 car -1 -1 -10 0 170 100 286 -1 -1 -1 -1000 -1000 -1000 -10 0.971676
50 18 car -1 -1 -10 852 159 1009 234 -1 -1 -1 -1000 -1000 -1000 -10 0.999936
50 19 car -1 -1 -10 46 174 120 198 -1 -1 -1 -1000 -1000 -1000 -10 0.696617
50 20 pedestrian -1 -1 -10 571 156 602 231 -1 -1 -1 -1000 -1000 -1000 -10 0.739146
50 22 car -1 -1 -10 0 167 81 225 -1 -1 -1 -1000 -1000 -1000 -10 0.910646
51 18 car -1 -1 -10 815 158 971 230 -1 -1 -1 -1000 -1000 -1000 -10 0.99995
51 20 pedestrian -1 -1 -10 524 159 550 233 -1 -1 -1 -1000 -1000 -1000 -10 0.844016
51 22 car -1 -1 -10 0 173 38 205 -1 -1 -1 -1000 -1000 -1000 -10 0.580594
51 23 car -1 -1 -10 0 170 41 295 -1 -1 -1 -1000 -1000 -1000 -10 0.700491
51 24 car -1 -1 -10 0 168 55 198 -1 -1 -1 -1000 -1000 -1000 -10 0.320858
51 25 pedestrian -1 -1 -10 540 155 565 232 -1 -1 -1 -1000 -1000 -1000 -10 0.480104
52 18 car -1 -1 -10 779 156 930 229 -1 -1 -1 -1000 -1000 -1000 -10 0.999976
52 20 pedestrian -1 -1 -10 481 156 507 230 -1 -1 -1 -1000 -1000 -1000 -10 0.970493
52 26 pedestrian -1 -1 -10 496 155 525 232 -1 -1 -1 -1000 -1000 -1000 -10 0.424293
53 18 car -1 -1 -10 739 156 892 228 -1 -1 -1 -1000 -1000 -1000 -10 0.999962
53 20 pedestrian -1 -1 -10 437 153 462 234 -1 -1 -1 -1000 -1000 -1000 -10 0.903584
53 27 pedestrian -1 -1 -10 448 152 476 234 -1 -1 -1 -1000 -1000 -1000 -10 0.334799
54 18 car -1 -1 -10 703 154 854 229 -1 -1 -1 -1000 -1000 -1000 -10 0.999978
54 20 pedestrian -1 -1 -10 386 154 414 234 -1 -1 -1 -1000 -1000 -1000 -10 0.96235
55 18 car -1 -1 -10 666 155 816 229 -1 -1 -1 -1000 -1000 -1000 -10 0.999973
55 20 pedestrian -1 -1 -10 331 153 362 239 -1 -1 -1 -1000 -1000 -1000 -10 0.698264
55 28 car -1 -1 -10 1167 167 1222 195 -1 -1 -1 -1000 -1000 -1000 -10 0.996485
56 18 car -1 -1 -10 630 156 779 230 -1 -1 -1 -1000 -1000 -1000 -10 0.999976
56 20 pedestrian -1 -1 -10 267 157 305 241 -1 -1 -1 -1000 -1000 -1000 -10 0.967285
56 29 car -1 -1 -10 1107 169 1157 197 -1 -1 -1 -1000 -1000 -1000 -10 0.999412
56 30 pedestrian -1 -1 -10 291 154 323 241 -1 -1 -1 -1000 -1000 -1000 -10 0.825568
57 18 car -1 -1 -10 589 158 743 235 -1 -1 -1 -1000 -1000 -1000 -10 0.999944
57 20 pedestrian -1 -1 -10 207 157 240 243 -1 -1 -1 -1000 -1000 -1000 -10 0.632554
57 29 car -1 -1 -10 1051 172 1101 199 -1 -1 -1 -1000 -1000 -1000 -10 0.99745
57 30 pedestrian -1 -1 -10 227 156 265 244 -1 -1 -1 -1000 -1000 -1000 -10 0.950957
58 18 car -1 -1 -10 551 160 704 238 -1 -1 -1 -1000 -1000 -1000 -10 0.999946
58 20 pedestrian -1 -1 -10 132 156 171 248 -1 -1 -1 -1000 -1000 -1000 -10 0.581383
58 29 car -1 -1 -10 997 176 1045 203 -1 -1 -1 -1000 -1000 -1000 -10 0.998214
58 30 pedestrian -1 -1 -10 153 155 198 251 -1 -1 -1 -1000 -1000 -1000 -10 0.719415
59 18 car -1 -1 -10 511 161 662 242 -1 -1 -1 -1000 -1000 -1000 -10 0.999902
59 29 car -1 -1 -10 947 178 991 205 -1 -1 -1 -1000 -1000 -1000 -10 0.999546
59 30 pedestrian -1 -1 -10 67 156 115 258 -1 -1 -1 -1000 -1000 -1000 -10 0.554707
60 18 car -1 -1 -10 468 161 620 243 -1 -1 -1 -1000 -1000 -1000 -10 0.999776
60 28 car -1 -1 -10 1173 182 1224 302 -1 -1 -1 -1000 -1000 -1000 -10 0.982081
60 31 car -1 -1 -10 897 178 940 205 -1 -1 -1 -1000 -1000 -1000 -10 0.998683
61 18 car -1 -1 -10 413 159 583 243 -1 -1 -1 -1000 -1000 -1000 -10 0.999941
61 28 car -1 -1 -10 1117 187 1224 293 -1 -1 -1 -1000 -1000 -1000 -10 0.997415
61 31 car -1 -1 -10 851 176 893 202 -1 -1 -1 -1000 -1000 -1000 -10 0.999697
62 18 car -1 -1 -10 359 158 541 245 -1 -1 -1 -1000 -1000 -1000 -10 0.999967
62 28 car -1 -1 -10 1079 188 1224 290 -1 -1 -1 -1000 -1000 -1000 -10 0.997408
62 32 car -1 -1 -10 802 175 844 201 -1 -1 -1 -1000 -1000 -1000 -10 0.999819
62 33 car -1 -1 -10 1075 183 1182 255 -1 -1 -1 -1000 -1000 -1000 -10 0.990171
63 18 car -1 -1 -10 299 155 494 250 -1 -1 -1 -1000 -1000 -1000 -10 0.999981
63 28 car -1 -1 -10 1037 189 1186 291 -1 -1 -1 -1000 -1000 -1000 -10 0.998563
63 32 car -1 -1 -10 759 176 799 202 -1 -1 -1 -1000 -1000 -1000 -10 0.999914
63 33 car -1 -1 -10 1031 185 1134 255 -1 -1 -1 -1000 -1000 -1000 -10 0.99655
63 34 car -1 -1 -10 1000 182 1051 223 -1 -1 -1 -1000 -1000 -1000 -10 0.453487
64 18 car -1 -1 -10 234 156 449 251 -1 -1 -1 -1000 -1000 -1000 -10 0.999961
64 28 car -1 -1 -10 997 193 1150 291 -1 -1 -1 -1000 -1000 -1000 -10 0.999542
64 32 car -1 -1 -10 715 176 757 202 -1 -1 -1 -1000 -1000 -1000 -10 0.999496
64 33 car -1 -1 -10 989 186 1090 253 -1 -1 -1 -1000 -1000 -1000 -10 0.998981
64 34 car -1 -1 -10 957 183 1002 223 -1 -1 -1 -1000 -1000 -1000 -10 0.979062
65 18 car -1 -1 -10 158 156 400 257 -1 -1 -1 -1000 -1000 -1000 -10 0.999896
65 28 car -1 -1 -10 960 196 1114 291 -1 -1 -1 -1000 -1000 -1000 -10 0.999699
65 32 car -1 -1 -10 671 175 714 203 -1 -1 -1 -1000 -1000 -1000 -10 0.99988
65 33 car -1 -1 -10 948 186 1050 253 -1 -1 -1 -1000 -1000 -1000 -10 0.999625
65 34 car -1 -1 -10 914 182 959 222 -1 -1 -1 -1000 -1000 -1000 -10 0.993139
66 18 car -1 -1 -10 78 154 354 262 -1 -1 -1 -1000 -1000 -1000 -10 0.999627
66 28 car -1 -1 -10 923 191 1092 293 -1 -1 -1 -1000 -1000 -1000 -10 0.999927
66 32 car -1 -1 -10 629 173 673 202 -1 -1 -1 -1000 -1000 -1000 -10 0.999934
66 33 car -1 -1 -10 909 185 1008 249 -1 -1 -1 -1000 -1000 -1000 -10 0.99954
66 34 car -1 -1 -10 875 180 920 220 -1 -1 -1 -1000 -1000 -1000 -10 0.997302
67 18 car -1 -1 -10 0 157 298 278 -1 -1 -1 -1000 -1000 -1000 -10 0.999975
67 28 car -1 -1 -10 893 190 1066 292 -1 -1 -1 -1000 -1000 -1000 -10 0.999935
67 32 car -1 -1 -10 590 172 637 201 -1 -1 -1 -1000 -1000 -1000 -10 0.99994
67 33 car -1 -1 -10 881 182 981 247 -1 -1 -1 -1000 -1000 -1000 -10 0.999937
67 34 car -1 -1 -10 843 178 886 217 -1 -1 -1 -1000 -1000 -1000 -10 0.998231
68 18 car -1 -1 -10 0 156 240 287 -1 -1 -1 -1000 -1000 -1000 -10 0.999964
68 28 car -1 -1 -10 871 186 1045 292 -1 -1 -1 -1000 -1000 -1000 -10 0.99997
68 32 car -1 -1 -10 555 168 604 199 -1 -1 -1 -1000 -1000 -1000 -10 0.999821
68 33 car -1 -1 -10 854 177 958 248 -1 -1 -1 -1000 -1000 -1000 -10 0.999969
68 34 car -1 -1 -10 815 176 856 215 -1 -1 -1 -1000 -1000 -1000 -10 0.994243
69 18 car -1 -1 -10 0 147 181 290 -1 -1 -1 -1000 -1000 -1000 -10 0.999897
69 28 car -1 -1 -10 852 186 1040 297 -1 -1 -1 -1000 -1000 -1000 -10 0.999973
69 33 car -1 -1 -10 830 175 938 248 -1 -1 -1 -1000 -1000 -1000 -10 0.999983
69 34 car -1 -1 -10 788 174 832 212 -1 -1 -1 -1000 -1000 -1000 -10 0.998006
69 35 car -1 -1 -10 523 168 570 198 -1 -1 -1 -1000 -1000 -1000 -10 0.999934
70 18 car -1 -1 -10 0 147 134 289 -1 -1 -1 -1000 -1000 -1000 -10 0.999658
70 28 car -1 -1 -10 844 184 1028 302 -1 -1 -1 -1000 -1000 -1000 -10 0.999966
70 33 car -1 -1 -10 813 173 922 250 -1 -1 -1 -1000 -1000 -1000 -10 0.999992
70 34 car -1 -1 -10 769 173 814 211 -1 -1 -1 -1000 -1000 -1000 -10 0.996328
70 35 car -1 -1 -10 493 166 543 197 -1 -1 -1 -1000 -1000 -1000 -10 0.999747
71 18 car -1 -1 -10 0 149 76 287 -1 -1 -1 -1000 -1000 -1000 -10 0.987972
71 28 car -1 -1 -10 828 182 1029 307 -1 -1 -1 -1000 -1000 -1000 -10 0.999757
71 33 car -1 -1 -10 800 171 909 253 -1 -1 -1 -1000 -1000 -1000 -10 0.999994
71 34 car -1 -1 -10 757 173 799 211 -1 -1 -1 -1000 -1000 -1000 -10 0.995659
71 35 car -1 -1 -10 468 166 520 200 -1 -1 -1 -1000 -1000 -1000 -10 0.9999
71 36 car -1 -1 -10 746 173 779 203 -1 -1 -1 -1000 -1000 -1000 -10 0.760986
71 37 car -1 -1 -10 734 171 761 194 -1 -1 -1 -1000 -1000 -1000 -10 0.582096
72 28 car -1 -1 -10 827 186 1030 316 -1 -1 -1 -1000 -1000 -1000 -10 0.999988
72 33 car -1 -1 -10 787 174 906 254 -1 -1 -1 -1000 -1000 -1000 -10 0.999988
72 34 car -1 -1 -10 735 172 788 215 -1 -1 -1 -1000 -1000 -1000 -10 0.983529
72 35 car -1 -1 -10 443 169 497 204 -1 -1 -1 -1000 -1000 -1000 -10 0.9998
72 38 car -1 -1 -10 732 175 770 205 -1 -1 -1 -1000 -1000 -1000 -10 0.787672
73 28 car -1 -1 -10 826 187 1040 331 -1 -1 -1 -1000 -1000 -1000 -10 0.999995
73 33 car -1 -1 -10 779 174 901 263 -1 -1 -1 -1000 -1000 -1000 -10 0.999988
73 34 car -1 -1 -10 727 175 775 219 -1 -1 -1 -1000 -1000 -1000 -10 0.999316
73 35 car -1 -1 -10 418 172 474 209 -1 -1 -1 -1000 -1000 -1000 -10 0.999959
73 37 car -1 -1 -10 707 178 734 200 -1 -1 -1 -1000 -1000 -1000 -10 0.779178
73 38 car -1 -1 -10 718 178 756 209 -1 -1 -1 -1000 -1000 -1000 -10 0.745374
74 28 car -1 -1 -10 823 188 1068 343 -1 -1 -1 -1000 -1000 -1000 -10 0.999986
74 33 car -1 -1 -10 773 177 908 268 -1 -1 -1 -1000 -1000 -1000 -10 0.999955
74 34 car -1 -1 -10 719 176 767 221 -1 -1 -1 -1000 -1000 -1000 -10 0.984589
74 35 car -1 -1 -10 396 173 454 212 -1 -1 -1 -1000 -1000 -1000 -10 0.999968
74 37 car -1 -1 -10 698 179 724 201 -1 -1 -1 -1000 -1000 -1000 -10 0.916106
74 38 car -1 -1 -10 711 178 747 210 -1 -1 -1 -1000 -1000 -1000 -10 0.530476
75 28 car -1 -1 -10 820 191 1104 358 -1 -1 -1 -1000 -1000 -1000 -10 0.999988
75 33 car -1 -1 -10 771 180 924 268 -1 -1 -1 -1000 -1000 -1000 -10 0.999523
75 34 car -1 -1 -10 715 176 763 221 -1 -1 -1 -1000 -1000 -1000 -10 0.996964
75 35 car -1 -1 -10 372 171 436 213 -1 -1 -1 -1000 -1000 -1000 -10 0.999986
75 37 car -1 -1 -10 689 179 715 198 -1 -1 -1 -1000 -1000 -1000 -10 0.900189
75 38 car -1 -1 -10 702 178 738 208 -1 -1 -1 -1000 -1000 -1000 -10 0.941136
75 39 car -1 -1 -10 549 175 579 192 -1 -1 -1 -1000 -1000 -1000 -10 0.343313
76 28 car -1 -1 -10 823 193 1157 368 -1 -1 -1 -1000 -1000 -1000 -10 0.999968
76 33 car -1 -1 -10 770 181 930 275 -1 -1 -1 -1000 -1000 -1000 -10 0.999904
76 34 car -1 -1 -10 706 177 756 221 -1 -1 -1 -1000 -1000 -1000 -10 0.998857
76 35 car -1 -1 -10 349 170 417 215 -1 -1 -1 -1000 -1000 -1000 -10 0.999986
76 37 car -1 -1 -10 684 178 710 201 -1 -1 -1 -1000 -1000 -1000 -10 0.873842
76 38 car -1 -1 -10 692 180 727 208 -1 -1 -1 -1000 -1000 -1000 -10 0.802589
76 39 car -1 -1 -10 539 177 567 194 -1 -1 -1 -1000 -1000 -1000 -10 0.779612
77 28 car -1 -1 -10 832 189 1205 370 -1 -1 -1 -1000 -1000 -1000 -10 0.999886
77 33 car -1 -1 -10 770 178 932 282 -1 -1 -1 -1000 -1000 -1000 -10 0.999976
77 34 car -1 -1 -10 702 178 753 223 -1 -1 -1 -1000 -1000 -1000 -10 0.999197
77 35 car -1 -1 -10 324 173 396 219 -1 -1 -1 -1000 -1000 -1000 -10 0.999791
77 37 car -1 -1 -10 676 179 702 202 -1 -1 -1 -1000 -1000 -1000 -10 0.992146
77 38 car -1 -1 -10 689 179 733 213 -1 -1 -1 -1000 -1000 -1000 -10 0.833097
77 39 car -1 -1 -10 526 177 555 195 -1 -1 -1 -1000 -1000 -1000 -10 0.934862
78 28 car -1 -1 -10 839 194 1224 367 -1 -1 -1 -1000 -1000 -1000 -10 0.99989
78 33 car -1 -1 -10 770 180 941 286 -1 -1 -1 -1000 -1000 -1000 -10 0.999937
78 34 car -1 -1 -10 694 178 749 222 -1 -1 -1 -1000 -1000 -1000 -10 0.996992
78 35 car -1 -1 -10 295 173 380 221 -1 -1 -1 -1000 -1000 -1000 -10 0.99995
78 37 car -1 -1 -10 668 180 695 200 -1 -1 -1 -1000 -1000 -1000 -10 0.984861
78 38 car -1 -1 -10 680 179 719 209 -1 -1 -1 -1000 -1000 -1000 -10 0.892916
78 39 car -1 -1 -10 514 178 546 197 -1 -1 -1 -1000 -1000 -1000 -10 0.977446
79 28 car -1 -1 -10 867 188 1224 370 -1 -1 -1 -1000 -1000 -1000 -10 0.999074
79 33 car -1 -1 -10 773 180 966 290 -1 -1 -1 -1000 -1000 -1000 -10 0.99996
79 34 car -1 -1 -10 693 177 747 223 -1 -1 -1 -1000 -1000 -1000 -10 0.999437
79 35 car -1 -1 -10 268 173 362 222 -1 -1 -1 -1000 -1000 -1000 -10 0.999859
79 37 car -1 -1 -10 666 180 693 201 -1 -1 -1 -1000 -1000 -1000 -10 0.986082
79 38 car -1 -1 -10 678 180 721 212 -1 -1 -1 -1000 -1000 -1000 -10 0.935012
79 39 car -1 -1 -10 504 177 538 197 -1 -1 -1 -1000 -1000 -1000 -10 0.993837
80 28 car -1 -1 -10 887 193 1224 370 -1 -1 -1 -1000 -1000 -1000 -10 0.982442
80 33 car -1 -1 -10 767 182 998 295 -1 -1 -1 -1000 -1000 -1000 -10 0.999492
80 34 car -1 -1 -10 692 177 749 224 -1 -1 -1 -1000 -1000 -1000 -10 0.999098
80 35 car -1 -1 -10 240 169 340 226 -1 -1 -1 -1000 -1000 -1000 -10 0.999946
80 37 car -1 -1 -10 662 179 688 200 -1 -1 -1 -1000 -1000 -1000 -10 0.885941
80 38 car -1 -1 -10 674 178 717 210 -1 -1 -1 -1000 -1000 -1000 -10 0.928693
80 39 car -1 -1 -10 495 177 530 196 -1 -1 -1 -1000 -1000 -1000 -10 0.992892
81 28 car -1 -1 -10 898 203 1224 370 -1 -1 -1 -1000 -1000 -1000 -10 0.997313
81 33 car -1 -1 -10 784 181 1021 307 -1 -1 -1 -1000 -1000 -1000 -10 0.998371
81 34 car -1 -1 -10 691 175 748 223 -1 -1 -1 -1000 -1000 -1000 -10 0.99877
81 35 car -1 -1 -10 212 169 318 230 -1 -1 -1 -1000 -1000 -1000 -10 0.999994
81 38 car -1 -1 -10 671 178 712 208 -1 -1 -1 -1000 -1000 -1000 -10 0.939556
81 39 car -1 -1 -10 487 175 523 195 -1 -1 -1 -1000 -1000 -1000 -10 0.991677
81 40 car -1 -1 -10 656 176 686 198 -1 -1 -1 -1000 -1000 -1000 -10 0.989596
82 28 car -1 -1 -10 941 201 1224 366 -1 -1 -1 -1000 -1000 -1000 -10 0.999001
82 33 car -1 -1 -10 787 181 1057 327 -1 -1 -1 -1000 -1000 -1000 -10 0.999988
82 34 car -1 -1 -10 696 176 757 229 -1 -1 -1 -1000 -1000 -1000 -10 0.995915
82 35 car -1 -1 -10 180 168 295 235 -1 -1 -1 -1000 -1000 -1000 -10 0.999995
82 38 car -1 -1 -10 668 177 711 210 -1 -1 -1 -1000 -1000 -1000 -10 0.984524
82 39 car -1 -1 -10 477 175 515 196 -1 -1 -1 -1000 -1000 -1000 -10 0.997914
82 40 car -1 -1 -10 653 177 683 199 -1 -1 -1 -1000 -1000 -1000 -10 0.995416
83 28 car -1 -1 -10 988 203 1224 363 -1 -1 -1 -1000 -1000 -1000 -10 0.994372
83 33 car -1 -1 -10 797 183 1101 344 -1 -1 -1 -1000 -1000 -1000 -10 0.999995
83 34 car -1 -1 -10 697 175 758 230 -1 -1 -1 -1000 -1000 -1000 -10 0.998242
83 35 car -1 -1 -10 143 169 268 236 -1 -1 -1 -1000 -1000 -1000 -10 0.999985
83 38 car -1 -1 -10 667 177 711 210 -1 -1 -1 -1000 -1000 -1000 -10 0.967229
83 39 car -1 -1 -10 470 176 507 197 -1 -1 -1 -1000 -1000 -1000 -10 0.992825
83 40 car -1 -1 -10 652 176 682 199 -1 -1 -1 -1000 -1000 -1000 -10 0.99286
84 28 car -1 -1 -10 1079 219 1224 364 -1 -1 -1 -1000 -1000 -1000 -10 0.701264
84 33 car -1 -1 -10 804 178 1173 365 -1 -1 -1 -1000 -1000 -1000 -10 0.999928
84 34 car -1 -1 -10 698 175 761 232 -1 -1 -1 -1000 -1000 -1000 -10 0.999246
84 35 car -1 -1 -10 98 170 245 243 -1 -1 -1 -1000 -1000 -1000 -10 0.999981
84 38 car -1 -1 -10 683 177 740 221 -1 -1 -1 -1000 -1000 -1000 -10 0.990321
84 39 car -1 -1 -10 461 176 499 198 -1 -1 -1 -1000 -1000 -1000 -10 0.998627
84 40 car -1 -1 -10 652 176 681 199 -1 -1 -1 -1000 -1000 -1000 -10 0.946548
84 41 car -1 -1 -10 666 176 710 211 -1 -1 -1 -1000 -1000 -1000 -10 0.952552
85 33 car -1 -1 -10 823 173 1213 370 -1 -1 -1 -1000 -1000 -1000 -10 0.999929
85 34 car -1 -1 -10 703 174 770 233 -1 -1 -1 -1000 -1000 -1000 -10 0.995419
85 35 car -1 -1 -10 46 170 221 248 -1 -1 -1 -1000 -1000 -1000 -10 0.999906
85 37 car -1 -1 -10 651 174 680 198 -1 -1 -1 -1000 -1000 -1000 -10 0.715418
85 38 car -1 -1 -10 686 174 746 224 -1 -1 -1 -1000 -1000 -1000 -10 0.993848
85 39 car -1 -1 -10 453 176 493 198 -1 -1 -1 -1000 -1000 -1000 -10 0.999498
85 41 car -1 -1 -10 662 175 700 206 -1 -1 -1 -1000 -1000 -1000 -10 0.92914
85 42 car -1 -1 -10 671 176 724 217 -1 -1 -1 -1000 -1000 -1000 -10 0.666172
86 33 car -1 -1 -10 847 173 1224 370 -1 -1 -1 -1000 -1000 -1000 -10 0.999948
86 34 car -1 -1 -10 704 175 776 238 -1 -1 -1 -1000 -1000 -1000 -10 0.998513
86 35 car -1 -1 -10 0 170 186 258 -1 -1 -1 -1000 -1000 -1000 -10 0.999985
86 38 car -1 -1 -10 688 176 750 225 -1 -1 -1 -1000 -1000 -1000 -10 0.993707
86 39 car -1 -1 -10 443 177 487 200 -1 -1 -1 -1000 -1000 -1000 -10 0.999479
86 40 car -1 -1 -10 650 175 679 198 -1 -1 -1 -1000 -1000 -1000 -10 0.826528
86 41 car -1 -1 -10 664 176 709 209 -1 -1 -1 -1000 -1000 -1000 -10 0.951469
87 33 car -1 -1 -10 873 174 1224 370 -1 -1 -1 -1000 -1000 -1000 -10 0.999801
87 34 car -1 -1 -10 709 175 785 241 -1 -1 -1 -1000 -1000 -1000 -10 0.999321
87 35 car -1 -1 -10 0 170 149 272 -1 -1 -1 -1000 -1000 -1000 -10 0.999982
87 38 car -1 -1 -10 690 176 755 228 -1 -1 -1 -1000 -1000 -1000 -10 0.99136
87 39 car -1 -1 -10 436 178 481 202 -1 -1 -1 -1000 -1000 -1000 -10 0.999347
87 40 car -1 -1 -10 650 175 678 198 -1 -1 -1 -1000 -1000 -1000 -10 0.969295
87 41 car -1 -1 -10 665 176 707 210 -1 -1 -1 -1000 -1000 -1000 -10 0.978617
88 33 car -1 -1 -10 909 175 1224 370 -1 -1 -1 -1000 -1000 -1000 -10 0.99981
88 34 car -1 -1 -10 714 174 800 246 -1 -1 -1 -1000 -1000 -1000 -10 0.997517
88 35 car -1 -1 -10 0 173 114 276 -1 -1 -1 -1000 -1000 -1000 -10 0.999162
88 37 car -1 -1 -10 651 175 679 199 -1 -1 -1 -1000 -1000 -1000 -10 0.988004
88 38 car -1 -1 -10 693 174 763 232 -1 -1 -1 -1000 -1000 -1000 -10 0.997751
88 39 car -1 -1 -10 429 179 473 204 -1 -1 -1 -1000 -1000 -1000 -10 0.999753
88 42 car -1 -1 -10 673 177 725 219 -1 -1 -1 -1000 -1000 -1000 -10 0.976534
89 33 car -1 -1 -10 946 185 1224 369 -1 -1 -1 -1000 -1000 -1000 -10 0.999693
89 34 car -1 -1 -10 718 172 806 250 -1 -1 -1 -1000 -1000 -1000 -10 0.999962
89 35 car -1 -1 -10 0 182 53 275 -1 -1 -1 -1000 -1000 -1000 -10 0.981042
89 37 car -1 -1 -10 651 175 681 200 -1 -1 -1 -1000 -1000 -1000 -10 0.994079
89 38 car -1 -1 -10 694 173 767 234 -1 -1 -1 -1000 -1000 -1000 -10 0.999597
89 39 car -1 -1 -10 420 178 466 205 -1 -1 -1 -1000 -1000 -1000 -10 0.999841
89 41 car -1 -1 -10 665 176 709 211 -1 -1 -1 -1000 -1000 -1000 -10 0.983116
89 42 car -1 -1 -10 675 177 729 220 -1 -1 -1 -1000 -1000 -1000 -10 0.984718
90 33 car -1 -1 -10 997 186 1224 365 -1 -1 -1 -1000 -1000 -1000 -10 0.999605
90 34 car -1 -1 -10 723 171 817 256 -1 -1 -1 -1000 -1000 -1000 -10 0.999973
90 37 car -1 -1 -10 652 176 683 201 -1 -1 -1 -1000 -1000 -1000 -10 0.997393
90 38 car -1 -1 -10 694 174 771 233 -1 -1 -1 -1000 -1000 -1000 -10 0.998621
90 39 car -1 -1 -10 410 178 458 207 -1 -1 -1 -1000 -1000 -1000 -10 0.999856
90 41 car -1 -1 -10 667 176 712 212 -1 -1 -1 -1000 -1000 -1000 -10 0.976407
90 42 car -1 -1 -10 677 178 734 221 -1 -1 -1 -1000 -1000 -1000 -10 0.985782
91 33 car -1 -1 -10 1092 194 1224 363 -1 -1 -1 -1000 -1000 -1000 -10 0.99937
91 34 car -1 -1 -10 727 169 833 262 -1 -1 -1 -1000 -1000 -1000 -10 0.999959
91 37 car -1 -1 -10 652 175 685 201 -1 -1 -1 -1000 -1000 -1000 -10 0.997242
91 38 car -1 -1 -10 699 172 781 236 -1 -1 -1 -1000 -1000 -1000 -10 0.999492
91 39 car -1 -1 -10 399 178 451 209 -1 -1 -1 -1000 -1000 -1000 -10 0.999709
91 41 car -1 -1 -10 667 177 713 211 -1 -1 -1 -1000 -1000 -1000 -10 0.972063
91 42 car -1 -1 -10 679 176 736 222 -1 -1 -1 -1000 -1000 -1000 -10 0.999649
92 34 car -1 -1 -10 736 171 847 270 -1 -1 -1 -1000 -1000 -1000 -10 0.999947
92 37 car -1 -1 -10 653 177 686 202 -1 -1 -1 -1000 -1000 -1000 -10 0.998908
92 38 car -1 -1 -10 703 171 787 243 -1 -1 -1 -1000 -1000 -1000 -10 0.998976
92 39 car -1 -1 -10 388 179 443 212 -1 -1 -1 -1000 -1000 -1000 -10 0.998299
92 41 car -1 -1 -10 668 178 716 214 -1 -1 -1 -1000 -1000 -1000 -10 0.928867
92 42 car -1 -1 -10 682 177 740 224 -1 -1 -1 -1000 -1000 -1000 -10 0.999916
93 34 car -1 -1 -10 745 171 871 277 -1 -1 -1 -1000 -1000 -1000 -10 0.999598
93 37 car -1 -1 -10 654 177 687 202 -1 -1 -1 -1000 -1000 -1000 -10 0.999207
93 38 car -1 -1 -10 708 169 797 246 -1 -1 -1 -1000 -1000 -1000 -10 0.999954
93 39 car -1 -1 -10 375 180 433 212 -1 -1 -1 -1000 -1000 -1000 -10 0.999957
93 42 car -1 -1 -10 685 177 747 226 -1 -1 -1 -1000 -1000 -1000 -10 0.999719
93 43 car -1 -1 -10 672 177 720 216 -1 -1 -1 -1000 -1000 -1000 -10 0.987124
94 34 car -1 -1 -10 755 175 898 284 -1 -1 -1 -1000 -1000 -1000 -10 0.999733
94 37 car -1 -1 -10 654 176 689 203 -1 -1 -1 -1000 -1000 -1000 -10 0.997925
94 38 car -1 -1 -10 711 168 811 250 -1 -1 -1 -1000 -1000 -1000 -10 0.99999
94 39 car -1 -1 -10 361 180 424 213 -1 -1 -1 -1000 -1000 -1000 -10 0.999955
94 42 car -1 -1 -10 688 176 751 226 -1 -1 -1 -1000 -1000 -1000 -10 0.999974
94 43 car -1 -1 -10 672 176 725 216 -1 -1 -1 -1000 -1000 -1000 -10 0.99728
95 34 car -1 -1 -10 766 172 924 295 -1 -1 -1 -1000 -1000 -1000 -10 0.999948
95 37 car -1 -1 -10 654 176 690 204 -1 -1 -1 -1000 -1000 -1000 -10 0.996768
95 38 car -1 -1 -10 719 167 821 255 -1 -1 -1 -1000 -1000 -1000 -10 0.99999
95 39 car -1 -1 -10 347 180 413 214 -1 -1 -1 -1000 -1000 -1000 -10 0.999967
95 42 car -1 -1 -10 689 177 757 227 -1 -1 -1 -1000 -1000 -1000 -10 0.999613
95 43 car -1 -1 -10 673 176 729 218 -1 -1 -1 -1000 -1000 -1000 -10 0.998658
96 34 car -1 -1 -10 774 176 963 311 -1 -1 -1 -1000 -1000 -1000 -10 0.999966
96 37 car -1 -1 -10 657 176 693 205 -1 -1 -1 -1000 -1000 -1000 -10 0.996516
96 38 car -1 -1 -10 724 166 838 265 -1 -1 -1 -1000 -1000 -1000 -10 0.999994
96 39 car -1 -1 -10 328 181 403 217 -1 -1 -1 -1000 -1000 -1000 -10 0.99997
96 42 car -1 -1 -10 694 177 766 231 -1 -1 -1 -1000 -1000 -1000 -10 0.999922
96 43 car -1 -1 -10 675 177 735 220 -1 -1 -1 -1000 -1000 -1000 -10 0.998487
97 34 car -1 -1 -10 798 176 997 333 -1 -1 -1 -1000 -1000 -1000 -10 0.999996
97 37 car -1 -1 -10 657 175 693 207 -1 -1 -1 -1000 -1000 -1000 -10 0.998784
97 38 car -1 -1 -10 731 168 855 274 -1 -1 -1 -1000 -1000 -1000 -10 0.999961
97 39 car -1 -1 -10 311 181 387 220 -1 -1 -1 -1000 -1000 -1000 -10 0.999995
97 42 car -1 -1 -10 698 176 774 238 -1 -1 -1 -1000 -1000 -1000 -10 0.99967
97 43 car -1 -1 -10 679 176 738 223 -1 -1 -1 -1000 -1000 -1000 -10 0.999899
98 34 car -1 -1 -10 816 178 1070 357 -1 -1 -1 -1000 -1000 -1000 -10 0.999932
98 37 car -1 -1 -10 659 175 695 208 -1 -1 -1 -1000 -1000 -1000 -10 0.999282
98 38 car -1 -1 -10 741 176 880 279 -1 -1 -1 -1000 -1000 -1000 -10 0.9998
98 39 car -1 -1 -10 288 181 375 223 -1 -1 -1 -1000 -1000 -1000 -10 0.99998
98 42 car -1 -1 -10 702 178 778 240 -1 -1 -1 -1000 -1000 -1000 -10 0.999925
98 43 car -1 -1 -10 681 176 742 225 -1 -1 -1 -1000 -1000 -1000 -10 0.999881
99 34 car -1 -1 -10 830 183 1160 363 -1 -1 -1 -1000 -1000 -1000 -10 0.999929
99 37 car -1 -1 -10 659 175 697 209 -1 -1 -1 -1000 -1000 -1000 -10 0.999562
99 38 car -1 -1 -10 749 173 908 288 -1 -1 -1 -1000 -1000 -1000 -10 0.999992
99 39 car -1 -1 -10 264 180 358 226 -1 -1 -1 -1000 -1000 -1000 -10 0.999948
99 42 car -1 -1 -10 706 175 789 245 -1 -1 -1 -1000 -1000 -1000 -10 0.999914
99 43 car -1 -1 -10 684 175 749 229 -1 -1 -1 -1000 -1000 -1000 -10 0.999861
100 34 car -1 -1 -10 857 174 1224 370 -1 -1 -1 -1000 -1000 -1000 -10 0.999815
100 37 car -1 -1 -10 659 175 699 209 -1 -1 -1 -1000 -1000 -1000 -10 0.999021
100 38 car -1 -1 -10 756 171 948 300 -1 -1 -1 -1000 -1000 -1000 -10 0.999949
100 39 car -1 -1 -10 238 179 337 229 -1 -1 -1 -1000 -1000 -1000 -10 0.999733
100 42 car -1 -1 -10 709 174 803 249 -1 -1 -1 -1000 -1000 -1000 -10 0.999725
100 43 car -1 -1 -10 687 175 756 230 -1 -1 -1 -1000 -1000 -1000 -10 0.999821
101 33 car -1 -1 -10 903 178 1224 368 -1 -1 -1 -1000 -1000 -1000 -10 0.999704
101 37 car -1 -1 -10 661 174 700 209 -1 -1 -1 -1000 -1000 -1000 -10 0.99889
101 38 car -1 -1 -10 771 175 978 312 -1 -1 -1 -1000 -1000 -1000 -10 0.999985
101 39 car -1 -1 -10 208 181 320 232 -1 -1 -1 -1000 -1000 -1000 -10 0.999878
101 42 car -1 -1 -10 712 172 814 254 -1 -1 -1 -1000 -1000 -1000 -10 0.99998
101 44 car -1 -1 -10 690 174 762 233 -1 -1 -1 -1000 -1000 -1000 -10 0.999902
102 33 car -1 -1 -10 959 193 1224 363 -1 -1 -1 -1000 -1000 -1000 -10 0.999858
102 37 car -1 -1 -10 661 171 702 209 -1 -1 -1 -1000 -1000 -1000 -10 0.998845
102 38 car -1 -1 -10 790 170 1030 331 -1 -1 -1 -1000 -1000 -1000 -10 0.999995
102 39 car -1 -1 -10 169 178 295 238 -1 -1 -1 -1000 -1000 -1000 -10 0.999987
102 42 car -1 -1 -10 722 171 832 261 -1 -1 -1 -1000 -1000 -1000 -10 0.999983
102 43 car -1 -1 -10 678 178 736 217 -1 -1 -1 -1000 -1000 -1000 -10 0.857095
102 44 car -1 -1 -10 694 172 768 235 -1 -1 -1 -1000 -1000 -1000 -10 0.999982
103 33 car -1 -1 -10 1040 191 1224 369 -1 -1 -1 -1000 -1000 -1000 -10 0.999792
103 37 car -1 -1 -10 662 174 708 210 -1 -1 -1 -1000 -1000 -1000 -10 0.997536
103 38 car -1 -1 -10 805 176 1106 356 -1 -1 -1 -1000 -1000 -1000 -10 0.999994
103 39 car -1 -1 -10 127 177 268 246 -1 -1 -1 -1000 -1000 -1000 -10 0.999969
103 42 car -1 -1 -10 729 172 848 268 -1 -1 -1 -1000 -1000 -1000 -10 0.999956
103 43 car -1 -1 -10 682 176 739 221 -1 -1 -1 -1000 -1000 -1000 -10 0.987673
103 44 car -1 -1 -10 697 173 778 240 -1 -1 -1 -1000 -1000 -1000 -10 0.99991
104 33 car -1 -1 -10 1123 197 1224 355 -1 -1 -1 -1000 -1000 -1000 -10 0.598471
104 34 car -1 -1 -10 826 170 1207 370 -1 -1 -1 -1000 -1000 -1000 -10 0.999959
104 37 car -1 -1 -10 663 175 710 212 -1 -1 -1 -1000 -1000 -1000 -10 0.993938
104 39 car -1 -1 -10 78 178 236 254 -1 -1 -1 -1000 -1000 -1000 -10 0.999531
104 42 car -1 -1 -10 738 177 870 277 -1 -1 -1 -1000 -1000 -1000 -10 0.999767
104 43 car -1 -1 -10 685 178 747 223 -1 -1 -1 -1000 -1000 -1000 -10 0.996228
104 44 car -1 -1 -10 700 174 789 245 -1 -1 -1 -1000 -1000 -1000 -10 0.99997
104 45 car -1 -1 -10 555 168 580 193 -1 -1 -1 -1000 -1000 -1000 -10 0.952171
105 34 car -1 -1 -10 853 168 1224 370 -1 -1 -1 -1000 -1000 -1000 -10 0.999951
105 37 car -1 -1 -10 664 176 714 218 -1 -1 -1 -1000 -1000 -1000 -10 0.994732
105 39 car -1 -1 -10 13 182 207 266 -1 -1 -1 -1000 -1000 -1000 -10 0.999778
105 42 car -1 -1 -10 751 179 900 287 -1 -1 -1 -1000 -1000 -1000 -10 0.999953
105 43 car -1 -1 -10 688 178 755 228 -1 -1 -1 -1000 -1000 -1000 -10 0.998872
105 44 car -1 -1 -10 708 173 797 253 -1 -1 -1 -1000 -1000 -1000 -10 0.999981
105 45 car -1 -1 -10 550 169 576 197 -1 -1 -1 -1000 -1000 -1000 -10 0.849136
