1, 1, 125, 159, 55, 168, -1, -1, -1, -1
1, 2, 14, 140, 68, 207, -1, -1, -1, -1
2, 1, 122, 158, 59, 180, -1, -1, -1, -1
2, 2, 14, 140, 68, 207, -1, -1, -1, -1
3, 1, 130, 143, 63, 193, -1, -1, -1, -1
3, 2, 14, 140, 68, 207, -1, -1, -1, -1
3, 3, 249, 198, 20, 63, -1, -1, -1, -1
4, 1, 130, 143, 63, 193, -1, -1, -1, -1
4, 2, 15, 135, 73, 222, -1, -1, -1, -1
4, 4, 237, 193, 19, 59, -1, -1, -1, -1
4, 5, 237, 193, 19, 59, -1, -1, -1, -1
5, 1, 146, 158, 59, 180, -1, -1, -1, -1
5, 2, 28, 140, 68, 207, -1, -1, -1, -1
5, 3, 243, 191, 25, 78, -1, -1, -1, -1
5, 6, 261, 182, 27, 83, -1, -1, -1, -1
5, 7, 217, 205, 19, 59, -1, -1, -1, -1
5, 8, 217, 205, 19, 59, -1, -1, -1, -1
5, 9, 261, 182, 27, 83, -1, -1, -1, -1
6, 1, 146, 158, 59, 180, -1, -1, -1, -1
6, 2, 30, 135, 73, 222, -1, -1, -1, -1
6, 3, 253, 193, 19, 59, -1, -1, -1, -1
6, 6, 271, 202, 20, 63, -1, -1, -1, -1
6, 7, 223, 202, 20, 63, -1, -1, -1, -1
7, 1, 158, 158, 59, 180, -1, -1, -1, -1
7, 2, 30, 135, 73, 222, -1, -1, -1, -1
7, 6, 276, 198, 21, 67, -1, -1, -1, -1
8, 1, 154, 140, 68, 207, -1, -1, -1, -1
8, 2, 33, 129, 79, 239, -1, -1, -1, -1
8, 6, 289, 205, 19, 59, -1, -1, -1, -1
9, 1, 170, 158, 59, 180, -1, -1, -1, -1
9, 2, 49, 129, 79, 239, -1, -1, -1, -1
9, 10, 290, 203, 21, 67, -1, -1, -1, -1
9, 11, 290, 203, 21, 67, -1, -1, -1, -1
10, 1, 169, 156, 63, 193, -1, -1, -1, -1
10, 2, 49, 129, 79, 239, -1, -1, -1, -1
10, 10, 299, 203, 21, 67, -1, -1, -1, -1
11, 1, 182, 156, 63, 193, -1, -1, -1, -1
11, 2, 49, 129, 79, 239, -1, -1, -1, -1
11, 12, 143, 191, 25, 78, -1, -1, -1, -1
11, 13, 286, 185, 25, 78, -1, -1, -1, -1
11, 14, 306, 197, 23, 72, -1, -1, -1, -1
11, 15, 306, 197, 23, 72, -1, -1, -1, -1
11, 16, 143, 191, 25, 78, -1, -1, -1, -1
11, 17, 286, 185, 25, 78, -1, -1, -1, -1
12, 1, 180, 135, 73, 222, -1, -1, -1, -1
12, 2, 65, 129, 79, 239, -1, -1, -1, -1
12, 18, 158, 193, 23, 72, -1, -1, -1, -1
12, 19, 158, 193, 23, 72, -1, -1, -1, -1
13, 1, 196, 154, 68, 207, -1, -1, -1, -1
13, 2, 65, 129, 79, 239, -1, -1, -1, -1
13, 18, 164, 191, 25, 78, -1, -1, -1, -1
14, 1, 208, 156, 63, 193, -1, -1, -1, -1
14, 2, 81, 129, 79, 239, -1, -1, -1, -1
14, 20, 335, 202, 23, 72, -1, -1, -1, -1
14, 21, 313, 153, 39, 119, -1, -1, -1, -1
14, 22, 335, 202, 23, 72, -1, -1, -1, -1
14, 23, 313, 153, 39, 119, -1, -1, -1, -1
15, 1, 209, 129, 79, 239, -1, -1, -1, -1
15, 2, 81, 129, 79, 239, -1, -1, -1, -1
15, 14, 299, 203, 21, 67, -1, -1, -1, -1
15, 21, 350, 203, 21, 67, -1, -1, -1, -1
15, 23, 322, 185, 25, 78, -1, -1, -1, -1
15, 24, 185, 191, 25, 78, -1, -1, -1, -1
15, 25, 185, 191, 25, 78, -1, -1, -1, -1
16, 1, 223, 154, 68, 207, -1, -1, -1, -1
16, 2, 86, 121, 84, 256, -1, -1, -1, -1
16, 26, 345, 153, 39, 119, -1, -1, -1, -1
16, 27, 345, 153, 39, 119, -1, -1, -1, -1
17, 1, 223, 154, 68, 207, -1, -1, -1, -1
17, 2, 86, 121, 84, 256, -1, -1, -1, -1
17, 21, 306, 197, 23, 72, -1, -1, -1, -1
17, 24, 191, 185, 25, 78, -1, -1, -1, -1
18, 1, 224, 150, 73, 222, -1, -1, -1, -1
18, 2, 92, 111, 90, 274, -1, -1, -1, -1
19, 1, 225, 129, 79, 239, -1, -1, -1, -1
19, 2, 92, 111, 90, 274, -1, -1, -1, -1
20, 1, 223, 121, 84, 256, -1, -1, -1, -1
20, 2, 74, 111, 90, 274, -1, -1, -1, -1
20, 28, 45, 183, 23, 72, -1, -1, -1, -1
20, 29, 45, 183, 23, 72, -1, -1, -1, -1
21, 1, 223, 121, 84, 256, -1, -1, -1, -1
21, 2, 79, 99, 97, 294, -1, -1, -1, -1
21, 18, 189, 169, 31, 96, -1, -1, -1, -1
21, 28, 43, 180, 25, 78, -1, -1, -1, -1
22, 1, 221, 111, 90, 274, -1, -1, -1, -1
22, 2, 79, 99, 97, 294, -1, -1, -1, -1
23, 1, 221, 111, 90, 274, -1, -1, -1, -1
23, 2, 79, 99, 97, 294, -1, -1, -1, -1
24, 1, 239, 111, 90, 274, -1, -1, -1, -1
24, 2, 74, 111, 90, 274, -1, -1, -1, -1
24, 18, 201, 185, 25, 78, -1, -1, -1, -1
25, 1, 237, 99, 97, 294, -1, -1, -1, -1
25, 2, 68, 91, 112, 338, -1, -1, -1, -1
26, 1, 237, 99, 97, 294, -1, -1, -1, -1
26, 2, 68, 91, 112, 338, -1, -1, -1, -1
27, 1, 233, 106, 104, 315, -1, -1, -1, -1
27, 2, 64, 106, 104, 315, -1, -1, -1, -1
28, 1, 233, 106, 104, 315, -1, -1, -1, -1
28, 2, 68, 91, 112, 338, -1, -1, -1, -1
29, 1, 243, 73, 120, 362, -1, -1, -1, -1
29, 2, 49, 73, 120, 362, -1, -1, -1, -1
