0 0 car -1 -1 -10 572 174 608 210 -1 -1 -1 -1000 -1000 -1000 -10 0.999948
0 1 car -1 -1 -10 255 174 304 202 -1 -1 -1 -1000 -1000 -1000 -10 0.999874
0 2 car -1 -1 -10 322 175 357 197 -1 -1 -1 -1000 -1000 -1000 -10 0.986321
1 0 car -1 -1 -10 572 173 608 209 -1 -1 -1 -1000 -1000 -1000 -10 0.99993
1 1 car -1 -1 -10 242 174 293 202 -1 -1 -1 -1000 -1000 -1000 -10 0.999575
1 2 car -1 -1 -10 315 176 350 196 -1 -1 -1 -1000 -1000 -1000 -10 0.997146
2 0 car -1 -1 -10 572 173 609 209 -1 -1 -1 -1000 -1000 -1000 -10 0.999948
2 1 car -1 -1 -10 227 172 281 203 -1 -1 -1 -1000 -1000 -1000 -10 0.999403
2 2 car -1 -1 -10 307 176 342 196 -1 -1 -1 -1000 -1000 -1000 -10 0.996252
3 0 car -1 -1 -10 571 173 609 209 -1 -1 -1 -1000 -1000 -1000 -10 0.999952
3 1 car -1 -1 -10 212 172 268 203 -1 -1 -1 -1000 -1000 -1000 -10 0.999269
3 2 car -1 -1 -10 295 175 335 196 -1 -1 -1 -1000 -1000 -1000 -10 0.997531
4 0 car -1 -1 -10 572 171 609 209 -1 -1 -1 -1000 -1000 -1000 -10 0.999975
4 1 car -1 -1 -10 194 169 253 202 -1 -1 -1 -1000 -1000 -1000 -10 0.99918
4 2 car -1 -1 -10 284 174 327 196 -1 -1 -1 -1000 -1000 -1000 -10 0.999409
5 0 car -1 -1 -10 572 171 609 209 -1 -1 -1 -1000 -1000 -1000 -10 0.999981
5 1 car -1 -1 -10 175 169 239 203 -1 -1 -1 -1000 -1000 -1000 -10 0.999881
5 2 car -1 -1 -10 271 172 319 196 -1 -1 -1 -1000 -1000 -1000 -10 0.999491
6 0 car -1 -1 -10 573 172 609 209 -1 -1 -1 -1000 -1000 -1000 -10 0.999983
6 1 car -1 -1 -10 153 168 223 203 -1 -1 -1 -1000 -1000 -1000 -10 0.999929
6 2 car -1 -1 -10 260 172 309 197 -1 -1 -1 -1000 -1000 -1000 -10 0.999732
7 0 car -1 -1 -10 574 173 609 209 -1 -1 -1 -1000 -1000 -1000 -10 0.999983
7 1 car -1 -1 -10 130 170 205 206 -1 -1 -1 -1000 -1000 -1000 -10 0.999949
7 2 car -1 -1 -10 247 173 298 199 -1 -1 -1 -1000 -1000 -1000 -10 0.999879
8 0 car -1 -1 -10 574 175 610 211 -1 -1 -1 -1000 -1000 -1000 -10 0.99999
8 1 car -1 -1 -10 99 170 187 210 -1 -1 -1 -1000 -1000 -1000 -10 0.999968
8 2 car -1 -1 -10 232 175 286 200 -1 -1 -1 -1000 -1000 -1000 -10 0.999407
9 0 car -1 -1 -10 574 175 610 212 -1 -1 -1 -1000 -1000 -1000 -10 0.999991
9 1 car -1 -1 -10 70 170 164 213 -1 -1 -1 -1000 -1000 -1000 -10 0.999986
9 2 car -1 -1 -10 218 174 275 202 -1 -1 -1 -1000 -1000 -1000 -10 0.9994
10 0 car -1 -1 -10 575 177 611 214 -1 -1 -1 -1000 -1000 -1000 -10 0.999985
10 1 car -1 -1 -10 37 171 137 218 -1 -1 -1 -1000 -1000 -1000 -10 0.999859
10 2 car -1 -1 -10 201 176 260 204 -1 -1 -1 -1000 -1000 -1000 -10 0.999872
11 0 car -1 -1 -10 575 176 611 215 -1 -1 -1 -1000 -1000 -1000 -10 0.999985
11 1 car -1 -1 -10 0 171 108 222 -1 -1 -1 -1000 -1000 -1000 -10 0.999887
11 2 car -1 -1 -10 184 175 242 207 -1 -1 -1 -1000 -1000 -1000 -10 0.999556
11 3 car -1 -1 -10 368 176 395 194 -1 -1 -1 -1000 -1000 -1000 -10 0.678603
12 0 car -1 -1 -10 576 177 612 215 -1 -1 -1 -1000 -1000 -1000 -10 0.999978
12 1 car -1 -1 -10 0 171 78 229 -1 -1 -1 -1000 -1000 -1000 -10 0.999596
12 2 car -1 -1 -10 163 176 228 208 -1 -1 -1 -1000 -1000 -1000 -10 0.999949
12 3 car -1 -1 -10 362 176 389 194 -1 -1 -1 -1000 -1000 -1000 -10 0.936413
13 0 car -1 -1 -10 576 177 612 214 -1 -1 -1 -1000 -1000 -1000 -10 0.999978
13 1 car -1 -1 -10 0 176 47 225 -1 -1 -1 -1000 -1000 -1000 -10 0.994025
13 2 car -1 -1 -10 140 175 210 209 -1 -1 -1 -1000 -1000 -1000 -10 0.999932
13 3 car -1 -1 -10 356 175 386 194 -1 -1 -1 -1000 -1000 -1000 -10 0.92605
14 0 car -1 -1 -10 576 176 612 213 -1 -1 -1 -1000 -1000 -1000 -10 0.999983
14 2 car -1 -1 -10 112 174 194 211 -1 -1 -1 -1000 -1000 -1000 -10 0.999932
14 3 car -1 -1 -10 348 174 381 194 -1 -1 -1 -1000 -1000 -1000 -10 0.988319
15 0 car -1 -1 -10 576 175 612 212 -1 -1 -1 -1000 -1000 -1000 -10 0.999986
15 2 car -1 -1 -10 83 173 171 213 -1 -1 -1 -1000 -1000 -1000 -10 0.999967
15 3 car -1 -1 -10 341 174 373 193 -1 -1 -1 -1000 -1000 -1000 -10 0.985384
16 0 car -1 -1 -10 575 175 612 212 -1 -1 -1 -1000 -1000 -1000 -10 0.999978
16 2 car -1 -1 -10 51 174 143 214 -1 -1 -1 -1000 -1000 -1000 -10 0.999893
16 3 car -1 -1 -10 333 173 367 193 -1 -1 -1 -1000 -1000 -1000 -10 0.992341
17 0 car -1 -1 -10 575 174 612 212 -1 -1 -1 -1000 -1000 -1000 -10 0.999977
17 2 car -1 -1 -10 12 173 114 218 -1 -1 -1 -1000 -1000 -1000 -10 0.99986
17 3 car -1 -1 -10 324 174 361 193 -1 -1 -1 -1000 -1000 -1000 -10 0.998884
18 0 car -1 -1 -10 574 174 612 211 -1 -1 -1 -1000 -1000 -1000 -10 0.999977
18 2 car -1 -1 -10 0 173 85 223 -1 -1 -1 -1000 -1000 -1000 -10 0.999323
18 3 car -1 -1 -10 314 174 352 194 -1 -1 -1 -1000 -1000 -1000 -10 0.999168
19 0 car -1 -1 -10 574 174 613 211 -1 -1 -1 -1000 -1000 -1000 -10 0.999979
19 2 car -1 -1 -10 0 174 55 218 -1 -1 -1 -1000 -1000 -1000 -10 0.963033
19 3 car -1 -1 -10 306 173 345 194 -1 -1 -1 -1000 -1000 -1000 -10 0.999584
20 0 car -1 -1 -10 574 175 613 214 -1 -1 -1 -1000 -1000 -1000 -10 0.999987
20 3 car -1 -1 -10 295 175 336 197 -1 -1 -1 -1000 -1000 -1000 -10 0.998875
21 0 car -1 -1 -10 573 175 612 214 -1 -1 -1 -1000 -1000 -1000 -10 0.999986
21 3 car -1 -1 -10 284 175 328 198 -1 -1 -1 -1000 -1000 -1000 -10 0.997389
22 0 car -1 -1 -10 573 174 612 212 -1 -1 -1 -1000 -1000 -1000 -10 0.999978
22 3 car -1 -1 -10 273 174 318 198 -1 -1 -1 -1000 -1000 -1000 -10 0.999075
23 0 car -1 -1 -10 572 173 612 211 -1 -1 -1 -1000 -1000 -1000 -10 0.999983
23 3 car -1 -1 -10 261 174 308 197 -1 -1 -1 -1000 -1000 -1000 -10 0.999402
24 0 car -1 -1 -10 572 173 612 211 -1 -1 -1 -1000 -1000 -1000 -10 0.99998
24 3 car -1 -1 -10 247 174 297 199 -1 -1 -1 -1000 -1000 -1000 -10 0.999271
25 0 car -1 -1 -10 572 173 612 212 -1 -1 -1 -1000 -1000 -1000 -10 0.999981
25 3 car -1 -1 -10 235 175 288 200 -1 -1 -1 -1000 -1000 -1000 -10 0.99941
26 0 car -1 -1 -10 571 172 612 212 -1 -1 -1 -1000 -1000 -1000 -10 0.999977
26 3 car -1 -1 -10 219 175 275 201 -1 -1 -1 -1000 -1000 -1000 -10 0.999822
27 0 car -1 -1 -10 571 172 612 212 -1 -1 -1 -1000 -1000 -1000 -10 0.999973
27 3 car -1 -1 -10 203 175 263 203 -1 -1 -1 -1000 -1000 -1000 -10 0.999613
27 4 car -1 -1 -10 305 160 341 185 -1 -1 -1 -1000 -1000 -1000 -10 0.873657
28 0 car -1 -1 -10 571 171 612 213 -1 -1 -1 -1000 -1000 -1000 -10 0.999966
28 3 car -1 -1 -10 188 176 249 204 -1 -1 -1 -1000 -1000 -1000 -10 0.999314
28 4 car -1 -1 -10 301 162 338 185 -1 -1 -1 -1000 -1000 -1000 -10 0.713904
29 0 car -1 -1 -10 571 171 612 212 -1 -1 -1 -1000 -1000 -1000 -10 0.999979
29 3 car -1 -1 -10 168 175 237 205 -1 -1 -1 -1000 -1000 -1000 -10 0.999791
29 4 car -1 -1 -10 295 160 329 184 -1 -1 -1 -1000 -1000 -1000 -10 0.830458
30 0 car -1 -1 -10 571 170 613 211 -1 -1 -1 -1000 -1000 -1000 -10 0.999974
30 3 car -1 -1 -10 150 175 222 205 -1 -1 -1 -1000 -1000 -1000 -10 0.999901
30 4 car -1 -1 -10 287 159 326 184 -1 -1 -1 -1000 -1000 -1000 -10 0.993197
30 5 car -1 -1 -10 347 172 384 186 -1 -1 -1 -1000 -1000 -1000 -10 0.43772
31 0 car -1 -1 -10 571 169 613 210 -1 -1 -1 -1000 -1000 -1000 -10 0.999974
31 3 car -1 -1 -10 129 173 205 206 -1 -1 -1 -1000 -1000 -1000 -10 0.999925
31 4 car -1 -1 -10 278 158 320 185 -1 -1 -1 -1000 -1000 -1000 -10 0.999173
31 5 car -1 -1 -10 342 170 380 187 -1 -1 -1 -1000 -1000 -1000 -10 0.445361
32 0 car -1 -1 -10 571 170 613 211 -1 -1 -1 -1000 -1000 -1000 -10 0.99996
32 3 car -1 -1 -10 104 174 186 209 -1 -1 -1 -1000 -1000 -1000 -10 0.999949
32 4 car -1 -1 -10 271 157 313 185 -1 -1 -1 -1000 -1000 -1000 -10 0.997453
32 5 car -1 -1 -10 333 171 373 187 -1 -1 -1 -1000 -1000 -1000 -10 0.882756
33 0 car -1 -1 -10 570 169 613 214 -1 -1 -1 -1000 -1000 -1000 -10 0.999944
33 3 car -1 -1 -10 77 175 169 212 -1 -1 -1 -1000 -1000 -1000 -10 0.999956
33 4 car -1 -1 -10 264 158 305 186 -1 -1 -1 -1000 -1000 -1000 -10 0.998288
33 5 car -1 -1 -10 327 172 368 189 -1 -1 -1 -1000 -1000 -1000 -10 0.843368
34 0 car -1 -1 -10 571 170 613 214 -1 -1 -1 -1000 -1000 -1000 -10 0.999906
34 3 car -1 -1 -10 54 175 147 215 -1 -1 -1 -1000 -1000 -1000 -10 0.999869
34 4 car -1 -1 -10 256 159 300 189 -1 -1 -1 -1000 -1000 -1000 -10 0.998377
34 5 car -1 -1 -10 323 172 362 190 -1 -1 -1 -1000 -1000 -1000 -10 0.911318
35 0 car -1 -1 -10 570 171 613 215 -1 -1 -1 -1000 -1000 -1000 -10 0.999866
35 3 car -1 -1 -10 25 174 125 219 -1 -1 -1 -1000 -1000 -1000 -10 0.999033
35 4 car -1 -1 -10 249 159 293 188 -1 -1 -1 -1000 -1000 -1000 -10 0.998895
35 5 car -1 -1 -10 316 172 356 192 -1 -1 -1 -1000 -1000 -1000 -10 0.988688
36 0 car -1 -1 -10 570 170 614 215 -1 -1 -1 -1000 -1000 -1000 -10 0.999846
36 3 car -1 -1 -10 0 177 97 221 -1 -1 -1 -1000 -1000 -1000 -10 0.995409
36 4 car -1 -1 -10 240 159 286 189 -1 -1 -1 -1000 -1000 -1000 -10 0.998971
36 5 car -1 -1 -10 308 172 352 193 -1 -1 -1 -1000 -1000 -1000 -10 0.9935
37 0 car -1 -1 -10 570 169 614 214 -1 -1 -1 -1000 -1000 -1000 -10 0.999861
37 3 car -1 -1 -10 0 176 79 223 -1 -1 -1 -1000 -1000 -1000 -10 0.996666
37 4 car -1 -1 -10 232 157 278 189 -1 -1 -1 -1000 -1000 -1000 -10 0.998949
37 5 car -1 -1 -10 302 171 346 192 -1 -1 -1 -1000 -1000 -1000 -10 0.995655
38 0 car -1 -1 -10 570 169 614 214 -1 -1 -1 -1000 -1000 -1000 -10 0.999845
38 3 car -1 -1 -10 0 178 47 222 -1 -1 -1 -1000 -1000 -1000 -10 0.989336
38 4 car -1 -1 -10 222 157 271 189 -1 -1 -1 -1000 -1000 -1000 -10 0.999178
38 5 car -1 -1 -10 294 172 339 192 -1 -1 -1 -1000 -1000 -1000 -10 0.994564
39 0 car -1 -1 -10 571 169 615 215 -1 -1 -1 -1000 -1000 -1000 -10 0.999648
39 4 car -1 -1 -10 213 157 264 191 -1 -1 -1 -1000 -1000 -1000 -10 0.999408
39 5 car -1 -1 -10 286 172 332 193 -1 -1 -1 -1000 -1000 -1000 -10 0.99674
40 0 car -1 -1 -10 571 170 615 216 -1 -1 -1 -1000 -1000 -1000 -10 0.999119
40 4 car -1 -1 -10 201 158 257 192 -1 -1 -1 -1000 -1000 -1000 -10 0.999062
40 5 car -1 -1 -10 279 172 326 194 -1 -1 -1 -1000 -1000 -1000 -10 0.996572
41 0 car -1 -1 -10 573 171 615 217 -1 -1 -1 -1000 -1000 -1000 -10 0.999068
41 4 car -1 -1 -10 192 157 249 193 -1 -1 -1 -1000 -1000 -1000 -10 0.998657
41 5 car -1 -1 -10 270 174 320 195 -1 -1 -1 -1000 -1000 -1000 -10 0.998044
42 0 car -1 -1 -10 571 170 617 218 -1 -1 -1 -1000 -1000 -1000 -10 0.998951
42 4 car -1 -1 -10 181 158 239 194 -1 -1 -1 -1000 -1000 -1000 -10 0.999562
42 5 car -1 -1 -10 263 174 311 198 -1 -1 -1 -1000 -1000 -1000 -10 0.993362
43 0 car -1 -1 -10 572 171 617 218 -1 -1 -1 -1000 -1000 -1000 -10 0.999408
43 4 car -1 -1 -10 171 160 232 195 -1 -1 -1 -1000 -1000 -1000 -10 0.999784
43 5 car -1 -1 -10 253 174 304 198 -1 -1 -1 -1000 -1000 -1000 -10 0.992524
44 0 car -1 -1 -10 572 171 618 219 -1 -1 -1 -1000 -1000 -1000 -10 0.999255
44 4 car -1 -1 -10 159 160 222 195 -1 -1 -1 -1000 -1000 -1000 -10 0.999549
44 5 car -1 -1 -10 243 174 294 199 -1 -1 -1 -1000 -1000 -1000 -10 0.991854
45 0 car -1 -1 -10 573 172 618 219 -1 -1 -1 -1000 -1000 -1000 -10 0.999094
45 4 car -1 -1 -10 145 159 214 198 -1 -1 -1 -1000 -1000 -1000 -10 0.999852
45 5 car -1 -1 -10 233 177 286 201 -1 -1 -1 -1000 -1000 -1000 -10 0.998962
45 6 car -1 -1 -10 266 173 314 198 -1 -1 -1 -1000 -1000 -1000 -10 0.335943
46 0 car -1 -1 -10 574 173 618 220 -1 -1 -1 -1000 -1000 -1000 -10 0.999822
46 4 car -1 -1 -10 133 158 202 200 -1 -1 -1 -1000 -1000 -1000 -10 0.997176
46 5 car -1 -1 -10 220 177 277 202 -1 -1 -1 -1000 -1000 -1000 -10 0.999757
46 6 car -1 -1 -10 253 172 304 199 -1 -1 -1 -1000 -1000 -1000 -10 0.339347
47 0 car -1 -1 -10 573 173 618 220 -1 -1 -1 -1000 -1000 -1000 -10 0.999899
47 4 car -1 -1 -10 117 158 193 205 -1 -1 -1 -1000 -1000 -1000 -10 0.999499
47 5 car -1 -1 -10 207 179 271 204 -1 -1 -1 -1000 -1000 -1000 -10 0.999721
47 6 car -1 -1 -10 246 176 299 200 -1 -1 -1 -1000 -1000 -1000 -10 0.777748
48 0 car -1 -1 -10 574 173 619 221 -1 -1 -1 -1000 -1000 -1000 -10 0.999873
48 4 car -1 -1 -10 100 158 185 205 -1 -1 -1 -1000 -1000 -1000 -10 0.998822
48 5 car -1 -1 -10 195 179 258 206 -1 -1 -1 -1000 -1000 -1000 -10 0.999304
48 6 car -1 -1 -10 237 176 290 203 -1 -1 -1 -1000 -1000 -1000 -10 0.913283
49 0 car -1 -1 -10 575 172 619 220 -1 -1 -1 -1000 -1000 -1000 -10 0.999823
49 4 car -1 -1 -10 83 156 170 204 -1 -1 -1 -1000 -1000 -1000 -10 0.999319
49 5 car -1 -1 -10 182 179 249 205 -1 -1 -1 -1000 -1000 -1000 -10 0.99959
49 6 car -1 -1 -10 228 174 280 202 -1 -1 -1 -1000 -1000 -1000 -10 0.851298
50 0 car -1 -1 -10 575 172 619 220 -1 -1 -1 -1000 -1000 -1000 -10 0.999844
50 4 car -1 -1 -10 66 154 156 205 -1 -1 -1 -1000 -1000 -1000 -10 0.999662
50 5 car -1 -1 -10 168 177 236 207 -1 -1 -1 -1000 -1000 -1000 -10 0.999707
50 6 car -1 -1 -10 214 174 272 202 -1 -1 -1 -1000 -1000 -1000 -10 0.983623
51 0 car -1 -1 -10 575 172 620 221 -1 -1 -1 -1000 -1000 -1000 -10 0.999905
51 4 car -1 -1 -10 45 155 144 206 -1 -1 -1 -1000 -1000 -1000 -10 0.998061
51 5 car -1 -1 -10 153 177 227 207 -1 -1 -1 -1000 -1000 -1000 -10 0.999825
51 6 car -1 -1 -10 203 171 263 202 -1 -1 -1 -1000 -1000 -1000 -10 0.992651
52 0 car -1 -1 -10 575 172 620 221 -1 -1 -1 -1000 -1000 -1000 -10 0.999882
52 4 car -1 -1 -10 26 156 125 207 -1 -1 -1 -1000 -1000 -1000 -10 0.986054
52 5 car -1 -1 -10 138 178 210 208 -1 -1 -1 -1000 -1000 -1000 -10 0.999826
52 6 car -1 -1 -10 192 172 252 205 -1 -1 -1 -1000 -1000 -1000 -10 0.998261
53 0 car -1 -1 -10 575 171 621 221 -1 -1 -1 -1000 -1000 -1000 -10 0.999907
53 4 car -1 -1 -10 0 153 111 209 -1 -1 -1 -1000 -1000 -1000 -10 0.992484
53 5 car -1 -1 -10 121 177 196 210 -1 -1 -1 -1000 -1000 -1000 -10 0.999764
53 6 car -1 -1 -10 178 173 244 206 -1 -1 -1 -1000 -1000 -1000 -10 0.998666
53 7 car -1 -1 -10 195 168 247 194 -1 -1 -1 -1000 -1000 -1000 -10 0.969951
54 0 car -1 -1 -10 575 171 622 222 -1 -1 -1 -1000 -1000 -1000 -10 0.999862
54 4 car -1 -1 -10 0 152 97 211 -1 -1 -1 -1000 -1000 -1000 -10 0.999569
54 5 car -1 -1 -10 102 176 183 214 -1 -1 -1 -1000 -1000 -1000 -10 0.998296
54 6 car -1 -1 -10 162 173 232 206 -1 -1 -1 -1000 -1000 -1000 -10 0.999768
54 7 car -1 -1 -10 184 169 240 194 -1 -1 -1 -1000 -1000 -1000 -10 0.943775
55 0 car -1 -1 -10 575 171 623 222 -1 -1 -1 -1000 -1000 -1000 -10 0.999815
55 4 car -1 -1 -10 0 155 80 214 -1 -1 -1 -1000 -1000 -1000 -10 0.998509
55 5 car -1 -1 -10 80 177 168 214 -1 -1 -1 -1000 -1000 -1000 -10 0.999242
55 6 car -1 -1 -10 149 173 220 208 -1 -1 -1 -1000 -1000 -1000 -10 0.99988
55 7 car -1 -1 -10 173 168 230 194 -1 -1 -1 -1000 -1000 -1000 -10 0.763913
55 8 car -1 -1 -10 361 173 388 191 -1 -1 -1 -1000 -1000 -1000 -10 0.956186
56 0 car -1 -1 -10 576 171 625 222 -1 -1 -1 -1000 -1000 -1000 -10 0.999864
56 4 car -1 -1 -10 0 157 62 213 -1 -1 -1 -1000 -1000 -1000 -10 0.978462
56 5 car -1 -1 -10 59 176 149 215 -1 -1 -1 -1000 -1000 -1000 -10 0.999227
56 6 car -1 -1 -10 130 172 209 209 -1 -1 -1 -1000 -1000 -1000 -10 0.999901
56 7 car -1 -1 -10 157 167 224 195 -1 -1 -1 -1000 -1000 -1000 -10 0.887105
56 8 car -1 -1 -10 356 173 385 191 -1 -1 -1 -1000 -1000 -1000 -10 0.962756
57 0 car -1 -1 -10 577 171 625 222 -1 -1 -1 -1000 -1000 -1000 -10 0.999931
57 4 car -1 -1 -10 0 164 44 207 -1 -1 -1 -1000 -1000 -1000 -10 0.937494
57 5 car -1 -1 -10 27 176 133 218 -1 -1 -1 -1000 -1000 -1000 -10 0.988936
57 6 car -1 -1 -10 114 171 196 210 -1 -1 -1 -1000 -1000 -1000 -10 0.999964
57 7 car -1 -1 -10 146 166 215 195 -1 -1 -1 -1000 -1000 -1000 -10 0.948788
57 8 car -1 -1 -10 352 173 382 191 -1 -1 -1 -1000 -1000 -1000 -10 0.990742
58 0 car -1 -1 -10 578 171 625 223 -1 -1 -1 -1000 -1000 -1000 -10 0.999941
58 5 car -1 -1 -10 0 180 110 219 -1 -1 -1 -1000 -1000 -1000 -10 0.997257
58 6 car -1 -1 -10 94 173 182 213 -1 -1 -1 -1000 -1000 -1000 -10 0.999953
58 7 car -1 -1 -10 136 167 204 196 -1 -1 -1 -1000 -1000 -1000 -10 0.98929
58 8 car -1 -1 -10 347 173 377 191 -1 -1 -1 -1000 -1000 -1000 -10 0.977933
58 9 car -1 -1 -10 371 172 402 188 -1 -1 -1 -1000 -1000 -1000 -10 0.849662
59 0 car -1 -1 -10 578 170 627 223 -1 -1 -1 -1000 -1000 -1000 -10 0.999978
59 5 car -1 -1 -10 0 179 89 222 -1 -1 -1 -1000 -1000 -1000 -10 0.998707
59 6 car -1 -1 -10 74 171 170 215 -1 -1 -1 -1000 -1000 -1000 -10 0.999943
59 7 car -1 -1 -10 123 168 193 197 -1 -1 -1 -1000 -1000 -1000 -10 0.997847
59 8 car -1 -1 -10 343 172 375 191 -1 -1 -1 -1000 -1000 -1000 -10 0.990487
59 9 car -1 -1 -10 368 171 401 187 -1 -1 -1 -1000 -1000 -1000 -10 0.605495
60 0 car -1 -1 -10 579 169 628 223 -1 -1 -1 -1000 -1000 -1000 -10 0.999973
60 5 car -1 -1 -10 0 179 69 224 -1 -1 -1 -1000 -1000 -1000 -10 0.876881
60 6 car -1 -1 -10 53 171 151 215 -1 -1 -1 -1000 -1000 -1000 -10 0.999883
60 7 car -1 -1 -10 112 166 182 197 -1 -1 -1 -1000 -1000 -1000 -10 0.999252
60 8 car -1 -1 -10 339 172 371 191 -1 -1 -1 -1000 -1000 -1000 -10 0.994565
60 9 car -1 -1 -10 362 170 395 188 -1 -1 -1 -1000 -1000 -1000 -10 0.572456
61 0 car -1 -1 -10 580 168 629 223 -1 -1 -1 -1000 -1000 -1000 -10 0.99998
61 5 car -1 -1 -10 0 179 45 224 -1 -1 -1 -1000 -1000 -1000 -10 0.922399
61 6 car -1 -1 -10 31 170 135 216 -1 -1 -1 -1000 -1000 -1000 -10 0.999697
61 7 car -1 -1 -10 98 166 170 199 -1 -1 -1 -1000 -1000 -1000 -10 0.999551
61 8 car -1 -1 -10 336 172 367 191 -1 -1 -1 -1000 -1000 -1000 -10 0.992321
61 9 car -1 -1 -10 360 170 392 188 -1 -1 -1 -1000 -1000 -1000 -10 0.897769
62 0 car -1 -1 -10 581 168 629 223 -1 -1 -1 -1000 -1000 -1000 -10 0.999978
62 5 car -1 -1 -10 0 175 25 228 -1 -1 -1 -1000 -1000 -1000 -10 0.94704
62 6 car -1 -1 -10 1 168 119 218 -1 -1 -1 -1000 -1000 -1000 -10 0.999819
62 7 car -1 -1 -10 87 165 158 200 -1 -1 -1 -1000 -1000 -1000 -10 0.999589
62 8 car -1 -1 -10 330 171 363 190 -1 -1 -1 -1000 -1000 -1000 -10 0.994897
62 9 car -1 -1 -10 355 169 389 188 -1 -1 -1 -1000 -1000 -1000 -10 0.937296
63 0 car -1 -1 -10 581 168 630 224 -1 -1 -1 -1000 -1000 -1000 -10 0.999964
63 6 car -1 -1 -10 0 167 101 220 -1 -1 -1 -1000 -1000 -1000 -10 0.999932
63 7 car -1 -1 -10 71 164 144 201 -1 -1 -1 -1000 -1000 -1000 -10 0.999312
63 8 car -1 -1 -10 326 171 360 191 -1 -1 -1 -1000 -1000 -1000 -10 0.99565
63 9 car -1 -1 -10 352 170 383 188 -1 -1 -1 -1000 -1000 -1000 -10 0.989146
64 0 car -1 -1 -10 581 169 630 224 -1 -1 -1 -1000 -1000 -1000 -10 0.999974
64 6 car -1 -1 -10 0 168 82 225 -1 -1 -1 -1000 -1000 -1000 -10 0.999599
64 7 car -1 -1 -10 55 167 132 202 -1 -1 -1 -1000 -1000 -1000 -10 0.999848
64 8 car -1 -1 -10 320 172 356 193 -1 -1 -1 -1000 -1000 -1000 -10 0.996424
64 9 car -1 -1 -10 349 171 381 190 -1 -1 -1 -1000 -1000 -1000 -10 0.995982
65 0 car -1 -1 -10 582 169 631 225 -1 -1 -1 -1000 -1000 -1000 -10 0.999964
65 6 car -1 -1 -10 0 171 60 221 -1 -1 -1 -1000 -1000 -1000 -10 0.993568
65 7 car -1 -1 -10 40 166 122 205 -1 -1 -1 -1000 -1000 -1000 -10 0.999545
65 8 car -1 -1 -10 315 172 354 193 -1 -1 -1 -1000 -1000 -1000 -10 0.999399
65 9 car -1 -1 -10 345 171 379 190 -1 -1 -1 -1000 -1000 -1000 -10 0.991042
66 0 car -1 -1 -10 582 171 631 226 -1 -1 -1 -1000 -1000 -1000 -10 0.999951
66 6 car -1 -1 -10 0 170 39 221 -1 -1 -1 -1000 -1000 -1000 -10 0.993138
66 7 car -1 -1 -10 19 166 106 206 -1 -1 -1 -1000 -1000 -1000 -10 0.999545
66 8 car -1 -1 -10 311 172 348 194 -1 -1 -1 -1000 -1000 -1000 -10 0.997933
66 9 car -1 -1 -10 341 172 374 190 -1 -1 -1 -1000 -1000 -1000 -10 0.992314
67 0 car -1 -1 -10 582 171 632 226 -1 -1 -1 -1000 -1000 -1000 -10 0.999959
67 7 car -1 -1 -10 0 164 91 208 -1 -1 -1 -1000 -1000 -1000 -10 0.999249
67 8 car -1 -1 -10 304 172 344 194 -1 -1 -1 -1000 -1000 -1000 -10 0.99972
67 9 car -1 -1 -10 338 172 370 192 -1 -1 -1 -1000 -1000 -1000 -10 0.998688
68 0 car -1 -1 -10 583 171 633 226 -1 -1 -1 -1000 -1000 -1000 -10 0.999944
68 7 car -1 -1 -10 0 165 77 208 -1 -1 -1 -1000 -1000 -1000 -10 0.992694
68 8 car -1 -1 -10 299 172 339 194 -1 -1 -1 -1000 -1000 -1000 -10 0.998783
68 9 car -1 -1 -10 332 171 366 190 -1 -1 -1 -1000 -1000 -1000 -10 0.996258
69 0 car -1 -1 -10 583 171 634 226 -1 -1 -1 -1000 -1000 -1000 -10 0.999944
69 7 car -1 -1 -10 0 166 61 206 -1 -1 -1 -1000 -1000 -1000 -10 0.867337
69 8 car -1 -1 -10 293 172 334 195 -1 -1 -1 -1000 -1000 -1000 -10 0.999842
69 9 car -1 -1 -10 328 171 362 192 -1 -1 -1 -1000 -1000 -1000 -10 0.999566
70 0 car -1 -1 -10 583 170 634 227 -1 -1 -1 -1000 -1000 -1000 -10 0.999952
70 7 car -1 -1 -10 0 166 40 206 -1 -1 -1 -1000 -1000 -1000 -10 0.992141
70 8 car -1 -1 -10 287 171 330 196 -1 -1 -1 -1000 -1000 -1000 -10 0.999346
70 9 car -1 -1 -10 324 171 360 193 -1 -1 -1 -1000 -1000 -1000 -10 0.999493
71 0 car -1 -1 -10 583 170 635 227 -1 -1 -1 -1000 -1000 -1000 -10 0.999946
71 7 car -1 -1 -10 0 165 25 204 -1 -1 -1 -1000 -1000 -1000 -10 0.772658
71 8 car -1 -1 -10 281 172 324 196 -1 -1 -1 -1000 -1000 -1000 -10 0.999783
71 9 car -1 -1 -10 320 172 356 192 -1 -1 -1 -1000 -1000 -1000 -10 0.996764
72 0 car -1 -1 -10 583 170 635 227 -1 -1 -1 -1000 -1000 -1000 -10 0.999917
72 8 car -1 -1 -10 274 172 319 196 -1 -1 -1 -1000 -1000 -1000 -10 0.999288
72 9 car -1 -1 -10 315 172 351 192 -1 -1 -1 -1000 -1000 -1000 -10 0.999361
73 0 car -1 -1 -10 583 170 636 227 -1 -1 -1 -1000 -1000 -1000 -10 0.999927
73 8 car -1 -1 -10 269 172 315 197 -1 -1 -1 -1000 -1000 -1000 -10 0.999813
73 9 car -1 -1 -10 312 172 349 193 -1 -1 -1 -1000 -1000 -1000 -10 0.997613
74 0 car -1 -1 -10 583 170 636 227 -1 -1 -1 -1000 -1000 -1000 -10 0.999926
74 8 car -1 -1 -10 261 172 307 197 -1 -1 -1 -1000 -1000 -1000 -10 0.999667
74 9 car -1 -1 -10 304 172 347 193 -1 -1 -1 -1000 -1000 -1000 -10 0.992925
74 10 car -1 -1 -10 341 174 370 190 -1 -1 -1 -1000 -1000 -1000 -10 0.706218
75 0 car -1 -1 -10 583 171 636 226 -1 -1 -1 -1000 -1000 -1000 -10 0.99991
75 8 car -1 -1 -10 254 171 304 197 -1 -1 -1 -1000 -1000 -1000 -10 0.999652
75 9 car -1 -1 -10 300 170 341 194 -1 -1 -1 -1000 -1000 -1000 -10 0.998445
75 10 car -1 -1 -10 338 173 367 189 -1 -1 -1 -1000 -1000 -1000 -10 0.875912
76 0 car -1 -1 -10 585 171 637 226 -1 -1 -1 -1000 -1000 -1000 -10 0.999882
76 8 car -1 -1 -10 249 170 298 199 -1 -1 -1 -1000 -1000 -1000 -10 0.999918
76 9 car -1 -1 -10 293 171 338 194 -1 -1 -1 -1000 -1000 -1000 -10 0.99771
76 10 car -1 -1 -10 332 172 363 190 -1 -1 -1 -1000 -1000 -1000 -10 0.946471
77 0 car -1 -1 -10 585 171 637 227 -1 -1 -1 -1000 -1000 -1000 -10 0.999903
77 8 car -1 -1 -10 238 172 292 199 -1 -1 -1 -1000 -1000 -1000 -10 0.999676
77 9 car -1 -1 -10 288 171 331 195 -1 -1 -1 -1000 -1000 -1000 -10 0.999658
77 10 car -1 -1 -10 330 173 360 190 -1 -1 -1 -1000 -1000 -1000 -10 0.962365
78 0 car -1 -1 -10 586 171 638 226 -1 -1 -1 -1000 -1000 -1000 -10 0.999958
78 8 car -1 -1 -10 232 171 285 201 -1 -1 -1 -1000 -1000 -1000 -10 0.999907
78 9 car -1 -1 -10 281 171 328 195 -1 -1 -1 -1000 -1000 -1000 -10 0.999532
78 10 car -1 -1 -10 326 174 356 190 -1 -1 -1 -1000 -1000 -1000 -10 0.942365
79 0 car -1 -1 -10 585 171 638 227 -1 -1 -1 -1000 -1000 -1000 -10 0.999948
79 8 car -1 -1 -10 224 172 280 201 -1 -1 -1 -1000 -1000 -1000 -10 0.99968
79 9 car -1 -1 -10 276 171 323 197 -1 -1 -1 -1000 -1000 -1000 -10 0.9997
79 10 car -1 -1 -10 320 172 353 192 -1 -1 -1 -1000 -1000 -1000 -10 0.985649
80 0 car -1 -1 -10 585 171 637 227 -1 -1 -1 -1000 -1000 -1000 -10 0.99993
80 8 car -1 -1 -10 216 173 272 202 -1 -1 -1 -1000 -1000 -1000 -10 0.998103
80 9 car -1 -1 -10 270 171 318 197 -1 -1 -1 -1000 -1000 -1000 -10 0.999372
80 10 car -1 -1 -10 316 173 349 192 -1 -1 -1 -1000 -1000 -1000 -10 0.961895
81 0 car -1 -1 -10 585 171 637 227 -1 -1 -1 -1000 -1000 -1000 -10 0.99992
81 8 car -1 -1 -10 205 173 267 203 -1 -1 -1 -1000 -1000 -1000 -10 0.998782
81 9 car -1 -1 -10 263 171 313 198 -1 -1 -1 -1000 -1000 -1000 -10 0.999715
81 10 car -1 -1 -10 309 171 345 193 -1 -1 -1 -1000 -1000 -1000 -10 0.969856
82 0 car -1 -1 -10 586 171 637 227 -1 -1 -1 -1000 -1000 -1000 -10 0.999934
82 8 car -1 -1 -10 194 174 261 203 -1 -1 -1 -1000 -1000 -1000 -10 0.99934
82 9 car -1 -1 -10 257 171 307 198 -1 -1 -1 -1000 -1000 -1000 -10 0.999836
82 10 car -1 -1 -10 304 173 341 193 -1 -1 -1 -1000 -1000 -1000 -10 0.994593
83 0 car -1 -1 -10 586 170 637 227 -1 -1 -1 -1000 -1000 -1000 -10 0.999929
83 8 car -1 -1 -10 184 173 252 203 -1 -1 -1 -1000 -1000 -1000 -10 0.999871
83 9 car -1 -1 -10 252 171 303 198 -1 -1 -1 -1000 -1000 -1000 -10 0.999724
83 10 car -1 -1 -10 297 172 338 194 -1 -1 -1 -1000 -1000 -1000 -10 0.984767
84 0 car -1 -1 -10 586 170 636 227 -1 -1 -1 -1000 -1000 -1000 -10 0.999917
84 8 car -1 -1 -10 173 174 245 204 -1 -1 -1 -1000 -1000 -1000 -10 0.999939
84 9 car -1 -1 -10 243 171 294 199 -1 -1 -1 -1000 -1000 -1000 -10 0.999896
84 10 car -1 -1 -10 293 171 333 193 -1 -1 -1 -1000 -1000 -1000 -10 0.960408
85 0 car -1 -1 -10 586 171 637 227 -1 -1 -1 -1000 -1000 -1000 -10 0.999907
85 8 car -1 -1 -10 162 173 233 204 -1 -1 -1 -1000 -1000 -1000 -10 0.999952
85 9 car -1 -1 -10 235 170 289 199 -1 -1 -1 -1000 -1000 -1000 -10 0.99992
85 10 car -1 -1 -10 289 169 329 193 -1 -1 -1 -1000 -1000 -1000 -10 0.940342
86 0 car -1 -1 -10 585 171 637 227 -1 -1 -1 -1000 -1000 -1000 -10 0.999813
86 8 car -1 -1 -10 149 173 226 205 -1 -1 -1 -1000 -1000 -1000 -10 0.999958
86 9 car -1 -1 -10 224 169 283 199 -1 -1 -1 -1000 -1000 -1000 -10 0.999741
86 10 car -1 -1 -10 281 171 324 194 -1 -1 -1 -1000 -1000 -1000 -10 0.888123
87 0 car -1 -1 -10 583 171 635 226 -1 -1 -1 -1000 -1000 -1000 -10 0.999801
87 8 car -1 -1 -10 137 173 215 205 -1 -1 -1 -1000 -1000 -1000 -10 0.999983
87 9 car -1 -1 -10 214 170 273 199 -1 -1 -1 -1000 -1000 -1000 -10 0.9992
87 10 car -1 -1 -10 277 170 319 195 -1 -1 -1 -1000 -1000 -1000 -10 0.998407
88 0 car -1 -1 -10 583 171 636 226 -1 -1 -1 -1000 -1000 -1000 -10 0.99985
88 8 car -1 -1 -10 124 173 204 206 -1 -1 -1 -1000 -1000 -1000 -10 0.999942
88 9 car -1 -1 -10 208 170 270 200 -1 -1 -1 -1000 -1000 -1000 -10 0.998067
88 10 car -1 -1 -10 269 171 313 195 -1 -1 -1 -1000 -1000 -1000 -10 0.999681
89 0 car -1 -1 -10 583 171 636 225 -1 -1 -1 -1000 -1000 -1000 -10 0.999888
89 8 car -1 -1 -10 108 173 197 207 -1 -1 -1 -1000 -1000 -1000 -10 0.99992
89 9 car -1 -1 -10 201 171 261 201 -1 -1 -1 -1000 -1000 -1000 -10 0.996676
89 10 car -1 -1 -10 262 170 308 195 -1 -1 -1 -1000 -1000 -1000 -10 0.99897
90 0 car -1 -1 -10 585 170 637 223 -1 -1 -1 -1000 -1000 -1000 -10 0.999901
90 8 car -1 -1 -10 94 172 180 210 -1 -1 -1 -1000 -1000 -1000 -10 0.999976
90 9 car -1 -1 -10 192 169 254 201 -1 -1 -1 -1000 -1000 -1000 -10 0.999516
90 10 car -1 -1 -10 255 171 303 195 -1 -1 -1 -1000 -1000 -1000 -10 0.999736
91 0 car -1 -1 -10 582 169 636 223 -1 -1 -1 -1000 -1000 -1000 -10 0.999924
91 8 car -1 -1 -10 78 172 168 210 -1 -1 -1 -1000 -1000 -1000 -10 0.999844
91 9 car -1 -1 -10 182 169 248 201 -1 -1 -1 -1000 -1000 -1000 -10 0.9997
91 10 car -1 -1 -10 248 170 297 196 -1 -1 -1 -1000 -1000 -1000 -10 0.99956
92 0 car -1 -1 -10 582 171 636 226 -1 -1 -1 -1000 -1000 -1000 -10 0.99992
92 8 car -1 -1 -10 57 171 158 212 -1 -1 -1 -1000 -1000 -1000 -10 0.999846
92 9 car -1 -1 -10 169 169 241 202 -1 -1 -1 -1000 -1000 -1000 -10 0.99985
92 10 car -1 -1 -10 239 169 291 196 -1 -1 -1 -1000 -1000 -1000 -10 0.99934
93 0 car -1 -1 -10 582 170 635 227 -1 -1 -1 -1000 -1000 -1000 -10 0.999971
93 8 car -1 -1 -10 44 171 140 215 -1 -1 -1 -1000 -1000 -1000 -10 0.999964
93 9 car -1 -1 -10 154 168 229 204 -1 -1 -1 -1000 -1000 -1000 -10 0.99983
93 10 car -1 -1 -10 231 170 285 198 -1 -1 -1 -1000 -1000 -1000 -10 0.999516
94 0 car -1 -1 -10 582 169 635 228 -1 -1 -1 -1000 -1000 -1000 -10 0.999975
94 8 car -1 -1 -10 22 172 123 218 -1 -1 -1 -1000 -1000 -1000 -10 0.999916
94 9 car -1 -1 -10 143 170 219 206 -1 -1 -1 -1000 -1000 -1000 -10 0.999689
94 10 car -1 -1 -10 223 171 277 199 -1 -1 -1 -1000 -1000 -1000 -10 0.999759
95 0 car -1 -1 -10 582 170 634 228 -1 -1 -1 -1000 -1000 -1000 -10 0.999974
95 8 car -1 -1 -10 0 171 113 219 -1 -1 -1 -1000 -1000 -1000 -10 0.999707
95 9 car -1 -1 -10 130 170 210 207 -1 -1 -1 -1000 -1000 -1000 -10 0.999888
95 10 car -1 -1 -10 215 171 270 200 -1 -1 -1 -1000 -1000 -1000 -10 0.999704
96 0 car -1 -1 -10 581 170 634 228 -1 -1 -1 -1000 -1000 -1000 -10 0.999974
96 8 car -1 -1 -10 0 173 97 222 -1 -1 -1 -1000 -1000 -1000 -10 0.998529
96 9 car -1 -1 -10 119 170 200 207 -1 -1 -1 -1000 -1000 -1000 -10 0.99995
96 10 car -1 -1 -10 204 172 264 200 -1 -1 -1 -1000 -1000 -1000 -10 0.999447
97 0 car -1 -1 -10 580 170 633 227 -1 -1 -1 -1000 -1000 -1000 -10 0.99996
97 8 car -1 -1 -10 0 173 84 224 -1 -1 -1 -1000 -1000 -1000 -10 0.999201
97 9 car -1 -1 -10 103 170 191 208 -1 -1 -1 -1000 -1000 -1000 -10 0.999957
97 10 car -1 -1 -10 197 172 255 200 -1 -1 -1 -1000 -1000 -1000 -10 0.997688
98 0 car -1 -1 -10 579 170 633 227 -1 -1 -1 -1000 -1000 -1000 -10 0.999974
98 8 car -1 -1 -10 0 171 65 227 -1 -1 -1 -1000 -1000 -1000 -10 0.994834
98 9 car -1 -1 -10 88 171 181 210 -1 -1 -1 -1000 -1000 -1000 -10 0.999963
98 10 car -1 -1 -10 187 171 250 201 -1 -1 -1 -1000 -1000 -1000 -10 0.99748
99 0 car -1 -1 -10 578 168 632 225 -1 -1 -1 -1000 -1000 -1000 -10 0.999967
99 8 car -1 -1 -10 0 177 46 226 -1 -1 -1 -1000 -1000 -1000 -10 0.993042
99 9 car -1 -1 -10 72 171 171 209 -1 -1 -1 -1000 -1000 -1000 -10 0.999506
99 10 car -1 -1 -10 176 174 242 202 -1 -1 -1 -1000 -1000 -1000 -10 0.998273
100 0 car -1 -1 -10 577 170 631 227 -1 -1 -1 -1000 -1000 -1000 -10 0.999956
100 9 car -1 -1 -10 54 171 160 211 -1 -1 -1 -1000 -1000 -1000 -10 0.999797
100 10 car -1 -1 -10 167 174 232 204 -1 -1 -1 -1000 -1000 -1000 -10 0.999748
101 0 car -1 -1 -10 577 171 631 228 -1 -1 -1 -1000 -1000 -1000 -10 0.999967
101 9 car -1 -1 -10 39 171 145 214 -1 -1 -1 -1000 -1000 -1000 -10 0.999715
101 10 car -1 -1 -10 158 175 223 205 -1 -1 -1 -1000 -1000 -1000 -10 0.999806
102 0 car -1 -1 -10 576 171 631 229 -1 -1 -1 -1000 -1000 -1000 -10 0.999966
102 9 car -1 -1 -10 27 173 133 216 -1 -1 -1 -1000 -1000 -1000 -10 0.99878
102 10 car -1 -1 -10 145 175 216 207 -1 -1 -1 -1000 -1000 -1000 -10 0.999909
102 11 car -1 -1 -10 167 168 230 193 -1 -1 -1 -1000 -1000 -1000 -10 0.782238
103 0 car -1 -1 -10 574 172 631 231 -1 -1 -1 -1000 -1000 -1000 -10 0.999969
103 9 car -1 -1 -10 0 173 119 221 -1 -1 -1 -1000 -1000 -1000 -10 0.999104
103 10 car -1 -1 -10 132 176 207 209 -1 -1 -1 -1000 -1000 -1000 -10 0.999824
103 11 car -1 -1 -10 151 169 224 196 -1 -1 -1 -1000 -1000 -1000 -10 0.980001
104 0 car -1 -1 -10 573 173 630 231 -1 -1 -1 -1000 -1000 -1000 -10 0.999969
104 9 car -1 -1 -10 0 173 105 225 -1 -1 -1 -1000 -1000 -1000 -10 0.999666
104 10 car -1 -1 -10 119 177 196 211 -1 -1 -1 -1000 -1000 -1000 -10 0.999869
104 11 car -1 -1 -10 143 168 216 197 -1 -1 -1 -1000 -1000 -1000 -10 0.992467
105 0 car -1 -1 -10 572 172 629 232 -1 -1 -1 -1000 -1000 -1000 -10 0.999952
105 9 car -1 -1 -10 0 172 90 226 -1 -1 -1 -1000 -1000 -1000 -10 0.999424
105 10 car -1 -1 -10 108 177 187 211 -1 -1 -1 -1000 -1000 -1000 -10 0.999851
105 11 car -1 -1 -10 136 168 212 198 -1 -1 -1 -1000 -1000 -1000 -10 0.992292
106 0 car -1 -1 -10 573 172 628 231 -1 -1 -1 -1000 -1000 -1000 -10 0.999959
106 9 car -1 -1 -10 0 172 77 228 -1 -1 -1 -1000 -1000 -1000 -10 0.997283
106 10 car -1 -1 -10 93 176 176 211 -1 -1 -1 -1000 -1000 -1000 -10 0.999841
106 11 car -1 -1 -10 127 167 200 197 -1 -1 -1 -1000 -1000 -1000 -10 0.991689
106 12 car -1 -1 -10 231 165 265 191 -1 -1 -1 -1000 -1000 -1000 -10 0.784624
107 0 car -1 -1 -10 572 172 626 231 -1 -1 -1 -1000 -1000 -1000 -10 0.999964
107 9 car -1 -1 -10 0 169 57 227 -1 -1 -1 -1000 -1000 -1000 -10 0.99077
107 10 car -1 -1 -10 80 175 166 212 -1 -1 -1 -1000 -1000 -1000 -10 0.999891
107 11 car -1 -1 -10 118 166 188 196 -1 -1 -1 -1000 -1000 -1000 -10 0.991592
107 12 car -1 -1 -10 222 166 257 192 -1 -1 -1 -1000 -1000 -1000 -10 0.896037
108 0 car -1 -1 -10 571 171 624 233 -1 -1 -1 -1000 -1000 -1000 -10 0.999965
108 9 car -1 -1 -10 0 177 43 224 -1 -1 -1 -1000 -1000 -1000 -10 0.992552
108 10 car -1 -1 -10 63 174 153 215 -1 -1 -1 -1000 -1000 -1000 -10 0.999637
108 11 car -1 -1 -10 109 166 180 197 -1 -1 -1 -1000 -1000 -1000 -10 0.998113
108 12 car -1 -1 -10 213 164 263 192 -1 -1 -1 -1000 -1000 -1000 -10 0.683813
109 0 car -1 -1 -10 569 171 622 233 -1 -1 -1 -1000 -1000 -1000 -10 0.999973
109 10 car -1 -1 -10 52 175 139 216 -1 -1 -1 -1000 -1000 -1000 -10 0.999903
109 11 car -1 -1 -10 98 166 172 197 -1 -1 -1 -1000 -1000 -1000 -10 0.998106
109 12 car -1 -1 -10 204 167 254 190 -1 -1 -1 -1000 -1000 -1000 -10 0.832914
110 0 car -1 -1 -10 568 172 622 234 -1 -1 -1 -1000 -1000 -1000 -10 0.999957
110 10 car -1 -1 -10 32 174 129 217 -1 -1 -1 -1000 -1000 -1000 -10 0.999531
110 11 car -1 -1 -10 86 166 163 197 -1 -1 -1 -1000 -1000 -1000 -10 0.99935
110 12 car -1 -1 -10 196 167 245 192 -1 -1 -1 -1000 -1000 -1000 -10 0.968064
111 0 car -1 -1 -10 565 171 621 233 -1 -1 -1 -1000 -1000 -1000 -10 0.999942
111 10 car -1 -1 -10 14 172 112 217 -1 -1 -1 -1000 -1000 -1000 -10 0.999814
111 11 car -1 -1 -10 76 166 153 195 -1 -1 -1 -1000 -1000 -1000 -10 0.996809
111 12 car -1 -1 -10 186 169 237 191 -1 -1 -1 -1000 -1000 -1000 -10 0.944156
112 0 car -1 -1 -10 563 172 619 231 -1 -1 -1 -1000 -1000 -1000 -10 0.999936
112 10 car -1 -1 -10 0 171 101 219 -1 -1 -1 -1000 -1000 -1000 -10 0.999003
112 11 car -1 -1 -10 64 164 143 196 -1 -1 -1 -1000 -1000 -1000 -10 0.999321
112 12 car -1 -1 -10 183 167 235 191 -1 -1 -1 -1000 -1000 -1000 -10 0.967664
113 0 car -1 -1 -10 562 172 618 233 -1 -1 -1 -1000 -1000 -1000 -10 0.999944
113 10 car -1 -1 -10 0 170 89 221 -1 -1 -1 -1000 -1000 -1000 -10 0.995823
113 11 car -1 -1 -10 38 163 130 198 -1 -1 -1 -1000 -1000 -1000 -10 0.962554
113 12 car -1 -1 -10 174 166 228 192 -1 -1 -1 -1000 -1000 -1000 -10 0.897013
114 0 car -1 -1 -10 561 172 614 234 -1 -1 -1 -1000 -1000 -1000 -10 0.999966
114 10 car -1 -1 -10 0 165 60 222 -1 -1 -1 -1000 -1000 -1000 -10 0.45489
114 11 car -1 -1 -10 23 163 123 200 -1 -1 -1 -1000 -1000 -1000 -10 0.940653
114 12 car -1 -1 -10 166 167 223 192 -1 -1 -1 -1000 -1000 -1000 -10 0.949024
115 0 car -1 -1 -10 560 172 613 236 -1 -1 -1 -1000 -1000 -1000 -10 0.99997
115 10 car -1 -1 -10 0 170 54 220 -1 -1 -1 -1000 -1000 -1000 -10 0.842232
115 11 car -1 -1 -10 15 162 113 199 -1 -1 -1 -1000 -1000 -1000 -10 0.985276
115 12 car -1 -1 -10 158 168 216 192 -1 -1 -1 -1000 -1000 -1000 -10 0.887083
116 0 car -1 -1 -10 558 171 612 236 -1 -1 -1 -1000 -1000 -1000 -10 0.99998
116 10 car -1 -1 -10 0 171 41 219 -1 -1 -1 -1000 -1000 -1000 -10 0.776296
116 11 car -1 -1 -10 6 164 94 200 -1 -1 -1 -1000 -1000 -1000 -10 0.97455
116 12 car -1 -1 -10 150 167 208 194 -1 -1 -1 -1000 -1000 -1000 -10 0.96396
117 0 car -1 -1 -10 555 171 611 235 -1 -1 -1 -1000 -1000 -1000 -10 0.999965
117 11 car -1 -1 -10 0 164 76 203 -1 -1 -1 -1000 -1000 -1000 -10 0.844525
117 12 car -1 -1 -10 140 166 199 194 -1 -1 -1 -1000 -1000 -1000 -10 0.65617
118 0 car -1 -1 -10 554 171 610 235 -1 -1 -1 -1000 -1000 -1000 -10 0.999961
118 11 car -1 -1 -10 0 164 54 205 -1 -1 -1 -1000 -1000 -1000 -10 0.96442
118 12 car -1 -1 -10 136 168 191 193 -1 -1 -1 -1000 -1000 -1000 -10 0.818591
119 0 car -1 -1 -10 553 172 610 234 -1 -1 -1 -1000 -1000 -1000 -10 0.999956
119 11 car -1 -1 -10 0 165 40 205 -1 -1 -1 -1000 -1000 -1000 -10 0.950729
119 12 car -1 -1 -10 125 167 187 195 -1 -1 -1 -1000 -1000 -1000 -10 0.580517
120 0 car -1 -1 -10 552 172 609 234 -1 -1 -1 -1000 -1000 -1000 -10 0.999958
120 11 car -1 -1 -10 0 162 62 204 -1 -1 -1 -1000 -1000 -1000 -10 0.507792
120 12 car -1 -1 -10 115 164 181 196 -1 -1 -1 -1000 -1000 -1000 -10 0.825617
121 0 car -1 -1 -10 553 171 610 233 -1 -1 -1 -1000 -1000 -1000 -10 0.99997
121 11 car -1 -1 -10 0 167 49 201 -1 -1 -1 -1000 -1000 -1000 -10 0.601044
121 12 car -1 -1 -10 115 167 173 195 -1 -1 -1 -1000 -1000 -1000 -10 0.939139
122 0 car -1 -1 -10 554 171 611 234 -1 -1 -1 -1000 -1000 -1000 -10 0.999979
122 11 car -1 -1 -10 0 169 39 200 -1 -1 -1 -1000 -1000 -1000 -10 0.808176
122 12 car -1 -1 -10 105 165 170 196 -1 -1 -1 -1000 -1000 -1000 -10 0.950268
123 0 car -1 -1 -10 556 171 612 234 -1 -1 -1 -1000 -1000 -1000 -10 0.999981
123 12 car -1 -1 -10 104 166 161 196 -1 -1 -1 -1000 -1000 -1000 -10 0.864599
124 0 car -1 -1 -10 557 171 612 235 -1 -1 -1 -1000 -1000 -1000 -10 0.99999
124 12 car -1 -1 -10 93 166 161 196 -1 -1 -1 -1000 -1000 -1000 -10 0.924263
125 0 car -1 -1 -10 559 171 613 236 -1 -1 -1 -1000 -1000 -1000 -10 0.999987
125 12 car -1 -1 -10 90 168 154 197 -1 -1 -1 -1000 -1000 -1000 -10 0.969065
126 0 car -1 -1 -10 560 172 614 237 -1 -1 -1 -1000 -1000 -1000 -10 0.99999
126 12 car -1 -1 -10 82 168 147 199 -1 -1 -1 -1000 -1000 -1000 -10 0.975116
127 0 car -1 -1 -10 560 173 615 237 -1 -1 -1 -1000 -1000 -1000 -10 0.999972
127 12 car -1 -1 -10 75 167 140 200 -1 -1 -1 -1000 -1000 -1000 -10 0.931705
128 0 car -1 -1 -10 559 174 615 237 -1 -1 -1 -1000 -1000 -1000 -10 0.999978
128 12 car -1 -1 -10 64 168 138 201 -1 -1 -1 -1000 -1000 -1000 -10 0.920834
129 0 car -1 -1 -10 560 174 615 237 -1 -1 -1 -1000 -1000 -1000 -10 0.999979
129 12 car -1 -1 -10 57 170 125 201 -1 -1 -1 -1000 -1000 -1000 -10 0.880718
130 0 car -1 -1 -10 559 174 615 237 -1 -1 -1 -1000 -1000 -1000 -10 0.999977
130 12 car -1 -1 -10 46 169 117 202 -1 -1 -1 -1000 -1000 -1000 -10 0.930084
131 0 car -1 -1 -10 560 173 616 237 -1 -1 -1 -1000 -1000 -1000 -10 0.999979
131 12 car -1 -1 -10 36 169 106 201 -1 -1 -1 -1000 -1000 -1000 -10 0.973473
132 0 car -1 -1 -10 560 173 615 237 -1 -1 -1 -1000 -1000 -1000 -10 0.999983
132 12 car -1 -1 -10 21 170 101 201 -1 -1 -1 -1000 -1000 -1000 -10 0.826801
133 0 car -1 -1 -10 560 173 615 237 -1 -1 -1 -1000 -1000 -1000 -10 0.999985
133 12 car -1 -1 -10 0 174 88 202 -1 -1 -1 -1000 -1000 -1000 -10 0.741708
133 13 car -1 -1 -10 0 161 90 204 -1 -1 -1 -1000 -1000 -1000 -10 0.309397
134 0 car -1 -1 -10 559 173 614 238 -1 -1 -1 -1000 -1000 -1000 -10 0.999985
134 12 car -1 -1 -10 0 175 77 203 -1 -1 -1 -1000 -1000 -1000 -10 0.667919
135 0 car -1 -1 -10 559 173 614 238 -1 -1 -1 -1000 -1000 -1000 -10 0.999988
135 12 car -1 -1 -10 0 174 70 204 -1 -1 -1 -1000 -1000 -1000 -10 0.860774
136 0 car -1 -1 -10 559 174 613 238 -1 -1 -1 -1000 -1000 -1000 -10 0.99999
136 12 car -1 -1 -10 0 177 52 205 -1 -1 -1 -1000 -1000 -1000 -10 0.632166
137 0 car -1 -1 -10 558 173 613 238 -1 -1 -1 -1000 -1000 -1000 -10 0.999993
138 0 car -1 -1 -10 557 173 613 238 -1 -1 -1 -1000 -1000 -1000 -10 0.999994
139 0 car -1 -1 -10 556 173 612 237 -1 -1 -1 -1000 -1000 -1000 -10 0.999991
140 0 car -1 -1 -10 555 173 611 237 -1 -1 -1 -1000 -1000 -1000 -10 0.999989
141 0 car -1 -1 -10 554 173 611 238 -1 -1 -1 -1000 -1000 -1000 -10 0.999986
141 14 car -1 -1 -10 316 176 348 196 -1 -1 -1 -1000 -1000 -1000 -10 0.54308
141 15 car -1 -1 -10 521 162 548 195 -1 -1 -1 -1000 -1000 -1000 -10 0.435794
142 0 car -1 -1 -10 554 174 610 237 -1 -1 -1 -1000 -1000 -1000 -10 0.999984
142 14 car -1 -1 -10 311 176 345 196 -1 -1 -1 -1000 -1000 -1000 -10 0.760508
142 15 car -1 -1 -10 520 161 546 196 -1 -1 -1 -1000 -1000 -1000 -10 0.763595
143 0 car -1 -1 -10 553 174 610 237 -1 -1 -1 -1000 -1000 -1000 -10 0.999976
143 14 car -1 -1 -10 307 176 342 197 -1 -1 -1 -1000 -1000 -1000 -10 0.948787
143 15 car -1 -1 -10 518 158 545 194 -1 -1 -1 -1000 -1000 -1000 -10 0.734074
144 0 car -1 -1 -10 552 174 610 237 -1 -1 -1 -1000 -1000 -1000 -10 0.99997
144 14 car -1 -1 -10 305 175 340 197 -1 -1 -1 -1000 -1000 -1000 -10 0.964541
144 15 car -1 -1 -10 517 161 545 195 -1 -1 -1 -1000 -1000 -1000 -10 0.971837
145 0 car -1 -1 -10 551 173 610 236 -1 -1 -1 -1000 -1000 -1000 -10 0.99998
145 14 car -1 -1 -10 300 174 340 197 -1 -1 -1 -1000 -1000 -1000 -10 0.904492
145 15 car -1 -1 -10 515 160 543 195 -1 -1 -1 -1000 -1000 -1000 -10 0.984578
146 0 car -1 -1 -10 551 173 609 236 -1 -1 -1 -1000 -1000 -1000 -10 0.999983
146 14 car -1 -1 -10 297 175 334 197 -1 -1 -1 -1000 -1000 -1000 -10 0.982229
146 15 car -1 -1 -10 511 156 544 196 -1 -1 -1 -1000 -1000 -1000 -10 0.989044
147 0 car -1 -1 -10 550 174 609 236 -1 -1 -1 -1000 -1000 -1000 -10 0.999973
147 14 car -1 -1 -10 293 175 331 197 -1 -1 -1 -1000 -1000 -1000 -10 0.988734
147 15 car -1 -1 -10 509 158 542 197 -1 -1 -1 -1000 -1000 -1000 -10 0.984329
148 0 car -1 -1 -10 550 173 605 237 -1 -1 -1 -1000 -1000 -1000 -10 0.999979
148 14 car -1 -1 -10 289 176 328 197 -1 -1 -1 -1000 -1000 -1000 -10 0.94634
148 15 car -1 -1 -10 509 158 542 199 -1 -1 -1 -1000 -1000 -1000 -10 0.995378
148 16 car -1 -1 -10 830 181 882 202 -1 -1 -1 -1000 -1000 -1000 -10 0.873289
149 0 car -1 -1 -10 550 173 605 237 -1 -1 -1 -1000 -1000 -1000 -10 0.999983
149 14 car -1 -1 -10 287 177 326 198 -1 -1 -1 -1000 -1000 -1000 -10 0.934705
149 15 car -1 -1 -10 508 157 541 200 -1 -1 -1 -1000 -1000 -1000 -10 0.998536
149 16 car -1 -1 -10 835 181 889 202 -1 -1 -1 -1000 -1000 -1000 -10 0.918888
150 0 car -1 -1 -10 550 172 604 237 -1 -1 -1 -1000 -1000 -1000 -10 0.999984
150 14 car -1 -1 -10 281 178 322 198 -1 -1 -1 -1000 -1000 -1000 -10 0.982599
150 15 car -1 -1 -10 506 157 541 201 -1 -1 -1 -1000 -1000 -1000 -10 0.99937
150 16 car -1 -1 -10 836 182 892 204 -1 -1 -1 -1000 -1000 -1000 -10 0.980788
151 0 car -1 -1 -10 550 173 604 237 -1 -1 -1 -1000 -1000 -1000 -10 0.999978
151 14 car -1 -1 -10 280 177 320 199 -1 -1 -1 -1000 -1000 -1000 -10 0.993186
151 15 car -1 -1 -10 503 157 541 201 -1 -1 -1 -1000 -1000 -1000 -10 0.999365
151 16 car -1 -1 -10 843 182 893 203 -1 -1 -1 -1000 -1000 -1000 -10 0.942205
152 0 car -1 -1 -10 550 174 604 236 -1 -1 -1 -1000 -1000 -1000 -10 0.999971
152 14 car -1 -1 -10 277 177 313 199 -1 -1 -1 -1000 -1000 -1000 -10 0.906489
152 15 car -1 -1 -10 500 157 541 203 -1 -1 -1 -1000 -1000 -1000 -10 0.998166
152 16 car -1 -1 -10 846 182 906 205 -1 -1 -1 -1000 -1000 -1000 -10 0.976474
153 0 car -1 -1 -10 550 175 605 235 -1 -1 -1 -1000 -1000 -1000 -10 0.99996
153 14 car -1 -1 -10 274 178 312 199 -1 -1 -1 -1000 -1000 -1000 -10 0.910794
153 15 car -1 -1 -10 497 153 539 206 -1 -1 -1 -1000 -1000 -1000 -10 0.968424
153 16 car -1 -1 -10 851 182 914 205 -1 -1 -1 -1000 -1000 -1000 -10 0.953002
154 0 car -1 -1 -10 553 176 607 234 -1 -1 -1 -1000 -1000 -1000 -10 0.999969
154 14 car -1 -1 -10 271 178 313 200 -1 -1 -1 -1000 -1000 -1000 -10 0.995589
154 15 car -1 -1 -10 491 153 539 207 -1 -1 -1 -1000 -1000 -1000 -10 0.998777
154 16 car -1 -1 -10 857 184 917 207 -1 -1 -1 -1000 -1000 -1000 -10 0.980267
155 0 car -1 -1 -10 553 176 607 235 -1 -1 -1 -1000 -1000 -1000 -10 0.999978
155 14 car -1 -1 -10 269 178 308 201 -1 -1 -1 -1000 -1000 -1000 -10 0.992613
155 15 car -1 -1 -10 487 150 537 210 -1 -1 -1 -1000 -1000 -1000 -10 0.999563
155 16 car -1 -1 -10 859 182 927 209 -1 -1 -1 -1000 -1000 -1000 -10 0.899342
156 0 car -1 -1 -10 553 176 608 234 -1 -1 -1 -1000 -1000 -1000 -10 0.99998
156 14 car -1 -1 -10 266 178 303 201 -1 -1 -1 -1000 -1000 -1000 -10 0.983481
156 15 car -1 -1 -10 482 150 537 212 -1 -1 -1 -1000 -1000 -1000 -10 0.999845
156 16 car -1 -1 -10 866 182 941 209 -1 -1 -1 -1000 -1000 -1000 -10 0.957416
157 0 car -1 -1 -10 554 176 608 234 -1 -1 -1 -1000 -1000 -1000 -10 0.999969
157 14 car -1 -1 -10 265 178 303 202 -1 -1 -1 -1000 -1000 -1000 -10 0.994356
157 15 car -1 -1 -10 478 149 535 214 -1 -1 -1 -1000 -1000 -1000 -10 0.999786
157 16 car -1 -1 -10 871 183 943 210 -1 -1 -1 -1000 -1000 -1000 -10 0.983039
158 0 car -1 -1 -10 554 175 609 233 -1 -1 -1 -1000 -1000 -1000 -10 0.999925
158 14 car -1 -1 -10 258 178 301 201 -1 -1 -1 -1000 -1000 -1000 -10 0.998077
158 15 car -1 -1 -10 468 145 532 218 -1 -1 -1 -1000 -1000 -1000 -10 0.999781
158 16 car -1 -1 -10 878 185 941 207 -1 -1 -1 -1000 -1000 -1000 -10 0.919261
159 0 car -1 -1 -10 556 176 610 233 -1 -1 -1 -1000 -1000 -1000 -10 0.99994
159 14 car -1 -1 -10 255 178 301 201 -1 -1 -1 -1000 -1000 -1000 -10 0.996718
159 15 car -1 -1 -10 457 141 529 223 -1 -1 -1 -1000 -1000 -1000 -10 0.998566
159 16 car -1 -1 -10 883 188 951 210 -1 -1 -1 -1000 -1000 -1000 -10 0.976498
160 0 car -1 -1 -10 557 176 610 233 -1 -1 -1 -1000 -1000 -1000 -10 0.999883
160 14 car -1 -1 -10 248 180 298 202 -1 -1 -1 -1000 -1000 -1000 -10 0.997847
160 15 car -1 -1 -10 443 137 528 226 -1 -1 -1 -1000 -1000 -1000 -10 0.997886
160 16 car -1 -1 -10 890 187 959 211 -1 -1 -1 -1000 -1000 -1000 -10 0.987376
161 0 car -1 -1 -10 558 176 611 233 -1 -1 -1 -1000 -1000 -1000 -10 0.999927
161 14 car -1 -1 -10 245 178 296 203 -1 -1 -1 -1000 -1000 -1000 -10 0.99818
161 15 car -1 -1 -10 422 131 524 235 -1 -1 -1 -1000 -1000 -1000 -10 0.996805
161 16 car -1 -1 -10 892 189 970 213 -1 -1 -1 -1000 -1000 -1000 -10 0.996026
162 0 car -1 -1 -10 559 176 610 234 -1 -1 -1 -1000 -1000 -1000 -10 0.999946
162 14 car -1 -1 -10 238 180 292 204 -1 -1 -1 -1000 -1000 -1000 -10 0.992542
162 15 car -1 -1 -10 404 128 521 240 -1 -1 -1 -1000 -1000 -1000 -10 0.993932
162 16 car -1 -1 -10 899 190 982 214 -1 -1 -1 -1000 -1000 -1000 -10 0.999125
163 0 car -1 -1 -10 559 177 610 233 -1 -1 -1 -1000 -1000 -1000 -10 0.999925
163 14 car -1 -1 -10 234 180 288 205 -1 -1 -1 -1000 -1000 -1000 -10 0.997824
163 15 car -1 -1 -10 378 125 515 253 -1 -1 -1 -1000 -1000 -1000 -10 0.988062
163 16 car -1 -1 -10 908 191 988 215 -1 -1 -1 -1000 -1000 -1000 -10 0.999773
164 0 car -1 -1 -10 560 177 611 233 -1 -1 -1 -1000 -1000 -1000 -10 0.999925
164 14 car -1 -1 -10 224 181 283 205 -1 -1 -1 -1000 -1000 -1000 -10 0.99722
164 15 car -1 -1 -10 337 113 503 270 -1 -1 -1 -1000 -1000 -1000 -10 0.999726
164 16 car -1 -1 -10 912 192 993 216 -1 -1 -1 -1000 -1000 -1000 -10 0.998753
165 0 car -1 -1 -10 561 178 611 233 -1 -1 -1 -1000 -1000 -1000 -10 0.999904
165 14 car -1 -1 -10 220 183 278 207 -1 -1 -1 -1000 -1000 -1000 -10 0.991571
165 15 car -1 -1 -10 286 100 489 290 -1 -1 -1 -1000 -1000 -1000 -10 0.999954
165 16 car -1 -1 -10 920 194 1003 217 -1 -1 -1 -1000 -1000 -1000 -10 0.998054
166 0 car -1 -1 -10 561 179 611 233 -1 -1 -1 -1000 -1000 -1000 -10 0.999903
166 14 car -1 -1 -10 215 184 270 203 -1 -1 -1 -1000 -1000 -1000 -10 0.870138
166 15 car -1 -1 -10 187 89 476 303 -1 -1 -1 -1000 -1000 -1000 -10 0.999897
166 16 car -1 -1 -10 930 194 1012 218 -1 -1 -1 -1000 -1000 -1000 -10 0.998485
167 0 car -1 -1 -10 562 180 610 232 -1 -1 -1 -1000 -1000 -1000 -10 0.999931
167 15 car -1 -1 -10 0 0 456 375 -1 -1 -1 -1000 -1000 -1000 -10 0.999609
167 16 car -1 -1 -10 936 193 1021 218 -1 -1 -1 -1000 -1000 -1000 -10 0.998825
167 17 car -1 -1 -10 1020 190 1084 220 -1 -1 -1 -1000 -1000 -1000 -10 0.879825
168 0 car -1 -1 -10 563 180 611 231 -1 -1 -1 -1000 -1000 -1000 -10 0.999931
168 14 car -1 -1 -10 205 182 260 207 -1 -1 -1 -1000 -1000 -1000 -10 0.895947
168 15 car -1 -1 -10 0 0 412 375 -1 -1 -1 -1000 -1000 -1000 -10 0.999983
168 16 car -1 -1 -10 950 193 1030 220 -1 -1 -1 -1000 -1000 -1000 -10 0.999349
168 17 car -1 -1 -10 1030 192 1094 222 -1 -1 -1 -1000 -1000 -1000 -10 0.972173
169 0 car -1 -1 -10 563 181 611 231 -1 -1 -1 -1000 -1000 -1000 -10 0.999898
169 14 car -1 -1 -10 188 179 254 210 -1 -1 -1 -1000 -1000 -1000 -10 0.73255
169 15 car -1 -1 -10 0 0 341 375 -1 -1 -1 -1000 -1000 -1000 -10 0.999581
169 16 car -1 -1 -10 955 194 1045 223 -1 -1 -1 -1000 -1000 -1000 -10 0.995339
169 17 car -1 -1 -10 1044 194 1110 225 -1 -1 -1 -1000 -1000 -1000 -10 0.978197
170 0 car -1 -1 -10 564 180 611 231 -1 -1 -1 -1000 -1000 -1000 -10 0.999919
170 14 car -1 -1 -10 185 180 249 213 -1 -1 -1 -1000 -1000 -1000 -10 0.976626
170 15 car -1 -1 -10 0 2 256 372 -1 -1 -1 -1000 -1000 -1000 -10 0.988297
170 16 car -1 -1 -10 966 194 1056 224 -1 -1 -1 -1000 -1000 -1000 -10 0.998737
170 17 car -1 -1 -10 1056 195 1128 225 -1 -1 -1 -1000 -1000 -1000 -10 0.991718
170 18 car -1 -1 -10 244 179 295 206 -1 -1 -1 -1000 -1000 -1000 -10 0.975001
170 19 car -1 -1 -10 288 182 330 205 -1 -1 -1 -1000 -1000 -1000 -10 0.969896
171 0 car -1 -1 -10 564 180 612 230 -1 -1 -1 -1000 -1000 -1000 -10 0.999956
171 14 car -1 -1 -10 176 182 243 211 -1 -1 -1 -1000 -1000 -1000 -10 0.974008
171 16 car -1 -1 -10 979 195 1066 225 -1 -1 -1 -1000 -1000 -1000 -10 0.999024
171 17 car -1 -1 -10 1069 194 1142 225 -1 -1 -1 -1000 -1000 -1000 -10 0.98502
171 18 car -1 -1 -10 237 179 290 205 -1 -1 -1 -1000 -1000 -1000 -10 0.939269
171 19 car -1 -1 -10 282 182 325 204 -1 -1 -1 -1000 -1000 -1000 -10 0.983903
172 0 car -1 -1 -10 565 179 615 229 -1 -1 -1 -1000 -1000 -1000 -10 0.999944
172 14 car -1 -1 -10 164 182 239 211 -1 -1 -1 -1000 -1000 -1000 -10 0.992666
172 16 car -1 -1 -10 990 195 1077 225 -1 -1 -1 -1000 -1000 -1000 -10 0.999531
172 17 car -1 -1 -10 1079 195 1149 227 -1 -1 -1 -1000 -1000 -1000 -10 0.990736
172 18 car -1 -1 -10 230 179 285 206 -1 -1 -1 -1000 -1000 -1000 -10 0.995776
172 19 car -1 -1 -10 277 181 324 203 -1 -1 -1 -1000 -1000 -1000 -10 0.995442
172 20 car -1 -1 -10 530 181 555 202 -1 -1 -1 -1000 -1000 -1000 -10 0.997261
172 21 car -1 -1 -10 318 181 355 202 -1 -1 -1 -1000 -1000 -1000 -10 0.783008
173 0 car -1 -1 -10 567 178 615 229 -1 -1 -1 -1000 -1000 -1000 -10 0.999883
173 14 car -1 -1 -10 153 181 226 212 -1 -1 -1 -1000 -1000 -1000 -10 0.997921
173 16 car -1 -1 -10 998 195 1093 227 -1 -1 -1 -1000 -1000 -1000 -10 0.999537
173 17 car -1 -1 -10 1087 196 1168 228 -1 -1 -1 -1000 -1000 -1000 -10 0.995899
173 18 car -1 -1 -10 223 177 279 207 -1 -1 -1 -1000 -1000 -1000 -10 0.99432
173 19 car -1 -1 -10 274 181 317 204 -1 -1 -1 -1000 -1000 -1000 -10 0.997858
173 20 car -1 -1 -10 528 181 554 203 -1 -1 -1 -1000 -1000 -1000 -10 0.997936
173 21 car -1 -1 -10 308 179 353 202 -1 -1 -1 -1000 -1000 -1000 -10 0.963384
174 0 car -1 -1 -10 567 178 616 229 -1 -1 -1 -1000 -1000 -1000 -10 0.999795
174 14 car -1 -1 -10 141 181 218 213 -1 -1 -1 -1000 -1000 -1000 -10 0.995724
174 16 car -1 -1 -10 1005 195 1105 228 -1 -1 -1 -1000 -1000 -1000 -10 0.999833
174 17 car -1 -1 -10 1103 197 1187 230 -1 -1 -1 -1000 -1000 -1000 -10 0.998385
174 18 car -1 -1 -10 220 178 274 207 -1 -1 -1 -1000 -1000 -1000 -10 0.990261
174 19 car -1 -1 -10 268 182 311 204 -1 -1 -1 -1000 -1000 -1000 -10 0.977951
174 20 car -1 -1 -10 526 181 553 204 -1 -1 -1 -1000 -1000 -1000 -10 0.998588
174 21 car -1 -1 -10 310 182 349 204 -1 -1 -1 -1000 -1000 -1000 -10 0.965916
175 0 car -1 -1 -10 568 178 617 229 -1 -1 -1 -1000 -1000 -1000 -10 0.999792
175 14 car -1 -1 -10 129 181 209 216 -1 -1 -1 -1000 -1000 -1000 -10 0.996992
175 16 car -1 -1 -10 1021 195 1121 231 -1 -1 -1 -1000 -1000 -1000 -10 0.999468
175 17 car -1 -1 -10 1118 196 1203 233 -1 -1 -1 -1000 -1000 -1000 -10 0.998009
175 18 car -1 -1 -10 212 178 266 209 -1 -1 -1 -1000 -1000 -1000 -10 0.99775
175 19 car -1 -1 -10 269 182 311 204 -1 -1 -1 -1000 -1000 -1000 -10 0.520763
175 20 car -1 -1 -10 522 181 550 205 -1 -1 -1 -1000 -1000 -1000 -10 0.999196
175 21 car -1 -1 -10 305 182 345 203 -1 -1 -1 -1000 -1000 -1000 -10 0.930222
176 0 car -1 -1 -10 569 179 618 228 -1 -1 -1 -1000 -1000 -1000 -10 0.999405
176 14 car -1 -1 -10 117 180 201 218 -1 -1 -1 -1000 -1000 -1000 -10 0.995028
176 16 car -1 -1 -10 1033 197 1136 231 -1 -1 -1 -1000 -1000 -1000 -10 0.999669
176 17 car -1 -1 -10 1135 199 1220 233 -1 -1 -1 -1000 -1000 -1000 -10 0.999709
176 18 car -1 -1 -10 197 178 263 209 -1 -1 -1 -1000 -1000 -1000 -10 0.999503
176 19 car -1 -1 -10 257 183 302 206 -1 -1 -1 -1000 -1000 -1000 -10 0.98671
176 20 car -1 -1 -10 520 181 547 207 -1 -1 -1 -1000 -1000 -1000 -10 0.99977
176 21 car -1 -1 -10 297 182 343 203 -1 -1 -1 -1000 -1000 -1000 -10 0.970047
177 0 car -1 -1 -10 570 180 619 229 -1 -1 -1 -1000 -1000 -1000 -10 0.999711
177 14 car -1 -1 -10 101 181 188 219 -1 -1 -1 -1000 -1000 -1000 -10 0.995825
177 16 car -1 -1 -10 1045 196 1150 236 -1 -1 -1 -1000 -1000 -1000 -10 0.999206
177 17 car -1 -1 -10 1150 199 1242 235 -1 -1 -1 -1000 -1000 -1000 -10 0.99923
177 18 car -1 -1 -10 190 179 261 209 -1 -1 -1 -1000 -1000 -1000 -10 0.998639
177 19 car -1 -1 -10 249 183 296 206 -1 -1 -1 -1000 -1000 -1000 -10 0.957526
177 20 car -1 -1 -10 517 181 546 209 -1 -1 -1 -1000 -1000 -1000 -10 0.999673
177 21 car -1 -1 -10 297 183 337 204 -1 -1 -1 -1000 -1000 -1000 -10 0.957459
177 22 car -1 -1 -10 543 181 568 199 -1 -1 -1 -1000 -1000 -1000 -10 0.990179
178 0 car -1 -1 -10 570 180 620 229 -1 -1 -1 -1000 -1000 -1000 -10 0.999511
178 14 car -1 -1 -10 89 181 175 218 -1 -1 -1 -1000 -1000 -1000 -10 0.983759
178 16 car -1 -1 -10 1065 197 1169 236 -1 -1 -1 -1000 -1000 -1000 -10 0.998773
178 17 car -1 -1 -10 1166 197 1242 237 -1 -1 -1 -1000 -1000 -1000 -10 0.977316
178 18 car -1 -1 -10 177 176 246 210 -1 -1 -1 -1000 -1000 -1000 -10 0.996792
178 19 car -1 -1 -10 244 181 291 208 -1 -1 -1 -1000 -1000 -1000 -10 0.986956
178 20 car -1 -1 -10 511 181 544 211 -1 -1 -1 -1000 -1000 -1000 -10 0.998075
178 21 car -1 -1 -10 288 183 333 205 -1 -1 -1 -1000 -1000 -1000 -10 0.983771
178 22 car -1 -1 -10 542 181 567 201 -1 -1 -1 -1000 -1000 -1000 -10 0.998679
179 0 car -1 -1 -10 571 178 619 228 -1 -1 -1 -1000 -1000 -1000 -10 0.998925
179 14 car -1 -1 -10 71 180 161 220 -1 -1 -1 -1000 -1000 -1000 -10 0.993474
179 16 car -1 -1 -10 1081 201 1188 238 -1 -1 -1 -1000 -1000 -1000 -10 0.989473
179 17 car -1 -1 -10 1185 197 1242 237 -1 -1 -1 -1000 -1000 -1000 -10 0.928966
179 18 car -1 -1 -10 162 176 234 211 -1 -1 -1 -1000 -1000 -1000 -10 0.993301
179 19 car -1 -1 -10 234 180 282 207 -1 -1 -1 -1000 -1000 -1000 -10 0.993918
179 20 car -1 -1 -10 505 180 540 212 -1 -1 -1 -1000 -1000 -1000 -10 0.999792
179 21 car -1 -1 -10 280 182 331 205 -1 -1 -1 -1000 -1000 -1000 -10 0.98217
180 0 car -1 -1 -10 572 177 620 226 -1 -1 -1 -1000 -1000 -1000 -10 0.999561
180 14 car -1 -1 -10 50 179 143 219 -1 -1 -1 -1000 -1000 -1000 -10 0.99073
180 16 car -1 -1 -10 1089 198 1214 242 -1 -1 -1 -1000 -1000 -1000 -10 0.984055
180 17 car -1 -1 -10 1204 192 1242 236 -1 -1 -1 -1000 -1000 -1000 -10 0.51211
180 18 car -1 -1 -10 152 175 225 211 -1 -1 -1 -1000 -1000 -1000 -10 0.999955
180 19 car -1 -1 -10 227 179 279 205 -1 -1 -1 -1000 -1000 -1000 -10 0.996637
180 20 car -1 -1 -10 498 179 537 213 -1 -1 -1 -1000 -1000 -1000 -10 0.999726
180 21 car -1 -1 -10 274 181 324 203 -1 -1 -1 -1000 -1000 -1000 -10 0.988491
180 22 car -1 -1 -10 540 178 566 199 -1 -1 -1 -1000 -1000 -1000 -10 0.996685
181 0 car -1 -1 -10 572 176 620 225 -1 -1 -1 -1000 -1000 -1000 -10 0.999591
181 14 car -1 -1 -10 28 177 136 221 -1 -1 -1 -1000 -1000 -1000 -10 0.974617
181 16 car -1 -1 -10 1113 200 1227 238 -1 -1 -1 -1000 -1000 -1000 -10 0.953866
181 17 car -1 -1 -10 1204 194 1242 251 -1 -1 -1 -1000 -1000 -1000 -10 0.429525
181 18 car -1 -1 -10 139 174 217 212 -1 -1 -1 -1000 -1000 -1000 -10 0.999978
181 19 car -1 -1 -10 215 177 272 206 -1 -1 -1 -1000 -1000 -1000 -10 0.993038
181 20 car -1 -1 -10 492 178 532 214 -1 -1 -1 -1000 -1000 -1000 -10 0.999851
181 21 car -1 -1 -10 269 181 320 202 -1 -1 -1 -1000 -1000 -1000 -10 0.991782
181 22 car -1 -1 -10 539 177 565 199 -1 -1 -1 -1000 -1000 -1000 -10 0.997758
182 0 car -1 -1 -10 574 176 621 225 -1 -1 -1 -1000 -1000 -1000 -10 0.999387
182 14 car -1 -1 -10 2 176 119 220 -1 -1 -1 -1000 -1000 -1000 -10 0.893992
182 16 car -1 -1 -10 1132 201 1242 239 -1 -1 -1 -1000 -1000 -1000 -10 0.994746
182 18 car -1 -1 -10 124 174 207 214 -1 -1 -1 -1000 -1000 -1000 -10 0.999981
182 19 car -1 -1 -10 204 178 268 208 -1 -1 -1 -1000 -1000 -1000 -10 0.996748
182 20 car -1 -1 -10 484 179 529 218 -1 -1 -1 -1000 -1000 -1000 -10 0.999057
182 21 car -1 -1 -10 258 180 314 204 -1 -1 -1 -1000 -1000 -1000 -10 0.999051
182 22 car -1 -1 -10 536 178 563 200 -1 -1 -1 -1000 -1000 -1000 -10 0.999714
183 0 car -1 -1 -10 574 176 621 226 -1 -1 -1 -1000 -1000 -1000 -10 0.999388
183 14 car -1 -1 -10 0 179 103 226 -1 -1 -1 -1000 -1000 -1000 -10 0.99504
183 16 car -1 -1 -10 1157 201 1242 241 -1 -1 -1 -1000 -1000 -1000 -10 0.993213
183 18 car -1 -1 -10 107 175 199 216 -1 -1 -1 -1000 -1000 -1000 -10 0.999899
183 19 car -1 -1 -10 192 181 260 209 -1 -1 -1 -1000 -1000 -1000 -10 0.998591
183 20 car -1 -1 -10 473 179 524 222 -1 -1 -1 -1000 -1000 -1000 -10 0.999626
183 21 car -1 -1 -10 253 180 306 205 -1 -1 -1 -1000 -1000 -1000 -10 0.999802
183 22 car -1 -1 -10 534 179 563 202 -1 -1 -1 -1000 -1000 -1000 -10 0.999498
184 0 car -1 -1 -10 575 176 621 226 -1 -1 -1 -1000 -1000 -1000 -10 0.999135
184 14 car -1 -1 -10 0 178 83 229 -1 -1 -1 -1000 -1000 -1000 -10 0.996976
184 16 car -1 -1 -10 1177 202 1242 242 -1 -1 -1 -1000 -1000 -1000 -10 0.824153
184 18 car -1 -1 -10 92 174 183 218 -1 -1 -1 -1000 -1000 -1000 -10 0.999892
184 19 car -1 -1 -10 182 181 248 210 -1 -1 -1 -1000 -1000 -1000 -10 0.996618
184 20 car -1 -1 -10 460 181 518 225 -1 -1 -1 -1000 -1000 -1000 -10 0.999977
184 21 car -1 -1 -10 244 181 301 207 -1 -1 -1 -1000 -1000 -1000 -10 0.999897
184 22 car -1 -1 -10 531 180 561 203 -1 -1 -1 -1000 -1000 -1000 -10 0.9998
185 0 car -1 -1 -10 575 176 623 225 -1 -1 -1 -1000 -1000 -1000 -10 0.999195
185 14 car -1 -1 -10 0 181 57 228 -1 -1 -1 -1000 -1000 -1000 -10 0.996478
185 18 car -1 -1 -10 72 174 172 218 -1 -1 -1 -1000 -1000 -1000 -10 0.999631
185 19 car -1 -1 -10 170 180 239 210 -1 -1 -1 -1000 -1000 -1000 -10 0.999852
185 20 car -1 -1 -10 447 181 506 230 -1 -1 -1 -1000 -1000 -1000 -10 0.999979
185 21 car -1 -1 -10 234 181 295 208 -1 -1 -1 -1000 -1000 -1000 -10 0.999903
185 22 car -1 -1 -10 527 179 559 205 -1 -1 -1 -1000 -1000 -1000 -10 0.999732
186 0 car -1 -1 -10 577 176 625 224 -1 -1 -1 -1000 -1000 -1000 -10 0.999292
186 14 car -1 -1 -10 0 182 42 227 -1 -1 -1 -1000 -1000 -1000 -10 0.985826
186 18 car -1 -1 -10 52 173 154 219 -1 -1 -1 -1000 -1000 -1000 -10 0.999336
186 19 car -1 -1 -10 155 180 225 212 -1 -1 -1 -1000 -1000 -1000 -10 0.999904
186 20 car -1 -1 -10 427 181 497 239 -1 -1 -1 -1000 -1000 -1000 -10 0.999988
186 21 car -1 -1 -10 226 180 288 209 -1 -1 -1 -1000 -1000 -1000 -10 0.999553
186 22 car -1 -1 -10 524 179 557 206 -1 -1 -1 -1000 -1000 -1000 -10 0.999718
187 0 car -1 -1 -10 577 176 625 224 -1 -1 -1 -1000 -1000 -1000 -10 0.999502
187 18 car -1 -1 -10 29 179 141 222 -1 -1 -1 -1000 -1000 -1000 -10 0.997215
187 19 car -1 -1 -10 142 180 215 213 -1 -1 -1 -1000 -1000 -1000 -10 0.999898
187 20 car -1 -1 -10 403 183 485 249 -1 -1 -1 -1000 -1000 -1000 -10 0.999776
187 21 car -1 -1 -10 218 182 280 210 -1 -1 -1 -1000 -1000 -1000 -10 0.999669
187 22 car -1 -1 -10 518 179 555 208 -1 -1 -1 -1000 -1000 -1000 -10 0.998013
188 0 car -1 -1 -10 578 177 626 224 -1 -1 -1 -1000 -1000 -1000 -10 0.999193
188 18 car -1 -1 -10 3 177 122 227 -1 -1 -1 -1000 -1000 -1000 -10 0.999494
188 19 car -1 -1 -10 127 182 205 215 -1 -1 -1 -1000 -1000 -1000 -10 0.999872
188 20 car -1 -1 -10 367 179 466 268 -1 -1 -1 -1000 -1000 -1000 -10 0.999979
188 21 car -1 -1 -10 207 182 272 211 -1 -1 -1 -1000 -1000 -1000 -10 0.999507
188 22 car -1 -1 -10 514 180 552 210 -1 -1 -1 -1000 -1000 -1000 -10 0.99905
189 0 car -1 -1 -10 579 177 627 224 -1 -1 -1 -1000 -1000 -1000 -10 0.999131
189 18 car -1 -1 -10 0 177 103 230 -1 -1 -1 -1000 -1000 -1000 -10 0.999971
189 19 car -1 -1 -10 111 182 194 217 -1 -1 -1 -1000 -1000 -1000 -10 0.999823
189 20 car -1 -1 -10 313 184 444 284 -1 -1 -1 -1000 -1000 -1000 -10 0.999938
189 21 car -1 -1 -10 194 185 264 212 -1 -1 -1 -1000 -1000 -1000 -10 0.999826
189 22 car -1 -1 -10 509 180 547 213 -1 -1 -1 -1000 -1000 -1000 -10 0.998293
190 0 car -1 -1 -10 581 177 627 225 -1 -1 -1 -1000 -1000 -1000 -10 0.998613
190 18 car -1 -1 -10 0 177 84 235 -1 -1 -1 -1000 -1000 -1000 -10 0.999557
190 19 car -1 -1 -10 92 184 180 221 -1 -1 -1 -1000 -1000 -1000 -10 0.999936
190 20 car -1 -1 -10 225 182 415 313 -1 -1 -1 -1000 -1000 -1000 -10 0.999796
190 21 car -1 -1 -10 185 186 255 215 -1 -1 -1 -1000 -1000 -1000 -10 0.999911
190 22 car -1 -1 -10 501 183 546 216 -1 -1 -1 -1000 -1000 -1000 -10 0.999769
191 0 car -1 -1 -10 582 178 628 226 -1 -1 -1 -1000 -1000 -1000 -10 0.997355
191 18 car -1 -1 -10 0 182 64 238 -1 -1 -1 -1000 -1000 -1000 -10 0.994017
191 19 car -1 -1 -10 71 184 171 223 -1 -1 -1 -1000 -1000 -1000 -10 0.999831
191 20 car -1 -1 -10 76 188 364 374 -1 -1 -1 -1000 -1000 -1000 -10 0.999991
191 21 car -1 -1 -10 175 185 244 217 -1 -1 -1 -1000 -1000 -1000 -10 0.997599
191 22 car -1 -1 -10 492 184 543 220 -1 -1 -1 -1000 -1000 -1000 -10 0.99935
192 0 car -1 -1 -10 585 179 628 224 -1 -1 -1 -1000 -1000 -1000 -10 0.998357
192 14 car -1 -1 -10 0 184 41 224 -1 -1 -1 -1000 -1000 -1000 -10 0.758632
192 19 car -1 -1 -10 53 184 151 226 -1 -1 -1 -1000 -1000 -1000 -10 0.998855
192 20 car -1 -1 -10 0 195 289 374 -1 -1 -1 -1000 -1000 -1000 -10 0.999514
192 21 car -1 -1 -10 157 186 234 221 -1 -1 -1 -1000 -1000 -1000 -10 0.999197
192 22 car -1 -1 -10 483 184 537 225 -1 -1 -1 -1000 -1000 -1000 -10 0.999843
193 0 car -1 -1 -10 585 178 630 224 -1 -1 -1 -1000 -1000 -1000 -10 0.999283
193 19 car -1 -1 -10 28 183 135 228 -1 -1 -1 -1000 -1000 -1000 -10 0.999889
193 20 car -1 -1 -10 0 216 142 372 -1 -1 -1 -1000 -1000 -1000 -10 0.997152
193 21 car -1 -1 -10 141 185 221 221 -1 -1 -1 -1000 -1000 -1000 -10 0.999948
193 22 car -1 -1 -10 472 184 528 229 -1 -1 -1 -1000 -1000 -1000 -10 0.999991
193 23 car -1 -1 -10 546 179 572 200 -1 -1 -1 -1000 -1000 -1000 -10 0.99532
194 0 car -1 -1 -10 586 178 631 224 -1 -1 -1 -1000 -1000 -1000 -10 0.998722
194 19 car -1 -1 -10 0 184 118 229 -1 -1 -1 -1000 -1000 -1000 -10 0.998247
194 21 car -1 -1 -10 128 186 207 223 -1 -1 -1 -1000 -1000 -1000 -10 0.999991
194 22 car -1 -1 -10 456 185 522 235 -1 -1 -1 -1000 -1000 -1000 -10 0.999995
194 23 car -1 -1 -10 543 179 571 202 -1 -1 -1 -1000 -1000 -1000 -10 0.997972
195 0 car -1 -1 -10 586 180 632 223 -1 -1 -1 -1000 -1000 -1000 -10 0.999189
195 19 car -1 -1 -10 0 185 100 234 -1 -1 -1 -1000 -1000 -1000 -10 0.999758
195 21 car -1 -1 -10 109 186 195 223 -1 -1 -1 -1000 -1000 -1000 -10 0.999966
195 22 car -1 -1 -10 438 187 513 244 -1 -1 -1 -1000 -1000 -1000 -10 0.99999
195 23 car -1 -1 -10 542 180 569 203 -1 -1 -1 -1000 -1000 -1000 -10 0.998029
196 0 car -1 -1 -10 587 178 632 223 -1 -1 -1 -1000 -1000 -1000 -10 0.998807
196 19 car -1 -1 -10 0 184 80 234 -1 -1 -1 -1000 -1000 -1000 -10 0.994806
196 21 car -1 -1 -10 90 183 179 224 -1 -1 -1 -1000 -1000 -1000 -10 0.999989
196 22 car -1 -1 -10 407 185 502 254 -1 -1 -1 -1000 -1000 -1000 -10 0.99998
196 23 car -1 -1 -10 540 178 567 204 -1 -1 -1 -1000 -1000 -1000 -10 0.995299
197 0 car -1 -1 -10 588 178 634 223 -1 -1 -1 -1000 -1000 -1000 -10 0.999486
197 19 car -1 -1 -10 0 184 58 229 -1 -1 -1 -1000 -1000 -1000 -10 0.937924
197 21 car -1 -1 -10 66 183 162 225 -1 -1 -1 -1000 -1000 -1000 -10 0.999987
197 22 car -1 -1 -10 368 184 490 269 -1 -1 -1 -1000 -1000 -1000 -10 0.999989
197 23 car -1 -1 -10 538 178 566 204 -1 -1 -1 -1000 -1000 -1000 -10 0.995001
198 0 car -1 -1 -10 588 178 634 223 -1 -1 -1 -1000 -1000 -1000 -10 0.999757
198 14 car -1 -1 -10 0 184 30 227 -1 -1 -1 -1000 -1000 -1000 -10 0.930948
198 21 car -1 -1 -10 42 181 144 226 -1 -1 -1 -1000 -1000 -1000 -10 0.999977
198 22 car -1 -1 -10 307 189 468 283 -1 -1 -1 -1000 -1000 -1000 -10 0.999899
198 23 car -1 -1 -10 534 178 564 204 -1 -1 -1 -1000 -1000 -1000 -10 0.998279
199 0 car -1 -1 -10 588 178 634 223 -1 -1 -1 -1000 -1000 -1000 -10 0.999501
199 21 car -1 -1 -10 17 181 125 228 -1 -1 -1 -1000 -1000 -1000 -10 0.999807
199 22 car -1 -1 -10 215 193 437 323 -1 -1 -1 -1000 -1000 -1000 -10 0.999982
199 23 car -1 -1 -10 530 177 561 206 -1 -1 -1 -1000 -1000 -1000 -10 0.999619
200 0 car -1 -1 -10 588 179 633 223 -1 -1 -1 -1000 -1000 -1000 -10 0.99956
200 21 car -1 -1 -10 0 183 108 229 -1 -1 -1 -1000 -1000 -1000 -10 0.999843
200 22 car -1 -1 -10 15 186 402 375 -1 -1 -1 -1000 -1000 -1000 -10 0.999964
200 23 car -1 -1 -10 525 178 558 210 -1 -1 -1 -1000 -1000 -1000 -10 0.999901
201 0 car -1 -1 -10 588 178 633 222 -1 -1 -1 -1000 -1000 -1000 -10 0.999739
201 21 car -1 -1 -10 0 181 88 229 -1 -1 -1 -1000 -1000 -1000 -10 0.980878
201 22 car -1 -1 -10 0 194 329 375 -1 -1 -1 -1000 -1000 -1000 -10 0.9999
201 23 car -1 -1 -10 520 178 556 210 -1 -1 -1 -1000 -1000 -1000 -10 0.999622
201 24 car -1 -1 -10 552 180 578 200 -1 -1 -1 -1000 -1000 -1000 -10 0.996984
202 0 car -1 -1 -10 589 177 633 221 -1 -1 -1 -1000 -1000 -1000 -10 0.999552
202 19 car -1 -1 -10 0 184 59 229 -1 -1 -1 -1000 -1000 -1000 -10 0.94861
202 22 car -1 -1 -10 0 212 199 364 -1 -1 -1 -1000 -1000 -1000 -10 0.996899
202 23 car -1 -1 -10 512 177 552 210 -1 -1 -1 -1000 -1000 -1000 -10 0.999922
202 24 car -1 -1 -10 551 178 576 200 -1 -1 -1 -1000 -1000 -1000 -10 0.997442
203 0 car -1 -1 -10 588 177 631 219 -1 -1 -1 -1000 -1000 -1000 -10 0.99882
203 14 car -1 -1 -10 0 185 31 237 -1 -1 -1 -1000 -1000 -1000 -10 0.95231
203 23 car -1 -1 -10 505 176 547 211 -1 -1 -1 -1000 -1000 -1000 -10 0.9998
203 24 car -1 -1 -10 547 177 573 200 -1 -1 -1 -1000 -1000 -1000 -10 0.994915
204 0 car -1 -1 -10 587 175 633 217 -1 -1 -1 -1000 -1000 -1000 -10 0.998788
204 23 car -1 -1 -10 497 176 545 215 -1 -1 -1 -1000 -1000 -1000 -10 0.999885
204 24 car -1 -1 -10 545 177 573 201 -1 -1 -1 -1000 -1000 -1000 -10 0.988546
205 0 car -1 -1 -10 587 175 632 218 -1 -1 -1 -1000 -1000 -1000 -10 0.998505
205 23 car -1 -1 -10 486 178 539 219 -1 -1 -1 -1000 -1000 -1000 -10 0.999802
205 24 car -1 -1 -10 542 177 568 202 -1 -1 -1 -1000 -1000 -1000 -10 0.999537
206 0 car -1 -1 -10 587 175 632 216 -1 -1 -1 -1000 -1000 -1000 -10 0.999362
206 23 car -1 -1 -10 474 175 531 222 -1 -1 -1 -1000 -1000 -1000 -10 0.99999
206 24 car -1 -1 -10 539 177 567 203 -1 -1 -1 -1000 -1000 -1000 -10 0.998707
207 0 car -1 -1 -10 587 174 632 214 -1 -1 -1 -1000 -1000 -1000 -10 0.999733
207 23 car -1 -1 -10 459 174 524 226 -1 -1 -1 -1000 -1000 -1000 -10 0.999996
207 24 car -1 -1 -10 534 176 565 202 -1 -1 -1 -1000 -1000 -1000 -10 0.998955
208 0 car -1 -1 -10 587 175 632 215 -1 -1 -1 -1000 -1000 -1000 -10 0.999583
208 23 car -1 -1 -10 439 175 514 236 -1 -1 -1 -1000 -1000 -1000 -10 0.999977
208 24 car -1 -1 -10 531 176 562 205 -1 -1 -1 -1000 -1000 -1000 -10 0.999316
209 0 car -1 -1 -10 590 177 631 219 -1 -1 -1 -1000 -1000 -1000 -10 0.999158
209 23 car -1 -1 -10 407 178 504 249 -1 -1 -1 -1000 -1000 -1000 -10 0.99997
209 24 car -1 -1 -10 524 179 559 209 -1 -1 -1 -1000 -1000 -1000 -10 0.999752
209 25 car -1 -1 -10 404 179 435 196 -1 -1 -1 -1000 -1000 -1000 -10 0.691315
210 0 car -1 -1 -10 589 179 630 220 -1 -1 -1 -1000 -1000 -1000 -10 0.999848
210 23 car -1 -1 -10 370 177 485 270 -1 -1 -1 -1000 -1000 -1000 -10 0.999986
210 24 car -1 -1 -10 517 179 556 214 -1 -1 -1 -1000 -1000 -1000 -10 0.998105
210 25 car -1 -1 -10 396 179 430 197 -1 -1 -1 -1000 -1000 -1000 -10 0.69068
211 0 car -1 -1 -10 589 179 630 220 -1 -1 -1 -1000 -1000 -1000 -10 0.999898
211 23 car -1 -1 -10 307 181 467 287 -1 -1 -1 -1000 -1000 -1000 -10 0.999947
211 24 car -1 -1 -10 511 181 551 216 -1 -1 -1 -1000 -1000 -1000 -10 0.999623
211 25 car -1 -1 -10 392 179 425 199 -1 -1 -1 -1000 -1000 -1000 -10 0.942669
212 0 car -1 -1 -10 590 178 631 219 -1 -1 -1 -1000 -1000 -1000 -10 0.999555
212 23 car -1 -1 -10 210 183 431 320 -1 -1 -1 -1000 -1000 -1000 -10 0.999982
212 24 car -1 -1 -10 502 179 548 217 -1 -1 -1 -1000 -1000 -1000 -10 0.999686
213 0 car -1 -1 -10 586 176 633 217 -1 -1 -1 -1000 -1000 -1000 -10 0.998996
213 23 car -1 -1 -10 0 174 387 375 -1 -1 -1 -1000 -1000 -1000 -10 0.99998
213 24 car -1 -1 -10 491 177 540 219 -1 -1 -1 -1000 -1000 -1000 -10 0.999314
213 26 car -1 -1 -10 547 178 573 200 -1 -1 -1 -1000 -1000 -1000 -10 0.999594
214 0 car -1 -1 -10 586 177 633 216 -1 -1 -1 -1000 -1000 -1000 -10 0.999165
214 23 car -1 -1 -10 0 183 294 374 -1 -1 -1 -1000 -1000 -1000 -10 0.999912
214 24 car -1 -1 -10 479 178 536 224 -1 -1 -1 -1000 -1000 -1000 -10 0.999957
214 26 car -1 -1 -10 543 178 572 201 -1 -1 -1 -1000 -1000 -1000 -10 0.9997
214 27 car -1 -1 -10 384 174 415 196 -1 -1 -1 -1000 -1000 -1000 -10 0.973275
215 0 car -1 -1 -10 589 177 632 216 -1 -1 -1 -1000 -1000 -1000 -10 0.998955
215 24 car -1 -1 -10 463 178 526 230 -1 -1 -1 -1000 -1000 -1000 -10 0.999972
215 26 car -1 -1 -10 542 180 568 202 -1 -1 -1 -1000 -1000 -1000 -10 0.999846
215 27 car -1 -1 -10 382 175 411 196 -1 -1 -1 -1000 -1000 -1000 -10 0.99686
216 0 car -1 -1 -10 590 177 632 216 -1 -1 -1 -1000 -1000 -1000 -10 0.999032
216 24 car -1 -1 -10 443 179 516 239 -1 -1 -1 -1000 -1000 -1000 -10 0.999975
216 26 car -1 -1 -10 539 179 567 204 -1 -1 -1 -1000 -1000 -1000 -10 0.999667
216 27 car -1 -1 -10 377 175 408 197 -1 -1 -1 -1000 -1000 -1000 -10 0.987446
217 0 car -1 -1 -10 591 179 631 218 -1 -1 -1 -1000 -1000 -1000 -10 0.999603
217 24 car -1 -1 -10 412 178 505 252 -1 -1 -1 -1000 -1000 -1000 -10 0.99997
217 26 car -1 -1 -10 536 181 564 206 -1 -1 -1 -1000 -1000 -1000 -10 0.998933
217 27 car -1 -1 -10 373 175 404 197 -1 -1 -1 -1000 -1000 -1000 -10 0.96801
218 0 car -1 -1 -10 591 179 631 219 -1 -1 -1 -1000 -1000 -1000 -10 0.999823
218 24 car -1 -1 -10 370 178 488 271 -1 -1 -1 -1000 -1000 -1000 -10 0.999973
218 26 car -1 -1 -10 529 180 563 209 -1 -1 -1 -1000 -1000 -1000 -10 0.997295
218 27 car -1 -1 -10 369 177 400 198 -1 -1 -1 -1000 -1000 -1000 -10 0.99417
219 0 car -1 -1 -10 590 180 631 220 -1 -1 -1 -1000 -1000 -1000 -10 0.999914
219 24 car -1 -1 -10 303 182 464 295 -1 -1 -1 -1000 -1000 -1000 -10 0.999972
219 26 car -1 -1 -10 526 183 561 214 -1 -1 -1 -1000 -1000 -1000 -10 0.999364
219 27 car -1 -1 -10 362 178 396 201 -1 -1 -1 -1000 -1000 -1000 -10 0.988787
220 0 car -1 -1 -10 590 182 631 221 -1 -1 -1 -1000 -1000 -1000 -10 0.999915
220 24 car -1 -1 -10 187 187 423 340 -1 -1 -1 -1000 -1000 -1000 -10 0.999986
220 26 car -1 -1 -10 520 185 557 217 -1 -1 -1 -1000 -1000 -1000 -10 0.999901
220 27 car -1 -1 -10 360 179 393 202 -1 -1 -1 -1000 -1000 -1000 -10 0.994966
221 0 car -1 -1 -10 590 181 631 221 -1 -1 -1 -1000 -1000 -1000 -10 0.999931
221 24 car -1 -1 -10 0 188 376 374 -1 -1 -1 -1000 -1000 -1000 -10 0.999956
221 26 car -1 -1 -10 514 184 554 219 -1 -1 -1 -1000 -1000 -1000 -10 0.999972
221 27 car -1 -1 -10 354 179 388 202 -1 -1 -1 -1000 -1000 -1000 -10 0.995581
222 0 car -1 -1 -10 591 180 631 220 -1 -1 -1 -1000 -1000 -1000 -10 0.999937
222 23 car -1 -1 -10 0 188 244 374 -1 -1 -1 -1000 -1000 -1000 -10 0.999837
222 26 car -1 -1 -10 505 184 551 222 -1 -1 -1 -1000 -1000 -1000 -10 0.999841
222 27 car -1 -1 -10 350 179 383 203 -1 -1 -1 -1000 -1000 -1000 -10 0.999699
223 0 car -1 -1 -10 591 179 631 219 -1 -1 -1 -1000 -1000 -1000 -10 0.999902
223 26 car -1 -1 -10 494 183 546 226 -1 -1 -1 -1000 -1000 -1000 -10 0.999851
223 27 car -1 -1 -10 343 178 378 202 -1 -1 -1 -1000 -1000 -1000 -10 0.999393
224 0 car -1 -1 -10 591 179 631 219 -1 -1 -1 -1000 -1000 -1000 -10 0.999924
224 26 car -1 -1 -10 484 184 540 229 -1 -1 -1 -1000 -1000 -1000 -10 0.999988
224 27 car -1 -1 -10 338 178 373 203 -1 -1 -1 -1000 -1000 -1000 -10 0.999919
225 0 car -1 -1 -10 591 179 631 218 -1 -1 -1 -1000 -1000 -1000 -10 0.999926
225 26 car -1 -1 -10 468 184 531 236 -1 -1 -1 -1000 -1000 -1000 -10 0.999992
225 27 car -1 -1 -10 332 177 368 203 -1 -1 -1 -1000 -1000 -1000 -10 0.999614
226 0 car -1 -1 -10 592 177 631 217 -1 -1 -1 -1000 -1000 -1000 -10 0.999755
226 26 car -1 -1 -10 448 184 524 244 -1 -1 -1 -1000 -1000 -1000 -10 0.999984
226 27 car -1 -1 -10 325 177 363 203 -1 -1 -1 -1000 -1000 -1000 -10 0.9999
226 28 car -1 -1 -10 550 178 576 202 -1 -1 -1 -1000 -1000 -1000 -10 0.994516
227 0 car -1 -1 -10 592 177 631 217 -1 -1 -1 -1000 -1000 -1000 -10 0.999817
227 26 car -1 -1 -10 416 182 511 258 -1 -1 -1 -1000 -1000 -1000 -10 0.999992
227 27 car -1 -1 -10 318 176 357 203 -1 -1 -1 -1000 -1000 -1000 -10 0.999938
227 28 car -1 -1 -10 546 178 573 202 -1 -1 -1 -1000 -1000 -1000 -10 0.992743
228 0 car -1 -1 -10 591 177 631 216 -1 -1 -1 -1000 -1000 -1000 -10 0.999653
228 26 car -1 -1 -10 370 187 493 278 -1 -1 -1 -1000 -1000 -1000 -10 0.999961
228 27 car -1 -1 -10 309 176 350 203 -1 -1 -1 -1000 -1000 -1000 -10 0.999839
228 28 car -1 -1 -10 541 179 571 204 -1 -1 -1 -1000 -1000 -1000 -10 0.995444
229 0 car -1 -1 -10 591 179 631 217 -1 -1 -1 -1000 -1000 -1000 -10 0.999846
229 26 car -1 -1 -10 305 188 472 305 -1 -1 -1 -1000 -1000 -1000 -10 0.999972
229 27 car -1 -1 -10 298 177 342 204 -1 -1 -1 -1000 -1000 -1000 -10 0.99991
229 28 car -1 -1 -10 537 180 567 206 -1 -1 -1 -1000 -1000 -1000 -10 0.997238
230 0 car -1 -1 -10 588 178 631 215 -1 -1 -1 -1000 -1000 -1000 -10 0.99954
230 26 car -1 -1 -10 169 196 442 355 -1 -1 -1 -1000 -1000 -1000 -10 0.999958
230 27 car -1 -1 -10 290 177 334 207 -1 -1 -1 -1000 -1000 -1000 -10 0.999545
230 28 car -1 -1 -10 530 179 564 207 -1 -1 -1 -1000 -1000 -1000 -10 0.999154
231 0 car -1 -1 -10 589 177 629 216 -1 -1 -1 -1000 -1000 -1000 -10 0.999873
231 24 car -1 -1 -10 0 194 381 375 -1 -1 -1 -1000 -1000 -1000 -10 0.999887
231 27 car -1 -1 -10 278 175 324 205 -1 -1 -1 -1000 -1000 -1000 -10 0.999821
231 28 car -1 -1 -10 525 179 559 210 -1 -1 -1 -1000 -1000 -1000 -10 0.999928
232 0 car -1 -1 -10 589 179 626 218 -1 -1 -1 -1000 -1000 -1000 -10 0.999974
232 23 car -1 -1 -10 0 215 246 372 -1 -1 -1 -1000 -1000 -1000 -10 0.999303
232 27 car -1 -1 -10 266 177 315 208 -1 -1 -1 -1000 -1000 -1000 -10 0.999886
232 28 car -1 -1 -10 517 180 555 213 -1 -1 -1 -1000 -1000 -1000 -10 0.999644
233 0 car -1 -1 -10 589 179 625 218 -1 -1 -1 -1000 -1000 -1000 -10 0.999972
233 27 car -1 -1 -10 254 178 306 209 -1 -1 -1 -1000 -1000 -1000 -10 0.999882
233 28 car -1 -1 -10 507 181 552 217 -1 -1 -1 -1000 -1000 -1000 -10 0.999937
234 0 car -1 -1 -10 587 177 624 215 -1 -1 -1 -1000 -1000 -1000 -10 0.999956
234 27 car -1 -1 -10 241 176 295 208 -1 -1 -1 -1000 -1000 -1000 -10 0.999837
234 28 car -1 -1 -10 496 180 547 218 -1 -1 -1 -1000 -1000 -1000 -10 0.999868
235 0 car -1 -1 -10 586 177 623 214 -1 -1 -1 -1000 -1000 -1000 -10 0.999982
235 27 car -1 -1 -10 226 175 283 208 -1 -1 -1 -1000 -1000 -1000 -10 0.999666
235 28 car -1 -1 -10 485 179 539 221 -1 -1 -1 -1000 -1000 -1000 -10 0.999972
236 0 car -1 -1 -10 586 177 622 215 -1 -1 -1 -1000 -1000 -1000 -10 0.999973
236 27 car -1 -1 -10 212 175 272 210 -1 -1 -1 -1000 -1000 -1000 -10 0.999946
236 28 car -1 -1 -10 470 179 530 228 -1 -1 -1 -1000 -1000 -1000 -10 0.99999
237 0 car -1 -1 -10 585 177 621 215 -1 -1 -1 -1000 -1000 -1000 -10 0.999967
237 27 car -1 -1 -10 195 176 260 212 -1 -1 -1 -1000 -1000 -1000 -10 0.999983
237 28 car -1 -1 -10 452 181 520 236 -1 -1 -1 -1000 -1000 -1000 -10 0.999927
238 0 car -1 -1 -10 585 177 620 215 -1 -1 -1 -1000 -1000 -1000 -10 0.999978
238 27 car -1 -1 -10 179 175 245 213 -1 -1 -1 -1000 -1000 -1000 -10 0.999979
238 28 car -1 -1 -10 424 181 510 247 -1 -1 -1 -1000 -1000 -1000 -10 0.999898
239 0 car -1 -1 -10 585 177 621 214 -1 -1 -1 -1000 -1000 -1000 -10 0.999975
239 27 car -1 -1 -10 160 175 232 215 -1 -1 -1 -1000 -1000 -1000 -10 0.999992
239 28 car -1 -1 -10 391 176 490 265 -1 -1 -1 -1000 -1000 -1000 -10 0.999989
240 0 car -1 -1 -10 586 177 620 215 -1 -1 -1 -1000 -1000 -1000 -10 0.999977
240 27 car -1 -1 -10 140 175 218 217 -1 -1 -1 -1000 -1000 -1000 -10 0.999988
240 28 car -1 -1 -10 337 181 472 281 -1 -1 -1 -1000 -1000 -1000 -10 0.999791
240 29 car -1 -1 -10 401 180 433 197 -1 -1 -1 -1000 -1000 -1000 -10 0.788958
241 0 car -1 -1 -10 585 177 620 215 -1 -1 -1 -1000 -1000 -1000 -10 0.999982
241 27 car -1 -1 -10 117 177 202 219 -1 -1 -1 -1000 -1000 -1000 -10 0.999939
241 28 car -1 -1 -10 245 187 450 315 -1 -1 -1 -1000 -1000 -1000 -10 0.999514
241 29 car -1 -1 -10 397 180 424 197 -1 -1 -1 -1000 -1000 -1000 -10 0.962973
242 0 car -1 -1 -10 585 177 620 215 -1 -1 -1 -1000 -1000 -1000 -10 0.999985
242 27 car -1 -1 -10 93 176 185 221 -1 -1 -1 -1000 -1000 -1000 -10 0.999835
242 28 car -1 -1 -10 66 183 405 372 -1 -1 -1 -1000 -1000 -1000 -10 0.999794
242 29 car -1 -1 -10 393 181 418 196 -1 -1 -1 -1000 -1000 -1000 -10 0.912983
243 0 car -1 -1 -10 585 178 620 215 -1 -1 -1 -1000 -1000 -1000 -10 0.999979
243 27 car -1 -1 -10 62 174 167 230 -1 -1 -1 -1000 -1000 -1000 -10 0.967671
243 28 car -1 -1 -10 0 184 324 375 -1 -1 -1 -1000 -1000 -1000 -10 0.999872
244 0 car -1 -1 -10 585 178 620 215 -1 -1 -1 -1000 -1000 -1000 -10 0.999979
244 27 car -1 -1 -10 35 171 142 229 -1 -1 -1 -1000 -1000 -1000 -10 0.999689
244 29 car -1 -1 -10 384 182 411 197 -1 -1 -1 -1000 -1000 -1000 -10 0.953248
244 30 car -1 -1 -10 0 206 156 367 -1 -1 -1 -1000 -1000 -1000 -10 0.994952
245 0 car -1 -1 -10 585 178 619 215 -1 -1 -1 -1000 -1000 -1000 -10 0.999981
245 27 car -1 -1 -10 1 172 119 233 -1 -1 -1 -1000 -1000 -1000 -10 0.99995
245 29 car -1 -1 -10 380 182 405 198 -1 -1 -1 -1000 -1000 -1000 -10 0.964261
246 0 car -1 -1 -10 585 177 620 214 -1 -1 -1 -1000 -1000 -1000 -10 0.99999
246 27 car -1 -1 -10 0 168 96 238 -1 -1 -1 -1000 -1000 -1000 -10 0.999883
246 29 car -1 -1 -10 374 180 403 198 -1 -1 -1 -1000 -1000 -1000 -10 0.994763
247 0 car -1 -1 -10 584 178 619 214 -1 -1 -1 -1000 -1000 -1000 -10 0.999984
247 27 car -1 -1 -10 0 170 63 240 -1 -1 -1 -1000 -1000 -1000 -10 0.984216
247 29 car -1 -1 -10 368 180 397 199 -1 -1 -1 -1000 -1000 -1000 -10 0.992653
248 0 car -1 -1 -10 583 179 619 215 -1 -1 -1 -1000 -1000 -1000 -10 0.999928
248 27 car -1 -1 -10 0 175 28 235 -1 -1 -1 -1000 -1000 -1000 -10 0.62015
248 29 car -1 -1 -10 362 182 393 200 -1 -1 -1 -1000 -1000 -1000 -10 0.997006
249 0 car -1 -1 -10 584 180 620 217 -1 -1 -1 -1000 -1000 -1000 -10 0.99995
249 29 car -1 -1 -10 356 182 388 202 -1 -1 -1 -1000 -1000 -1000 -10 0.995851
249 31 car -1 -1 -10 543 181 571 203 -1 -1 -1 -1000 -1000 -1000 -10 0.994303
250 0 car -1 -1 -10 583 180 621 216 -1 -1 -1 -1000 -1000 -1000 -10 0.999892
250 29 car -1 -1 -10 350 183 383 203 -1 -1 -1 -1000 -1000 -1000 -10 0.998869
250 31 car -1 -1 -10 542 182 569 203 -1 -1 -1 -1000 -1000 -1000 -10 0.998367
251 0 car -1 -1 -10 584 179 619 215 -1 -1 -1 -1000 -1000 -1000 -10 0.999907
251 29 car -1 -1 -10 343 183 379 202 -1 -1 -1 -1000 -1000 -1000 -10 0.889695
251 31 car -1 -1 -10 539 181 568 203 -1 -1 -1 -1000 -1000 -1000 -10 0.999146
252 0 car -1 -1 -10 584 179 619 215 -1 -1 -1 -1000 -1000 -1000 -10 0.999921
252 29 car -1 -1 -10 340 187 370 203 -1 -1 -1 -1000 -1000 -1000 -10 0.592489
252 31 car -1 -1 -10 535 180 566 204 -1 -1 -1 -1000 -1000 -1000 -10 0.998402
253 0 car -1 -1 -10 585 178 619 214 -1 -1 -1 -1000 -1000 -1000 -10 0.999962
253 29 car -1 -1 -10 329 184 364 206 -1 -1 -1 -1000 -1000 -1000 -10 0.846393
253 31 car -1 -1 -10 531 180 561 205 -1 -1 -1 -1000 -1000 -1000 -10 0.991602
253 32 car -1 -1 -10 266 192 296 207 -1 -1 -1 -1000 -1000 -1000 -10 0.306113
254 0 car -1 -1 -10 585 178 620 215 -1 -1 -1 -1000 -1000 -1000 -10 0.999976
254 31 car -1 -1 -10 527 179 559 208 -1 -1 -1 -1000 -1000 -1000 -10 0.997778
254 33 car -1 -1 -10 318 182 357 207 -1 -1 -1 -1000 -1000 -1000 -10 0.667918
254 34 car -1 -1 -10 547 179 571 198 -1 -1 -1 -1000 -1000 -1000 -10 0.503227
255 0 car -1 -1 -10 585 178 620 214 -1 -1 -1 -1000 -1000 -1000 -10 0.999968
255 29 car -1 -1 -10 312 189 354 209 -1 -1 -1 -1000 -1000 -1000 -10 0.712861
255 31 car -1 -1 -10 521 180 557 210 -1 -1 -1 -1000 -1000 -1000 -10 0.999368
255 34 car -1 -1 -10 544 179 570 201 -1 -1 -1 -1000 -1000 -1000 -10 0.96578
256 0 car -1 -1 -10 585 179 619 215 -1 -1 -1 -1000 -1000 -1000 -10 0.999833
256 29 car -1 -1 -10 300 184 346 208 -1 -1 -1 -1000 -1000 -1000 -10 0.684403
256 31 car -1 -1 -10 516 181 552 212 -1 -1 -1 -1000 -1000 -1000 -10 0.999367
256 34 car -1 -1 -10 542 180 568 202 -1 -1 -1 -1000 -1000 -1000 -10 0.991779
257 0 car -1 -1 -10 585 179 620 215 -1 -1 -1 -1000 -1000 -1000 -10 0.999915
257 29 car -1 -1 -10 292 185 337 208 -1 -1 -1 -1000 -1000 -1000 -10 0.997599
257 31 car -1 -1 -10 511 180 547 214 -1 -1 -1 -1000 -1000 -1000 -10 0.99822
257 34 car -1 -1 -10 540 180 567 203 -1 -1 -1 -1000 -1000 -1000 -10 0.992832
257 35 car -1 -1 -10 379 183 407 199 -1 -1 -1 -1000 -1000 -1000 -10 0.891277
258 0 car -1 -1 -10 586 175 620 211 -1 -1 -1 -1000 -1000 -1000 -10 0.99998
258 29 car -1 -1 -10 283 182 330 207 -1 -1 -1 -1000 -1000 -1000 -10 0.999715
258 31 car -1 -1 -10 501 177 546 214 -1 -1 -1 -1000 -1000 -1000 -10 0.999763
258 34 car -1 -1 -10 536 176 566 201 -1 -1 -1 -1000 -1000 -1000 -10 0.995673
258 35 car -1 -1 -10 374 178 402 197 -1 -1 -1 -1000 -1000 -1000 -10 0.988444
259 0 car -1 -1 -10 586 173 620 209 -1 -1 -1 -1000 -1000 -1000 -10 0.999982
259 29 car -1 -1 -10 272 181 321 205 -1 -1 -1 -1000 -1000 -1000 -10 0.999628
259 31 car -1 -1 -10 491 176 544 214 -1 -1 -1 -1000 -1000 -1000 -10 0.997749
259 34 car -1 -1 -10 533 176 565 201 -1 -1 -1 -1000 -1000 -1000 -10 0.98876
259 35 car -1 -1 -10 367 177 398 195 -1 -1 -1 -1000 -1000 -1000 -10 0.988022
260 0 car -1 -1 -10 586 177 621 213 -1 -1 -1 -1000 -1000 -1000 -10 0.999976
260 29 car -1 -1 -10 260 182 312 209 -1 -1 -1 -1000 -1000 -1000 -10 0.999828
260 31 car -1 -1 -10 481 176 537 223 -1 -1 -1 -1000 -1000 -1000 -10 0.999971
260 34 car -1 -1 -10 529 180 560 203 -1 -1 -1 -1000 -1000 -1000 -10 0.999082
260 35 car -1 -1 -10 362 180 393 198 -1 -1 -1 -1000 -1000 -1000 -10 0.998815
260 36 car -1 -1 -10 384 178 412 195 -1 -1 -1 -1000 -1000 -1000 -10 0.839706
261 0 car -1 -1 -10 586 178 621 214 -1 -1 -1 -1000 -1000 -1000 -10 0.99997
261 29 car -1 -1 -10 248 183 302 210 -1 -1 -1 -1000 -1000 -1000 -10 0.999901
261 31 car -1 -1 -10 466 179 528 229 -1 -1 -1 -1000 -1000 -1000 -10 0.999982
261 34 car -1 -1 -10 525 181 557 205 -1 -1 -1 -1000 -1000 -1000 -10 0.998414
261 35 car -1 -1 -10 356 181 388 200 -1 -1 -1 -1000 -1000 -1000 -10 0.992788
261 37 car -1 -1 -10 378 181 408 196 -1 -1 -1 -1000 -1000 -1000 -10 0.839164
262 0 car -1 -1 -10 586 177 622 213 -1 -1 -1 -1000 -1000 -1000 -10 0.999979
262 29 car -1 -1 -10 237 180 289 210 -1 -1 -1 -1000 -1000 -1000 -10 0.999944
262 31 car -1 -1 -10 448 177 519 235 -1 -1 -1 -1000 -1000 -1000 -10 0.999971
262 34 car -1 -1 -10 521 179 555 205 -1 -1 -1 -1000 -1000 -1000 -10 0.998127
262 35 car -1 -1 -10 350 179 383 198 -1 -1 -1 -1000 -1000 -1000 -10 0.9986
262 36 car -1 -1 -10 374 177 402 195 -1 -1 -1 -1000 -1000 -1000 -10 0.990026
263 0 car -1 -1 -10 587 175 621 211 -1 -1 -1 -1000 -1000 -1000 -10 0.999982
263 29 car -1 -1 -10 220 180 279 208 -1 -1 -1 -1000 -1000 -1000 -10 0.999889
263 31 car -1 -1 -10 421 174 507 245 -1 -1 -1 -1000 -1000 -1000 -10 0.999959
263 34 car -1 -1 -10 513 179 551 206 -1 -1 -1 -1000 -1000 -1000 -10 0.999715
263 35 car -1 -1 -10 341 175 377 197 -1 -1 -1 -1000 -1000 -1000 -10 0.993862
263 38 car -1 -1 -10 367 175 400 193 -1 -1 -1 -1000 -1000 -1000 -10 0.989527
264 0 car -1 -1 -10 586 173 621 209 -1 -1 -1 -1000 -1000 -1000 -10 0.999986
264 29 car -1 -1 -10 205 178 266 208 -1 -1 -1 -1000 -1000 -1000 -10 0.999016
264 31 car -1 -1 -10 387 172 491 259 -1 -1 -1 -1000 -1000 -1000 -10 0.999985
264 34 car -1 -1 -10 507 178 547 207 -1 -1 -1 -1000 -1000 -1000 -10 0.998304
264 35 car -1 -1 -10 334 175 372 196 -1 -1 -1 -1000 -1000 -1000 -10 0.998297
264 38 car -1 -1 -10 358 174 394 193 -1 -1 -1 -1000 -1000 -1000 -10 0.995198
264 39 car -1 -1 -10 540 173 566 196 -1 -1 -1 -1000 -1000 -1000 -10 0.995452
265 0 car -1 -1 -10 586 174 620 210 -1 -1 -1 -1000 -1000 -1000 -10 0.999981
265 29 car -1 -1 -10 185 179 250 210 -1 -1 -1 -1000 -1000 -1000 -10 0.999797
265 31 car -1 -1 -10 335 179 470 280 -1 -1 -1 -1000 -1000 -1000 -10 0.999576
265 34 car -1 -1 -10 497 177 542 210 -1 -1 -1 -1000 -1000 -1000 -10 0.999835
265 35 car -1 -1 -10 326 175 364 196 -1 -1 -1 -1000 -1000 -1000 -10 0.989595
265 38 car -1 -1 -10 354 174 389 194 -1 -1 -1 -1000 -1000 -1000 -10 0.933844
265 39 car -1 -1 -10 536 173 564 198 -1 -1 -1 -1000 -1000 -1000 -10 0.997794
266 0 car -1 -1 -10 585 175 620 210 -1 -1 -1 -1000 -1000 -1000 -10 0.999985
266 29 car -1 -1 -10 168 179 232 211 -1 -1 -1 -1000 -1000 -1000 -10 0.999977
266 31 car -1 -1 -10 252 180 442 303 -1 -1 -1 -1000 -1000 -1000 -10 0.999934
266 34 car -1 -1 -10 488 177 536 214 -1 -1 -1 -1000 -1000 -1000 -10 0.998503
266 38 car -1 -1 -10 343 171 385 190 -1 -1 -1 -1000 -1000 -1000 -10 0.800141
266 39 car -1 -1 -10 531 172 562 199 -1 -1 -1 -1000 -1000 -1000 -10 0.995446
267 0 car -1 -1 -10 585 174 619 211 -1 -1 -1 -1000 -1000 -1000 -10 0.999991
267 29 car -1 -1 -10 146 179 223 213 -1 -1 -1 -1000 -1000 -1000 -10 0.999867
267 31 car -1 -1 -10 72 171 410 374 -1 -1 -1 -1000 -1000 -1000 -10 0.999858
267 34 car -1 -1 -10 474 178 532 219 -1 -1 -1 -1000 -1000 -1000 -10 0.999877
267 39 car -1 -1 -10 528 174 558 201 -1 -1 -1 -1000 -1000 -1000 -10 0.997829
267 40 car -1 -1 -10 337 174 374 195 -1 -1 -1 -1000 -1000 -1000 -10 0.932588
267 41 car -1 -1 -10 311 179 350 198 -1 -1 -1 -1000 -1000 -1000 -10 0.499595
268 0 car -1 -1 -10 585 174 619 211 -1 -1 -1 -1000 -1000 -1000 -10 0.999991
268 29 car -1 -1 -10 118 176 196 210 -1 -1 -1 -1000 -1000 -1000 -10 0.718196
268 31 car -1 -1 -10 0 183 342 374 -1 -1 -1 -1000 -1000 -1000 -10 0.999507
268 34 car -1 -1 -10 460 178 521 225 -1 -1 -1 -1000 -1000 -1000 -10 0.999986
268 39 car -1 -1 -10 524 174 557 204 -1 -1 -1 -1000 -1000 -1000 -10 0.999395
268 40 car -1 -1 -10 332 175 370 196 -1 -1 -1 -1000 -1000 -1000 -10 0.976207
268 42 car -1 -1 -10 299 177 341 200 -1 -1 -1 -1000 -1000 -1000 -10 0.999295
269 0 car -1 -1 -10 585 174 620 211 -1 -1 -1 -1000 -1000 -1000 -10 0.999985
269 29 car -1 -1 -10 98 181 179 217 -1 -1 -1 -1000 -1000 -1000 -10 0.999949
269 31 car -1 -1 -10 0 199 211 369 -1 -1 -1 -1000 -1000 -1000 -10 0.999595
269 34 car -1 -1 -10 442 179 512 231 -1 -1 -1 -1000 -1000 -1000 -10 0.999984
269 39 car -1 -1 -10 518 172 554 205 -1 -1 -1 -1000 -1000 -1000 -10 0.999881
269 40 car -1 -1 -10 326 176 364 196 -1 -1 -1 -1000 -1000 -1000 -10 0.99301
269 42 car -1 -1 -10 290 178 335 200 -1 -1 -1 -1000 -1000 -1000 -10 0.999835
270 0 car -1 -1 -10 586 174 620 210 -1 -1 -1 -1000 -1000 -1000 -10 0.999989
270 29 car -1 -1 -10 69 181 160 221 -1 -1 -1 -1000 -1000 -1000 -10 0.999992
270 34 car -1 -1 -10 417 179 501 241 -1 -1 -1 -1000 -1000 -1000 -10 0.999964
270 39 car -1 -1 -10 511 174 551 205 -1 -1 -1 -1000 -1000 -1000 -10 0.999892
270 40 car -1 -1 -10 319 176 357 196 -1 -1 -1 -1000 -1000 -1000 -10 0.985532
270 42 car -1 -1 -10 280 178 327 201 -1 -1 -1 -1000 -1000 -1000 -10 0.999939
271 0 car -1 -1 -10 587 175 621 211 -1 -1 -1 -1000 -1000 -1000 -10 0.999989
271 29 car -1 -1 -10 38 180 137 226 -1 -1 -1 -1000 -1000 -1000 -10 0.999919
271 34 car -1 -1 -10 384 178 486 254 -1 -1 -1 -1000 -1000 -1000 -10 0.999993
271 39 car -1 -1 -10 504 173 548 208 -1 -1 -1 -1000 -1000 -1000 -10 0.99949
271 41 car -1 -1 -10 311 178 353 199 -1 -1 -1 -1000 -1000 -1000 -10 0.999087
271 42 car -1 -1 -10 269 178 317 203 -1 -1 -1 -1000 -1000 -1000 -10 0.999961
271 43 car -1 -1 -10 546 176 571 196 -1 -1 -1 -1000 -1000 -1000 -10 0.994843
272 0 car -1 -1 -10 588 175 621 211 -1 -1 -1 -1000 -1000 -1000 -10 0.999985
272 29 car -1 -1 -10 0 177 111 232 -1 -1 -1 -1000 -1000 -1000 -10 0.99974
272 34 car -1 -1 -10 335 181 470 272 -1 -1 -1 -1000 -1000 -1000 -10 0.999917
272 39 car -1 -1 -10 496 173 545 212 -1 -1 -1 -1000 -1000 -1000 -10 0.999866
272 41 car -1 -1 -10 301 178 345 199 -1 -1 -1 -1000 -1000 -1000 -10 0.998391
272 42 car -1 -1 -10 259 178 307 204 -1 -1 -1 -1000 -1000 -1000 -10 0.999952
272 43 car -1 -1 -10 543 175 570 197 -1 -1 -1 -1000 -1000 -1000 -10 0.997804
273 0 car -1 -1 -10 588 175 622 211 -1 -1 -1 -1000 -1000 -1000 -10 0.999988
273 29 car -1 -1 -10 0 179 85 233 -1 -1 -1 -1000 -1000 -1000 -10 0.993299
273 34 car -1 -1 -10 263 182 441 298 -1 -1 -1 -1000 -1000 -1000 -10 0.99996
273 39 car -1 -1 -10 489 172 540 216 -1 -1 -1 -1000 -1000 -1000 -10 0.999757
273 41 car -1 -1 -10 288 177 338 203 -1 -1 -1 -1000 -1000 -1000 -10 0.99811
273 42 car -1 -1 -10 246 178 298 205 -1 -1 -1 -1000 -1000 -1000 -10 0.999844
273 43 car -1 -1 -10 540 177 568 198 -1 -1 -1 -1000 -1000 -1000 -10 0.998687
274 0 car -1 -1 -10 588 175 622 211 -1 -1 -1 -1000 -1000 -1000 -10 0.999984
274 29 car -1 -1 -10 0 175 53 236 -1 -1 -1 -1000 -1000 -1000 -10 0.990297
274 34 car -1 -1 -10 119 183 411 350 -1 -1 -1 -1000 -1000 -1000 -10 0.999992
274 39 car -1 -1 -10 480 173 534 219 -1 -1 -1 -1000 -1000 -1000 -10 0.999961
274 41 car -1 -1 -10 279 176 332 203 -1 -1 -1 -1000 -1000 -1000 -10 0.986092
274 42 car -1 -1 -10 231 180 289 206 -1 -1 -1 -1000 -1000 -1000 -10 0.997576
274 43 car -1 -1 -10 538 178 567 200 -1 -1 -1 -1000 -1000 -1000 -10 0.999386
275 0 car -1 -1 -10 589 175 623 212 -1 -1 -1 -1000 -1000 -1000 -10 0.999991
275 34 car -1 -1 -10 0 186 353 375 -1 -1 -1 -1000 -1000 -1000 -10 0.999855
275 39 car -1 -1 -10 462 171 527 226 -1 -1 -1 -1000 -1000 -1000 -10 0.999937
275 41 car -1 -1 -10 265 176 323 202 -1 -1 -1 -1000 -1000 -1000 -10 0.999099
275 42 car -1 -1 -10 217 180 278 206 -1 -1 -1 -1000 -1000 -1000 -10 0.985835
275 43 car -1 -1 -10 534 178 564 202 -1 -1 -1 -1000 -1000 -1000 -10 0.99962
276 0 car -1 -1 -10 589 175 623 212 -1 -1 -1 -1000 -1000 -1000 -10 0.999991
276 34 car -1 -1 -10 0 196 244 374 -1 -1 -1 -1000 -1000 -1000 -10 0.999714
276 39 car -1 -1 -10 444 170 520 233 -1 -1 -1 -1000 -1000 -1000 -10 0.999977
276 41 car -1 -1 -10 256 177 311 204 -1 -1 -1 -1000 -1000 -1000 -10 0.999896
276 42 car -1 -1 -10 201 179 263 210 -1 -1 -1 -1000 -1000 -1000 -10 0.999714
276 43 car -1 -1 -10 530 179 561 203 -1 -1 -1 -1000 -1000 -1000 -10 0.999803
277 0 car -1 -1 -10 588 175 623 212 -1 -1 -1 -1000 -1000 -1000 -10 0.999991
277 39 car -1 -1 -10 416 168 509 244 -1 -1 -1 -1000 -1000 -1000 -10 0.999971
277 41 car -1 -1 -10 242 177 300 205 -1 -1 -1 -1000 -1000 -1000 -10 0.999785
277 42 car -1 -1 -10 184 180 249 210 -1 -1 -1 -1000 -1000 -1000 -10 0.999936
277 43 car -1 -1 -10 525 179 559 204 -1 -1 -1 -1000 -1000 -1000 -10 0.999588
278 0 car -1 -1 -10 588 175 624 212 -1 -1 -1 -1000 -1000 -1000 -10 0.99999
278 39 car -1 -1 -10 385 167 491 258 -1 -1 -1 -1000 -1000 -1000 -10 0.999992
278 41 car -1 -1 -10 226 178 291 206 -1 -1 -1 -1000 -1000 -1000 -10 0.999458
278 42 car -1 -1 -10 166 179 232 212 -1 -1 -1 -1000 -1000 -1000 -10 0.999962
278 43 car -1 -1 -10 520 179 556 205 -1 -1 -1 -1000 -1000 -1000 -10 0.999021
279 0 car -1 -1 -10 588 174 624 212 -1 -1 -1 -1000 -1000 -1000 -10 0.999991
279 39 car -1 -1 -10 334 169 476 274 -1 -1 -1 -1000 -1000 -1000 -10 0.999852
279 41 car -1 -1 -10 212 176 276 208 -1 -1 -1 -1000 -1000 -1000 -10 0.999873
279 42 car -1 -1 -10 144 178 216 215 -1 -1 -1 -1000 -1000 -1000 -10 0.999959
279 43 car -1 -1 -10 512 179 552 208 -1 -1 -1 -1000 -1000 -1000 -10 0.999595
280 0 car -1 -1 -10 589 174 625 212 -1 -1 -1 -1000 -1000 -1000 -10 0.99999
280 39 car -1 -1 -10 261 170 440 301 -1 -1 -1 -1000 -1000 -1000 -10 0.999945
280 41 car -1 -1 -10 193 177 266 210 -1 -1 -1 -1000 -1000 -1000 -10 0.99996
280 42 car -1 -1 -10 121 181 197 216 -1 -1 -1 -1000 -1000 -1000 -10 0.99997
280 43 car -1 -1 -10 504 180 548 211 -1 -1 -1 -1000 -1000 -1000 -10 0.999522
281 0 car -1 -1 -10 590 175 626 212 -1 -1 -1 -1000 -1000 -1000 -10 0.999989
281 39 car -1 -1 -10 102 159 408 360 -1 -1 -1 -1000 -1000 -1000 -10 0.999984
281 41 car -1 -1 -10 169 178 253 214 -1 -1 -1 -1000 -1000 -1000 -10 0.995777
281 42 car -1 -1 -10 93 181 177 218 -1 -1 -1 -1000 -1000 -1000 -10 0.999952
281 43 car -1 -1 -10 494 181 545 215 -1 -1 -1 -1000 -1000 -1000 -10 0.999883
282 0 car -1 -1 -10 590 175 626 212 -1 -1 -1 -1000 -1000 -1000 -10 0.999988
282 39 car -1 -1 -10 0 149 350 375 -1 -1 -1 -1000 -1000 -1000 -10 0.999925
282 41 car -1 -1 -10 157 176 235 212 -1 -1 -1 -1000 -1000 -1000 -10 0.855614
282 43 car -1 -1 -10 484 181 538 219 -1 -1 -1 -1000 -1000 -1000 -10 0.999877
282 44 car -1 -1 -10 49 168 170 231 -1 -1 -1 -1000 -1000 -1000 -10 0.910295
283 0 car -1 -1 -10 590 175 626 212 -1 -1 -1 -1000 -1000 -1000 -10 0.999985
283 34 car -1 -1 -10 0 159 211 368 -1 -1 -1 -1000 -1000 -1000 -10 0.999213
283 41 car -1 -1 -10 132 181 220 217 -1 -1 -1 -1000 -1000 -1000 -10 0.999779
283 43 car -1 -1 -10 471 181 530 224 -1 -1 -1 -1000 -1000 -1000 -10 0.999989
284 0 car -1 -1 -10 590 175 627 213 -1 -1 -1 -1000 -1000 -1000 -10 0.999986
284 41 car -1 -1 -10 106 180 201 220 -1 -1 -1 -1000 -1000 -1000 -10 0.999856
284 43 car -1 -1 -10 457 182 520 230 -1 -1 -1 -1000 -1000 -1000 -10 0.999996
284 45 car -1 -1 -10 0 180 102 232 -1 -1 -1 -1000 -1000 -1000 -10 0.999939
285 0 car -1 -1 -10 590 175 627 213 -1 -1 -1 -1000 -1000 -1000 -10 0.999986
285 41 car -1 -1 -10 72 180 183 222 -1 -1 -1 -1000 -1000 -1000 -10 0.999768
285 43 car -1 -1 -10 434 183 509 240 -1 -1 -1 -1000 -1000 -1000 -10 0.999996
285 45 car -1 -1 -10 0 182 71 236 -1 -1 -1 -1000 -1000 -1000 -10 0.984155
286 0 car -1 -1 -10 590 175 628 213 -1 -1 -1 -1000 -1000 -1000 -10 0.999988
286 41 car -1 -1 -10 39 180 163 226 -1 -1 -1 -1000 -1000 -1000 -10 0.999452
286 43 car -1 -1 -10 402 181 499 252 -1 -1 -1 -1000 -1000 -1000 -10 0.999996
286 45 car -1 -1 -10 0 183 40 230 -1 -1 -1 -1000 -1000 -1000 -10 0.984719
287 0 car -1 -1 -10 590 174 628 213 -1 -1 -1 -1000 -1000 -1000 -10 0.999993
287 41 car -1 -1 -10 1 178 133 229 -1 -1 -1 -1000 -1000 -1000 -10 0.999929
287 43 car -1 -1 -10 358 181 484 269 -1 -1 -1 -1000 -1000 -1000 -10 0.999993
288 0 car -1 -1 -10 591 174 628 212 -1 -1 -1 -1000 -1000 -1000 -10 0.999994
288 41 car -1 -1 -10 0 178 113 229 -1 -1 -1 -1000 -1000 -1000 -10 0.999937
288 43 car -1 -1 -10 293 185 458 288 -1 -1 -1 -1000 -1000 -1000 -10 0.999995
289 0 car -1 -1 -10 590 173 629 212 -1 -1 -1 -1000 -1000 -1000 -10 0.999978
289 41 car -1 -1 -10 0 177 81 229 -1 -1 -1 -1000 -1000 -1000 -10 0.997586
289 43 car -1 -1 -10 180 183 425 332 -1 -1 -1 -1000 -1000 -1000 -10 0.999989
290 0 car -1 -1 -10 591 173 630 212 -1 -1 -1 -1000 -1000 -1000 -10 0.999961
290 41 car -1 -1 -10 0 177 47 231 -1 -1 -1 -1000 -1000 -1000 -10 0.994469
290 43 car -1 -1 -10 0 189 372 375 -1 -1 -1 -1000 -1000 -1000 -10 0.999958
291 0 car -1 -1 -10 591 172 630 211 -1 -1 -1 -1000 -1000 -1000 -10 0.999972
291 43 car -1 -1 -10 0 199 292 375 -1 -1 -1 -1000 -1000 -1000 -10 0.999928
292 0 car -1 -1 -10 592 173 630 211 -1 -1 -1 -1000 -1000 -1000 -10 0.999982
293 0 car -1 -1 -10 591 174 631 212 -1 -1 -1 -1000 -1000 -1000 -10 0.999977
294 0 car -1 -1 -10 591 175 630 214 -1 -1 -1 -1000 -1000 -1000 -10 0.999959
295 0 car -1 -1 -10 591 176 631 215 -1 -1 -1 -1000 -1000 -1000 -10 0.999977
296 0 car -1 -1 -10 592 175 631 214 -1 -1 -1 -1000 -1000 -1000 -10 0.999987
