0 0 car -1 -1 -10 656 182 685 205 -1 -1 -1 -1000 -1000 -1000 -10 0.999784
0 1 car -1 -1 -10 462 180 562 216 -1 -1 -1 -1000 -1000 -1000 -10 0.999638
0 2 car -1 -1 -10 582 187 632 216 -1 -1 -1 -1000 -1000 -1000 -10 0.706606
1 0 car -1 -1 -10 654 181 686 205 -1 -1 -1 -1000 -1000 -1000 -10 0.999536
1 1 car -1 -1 -10 471 180 575 216 -1 -1 -1 -1000 -1000 -1000 -10 0.999683
1 2 car -1 -1 -10 601 185 649 215 -1 -1 -1 -1000 -1000 -1000 -10 0.337457
2 0 car -1 -1 -10 649 182 687 205 -1 -1 -1 -1000 -1000 -1000 -10 0.994214
2 1 car -1 -1 -10 485 181 585 216 -1 -1 -1 -1000 -1000 -1000 -10 0.996607
3 0 car -1 -1 -10 644 182 688 208 -1 -1 -1 -1000 -1000 -1000 -10 0.991629
3 1 car -1 -1 -10 500 181 600 216 -1 -1 -1 -1000 -1000 -1000 -10 0.996337
4 0 car -1 -1 -10 650 181 689 206 -1 -1 -1 -1000 -1000 -1000 -10 0.896292
4 1 car -1 -1 -10 512 182 613 215 -1 -1 -1 -1000 -1000 -1000 -10 0.994777
5 0 car -1 -1 -10 651 182 689 205 -1 -1 -1 -1000 -1000 -1000 -10 0.98927
5 1 car -1 -1 -10 524 182 625 215 -1 -1 -1 -1000 -1000 -1000 -10 0.994045
6 0 car -1 -1 -10 651 183 689 205 -1 -1 -1 -1000 -1000 -1000 -10 0.999013
6 1 car -1 -1 -10 536 181 638 215 -1 -1 -1 -1000 -1000 -1000 -10 0.989941
7 0 car -1 -1 -10 654 182 688 205 -1 -1 -1 -1000 -1000 -1000 -10 0.9994
7 1 car -1 -1 -10 548 182 648 214 -1 -1 -1 -1000 -1000 -1000 -10 0.993108
8 0 car -1 -1 -10 652 182 689 205 -1 -1 -1 -1000 -1000 -1000 -10 0.999549
8 1 car -1 -1 -10 564 181 661 211 -1 -1 -1 -1000 -1000 -1000 -10 0.981509
9 0 car -1 -1 -10 651 181 690 204 -1 -1 -1 -1000 -1000 -1000 -10 0.998024
9 1 car -1 -1 -10 571 180 676 212 -1 -1 -1 -1000 -1000 -1000 -10 0.977653
10 0 car -1 -1 -10 652 182 688 204 -1 -1 -1 -1000 -1000 -1000 -10 0.995109
10 1 car -1 -1 -10 587 182 679 214 -1 -1 -1 -1000 -1000 -1000 -10 0.908211
10 2 car -1 -1 -10 614 183 658 202 -1 -1 -1 -1000 -1000 -1000 -10 0.382814
11 0 car -1 -1 -10 652 182 689 202 -1 -1 -1 -1000 -1000 -1000 -10 0.961772
11 1 car -1 -1 -10 594 180 694 212 -1 -1 -1 -1000 -1000 -1000 -10 0.889504
12 0 car -1 -1 -10 647 184 685 200 -1 -1 -1 -1000 -1000 -1000 -10 0.719086
12 1 car -1 -1 -10 608 179 705 212 -1 -1 -1 -1000 -1000 -1000 -10 0.763766
13 0 car -1 -1 -10 648 182 685 201 -1 -1 -1 -1000 -1000 -1000 -10 0.918114
13 1 car -1 -1 -10 620 179 712 212 -1 -1 -1 -1000 -1000 -1000 -10 0.695549
14 0 car -1 -1 -10 656 182 696 202 -1 -1 -1 -1000 -1000 -1000 -10 0.813765
14 1 car -1 -1 -10 631 179 719 211 -1 -1 -1 -1000 -1000 -1000 -10 0.737843
15 0 car -1 -1 -10 655 180 700 204 -1 -1 -1 -1000 -1000 -1000 -10 0.59728
15 1 car -1 -1 -10 637 177 722 213 -1 -1 -1 -1000 -1000 -1000 -10 0.983646
16 0 car -1 -1 -10 651 182 689 204 -1 -1 -1 -1000 -1000 -1000 -10 0.913327
16 1 car -1 -1 -10 645 178 734 212 -1 -1 -1 -1000 -1000 -1000 -10 0.99619
17 0 car -1 -1 -10 654 182 689 204 -1 -1 -1 -1000 -1000 -1000 -10 0.700414
17 1 car -1 -1 -10 655 179 741 212 -1 -1 -1 -1000 -1000 -1000 -10 0.989281
18 0 car -1 -1 -10 651 183 686 204 -1 -1 -1 -1000 -1000 -1000 -10 0.986384
18 1 car -1 -1 -10 666 181 747 211 -1 -1 -1 -1000 -1000 -1000 -10 0.995116
19 0 car -1 -1 -10 651 182 686 205 -1 -1 -1 -1000 -1000 -1000 -10 0.994286
19 1 car -1 -1 -10 675 181 749 211 -1 -1 -1 -1000 -1000 -1000 -10 0.990626
20 0 car -1 -1 -10 653 182 686 206 -1 -1 -1 -1000 -1000 -1000 -10 0.999009
20 1 car -1 -1 -10 685 180 753 209 -1 -1 -1 -1000 -1000 -1000 -10 0.962224
21 0 car -1 -1 -10 654 181 686 205 -1 -1 -1 -1000 -1000 -1000 -10 0.999568
21 1 car -1 -1 -10 694 180 759 209 -1 -1 -1 -1000 -1000 -1000 -10 0.996107
22 0 car -1 -1 -10 654 181 686 206 -1 -1 -1 -1000 -1000 -1000 -10 0.99971
22 1 car -1 -1 -10 697 180 762 209 -1 -1 -1 -1000 -1000 -1000 -10 0.882344
23 0 car -1 -1 -10 654 181 686 206 -1 -1 -1 -1000 -1000 -1000 -10 0.999595
23 1 car -1 -1 -10 706 181 761 208 -1 -1 -1 -1000 -1000 -1000 -10 0.990846
24 0 car -1 -1 -10 654 182 686 206 -1 -1 -1 -1000 -1000 -1000 -10 0.999441
24 1 car -1 -1 -10 711 182 766 209 -1 -1 -1 -1000 -1000 -1000 -10 0.991761
25 0 car -1 -1 -10 654 181 686 206 -1 -1 -1 -1000 -1000 -1000 -10 0.999353
25 1 car -1 -1 -10 719 183 767 208 -1 -1 -1 -1000 -1000 -1000 -10 0.999036
26 0 car -1 -1 -10 653 181 686 206 -1 -1 -1 -1000 -1000 -1000 -10 0.999353
26 1 car -1 -1 -10 723 182 771 209 -1 -1 -1 -1000 -1000 -1000 -10 0.998873
27 0 car -1 -1 -10 654 181 687 206 -1 -1 -1 -1000 -1000 -1000 -10 0.999145
27 1 car -1 -1 -10 729 182 770 208 -1 -1 -1 -1000 -1000 -1000 -10 0.999916
28 0 car -1 -1 -10 654 181 686 206 -1 -1 -1 -1000 -1000 -1000 -10 0.999054
28 1 car -1 -1 -10 732 181 770 208 -1 -1 -1 -1000 -1000 -1000 -10 0.999957
29 0 car -1 -1 -10 653 181 687 206 -1 -1 -1 -1000 -1000 -1000 -10 0.998749
29 1 car -1 -1 -10 735 181 771 208 -1 -1 -1 -1000 -1000 -1000 -10 0.999949
30 0 car -1 -1 -10 653 181 687 206 -1 -1 -1 -1000 -1000 -1000 -10 0.998914
30 1 car -1 -1 -10 739 181 771 206 -1 -1 -1 -1000 -1000 -1000 -10 0.999893
31 0 car -1 -1 -10 654 181 687 206 -1 -1 -1 -1000 -1000 -1000 -10 0.999077
31 1 car -1 -1 -10 740 182 773 205 -1 -1 -1 -1000 -1000 -1000 -10 0.999566
32 0 car -1 -1 -10 653 181 687 206 -1 -1 -1 -1000 -1000 -1000 -10 0.998809
32 1 car -1 -1 -10 741 183 773 205 -1 -1 -1 -1000 -1000 -1000 -10 0.99992
33 0 car -1 -1 -10 653 181 687 206 -1 -1 -1 -1000 -1000 -1000 -10 0.998716
33 1 car -1 -1 -10 742 183 774 205 -1 -1 -1 -1000 -1000 -1000 -10 0.99995
34 0 car -1 -1 -10 653 181 687 206 -1 -1 -1 -1000 -1000 -1000 -10 0.998898
34 1 car -1 -1 -10 744 182 774 205 -1 -1 -1 -1000 -1000 -1000 -10 0.99996
35 0 car -1 -1 -10 653 181 687 206 -1 -1 -1 -1000 -1000 -1000 -10 0.998851
35 1 car -1 -1 -10 745 182 775 205 -1 -1 -1 -1000 -1000 -1000 -10 0.999938
36 0 car -1 -1 -10 653 181 687 206 -1 -1 -1 -1000 -1000 -1000 -10 0.999005
36 1 car -1 -1 -10 746 182 776 205 -1 -1 -1 -1000 -1000 -1000 -10 0.999914
37 0 car -1 -1 -10 654 181 687 206 -1 -1 -1 -1000 -1000 -1000 -10 0.998677
37 1 car -1 -1 -10 746 182 776 204 -1 -1 -1 -1000 -1000 -1000 -10 0.99992
38 0 car -1 -1 -10 653 181 687 206 -1 -1 -1 -1000 -1000 -1000 -10 0.999033
38 1 car -1 -1 -10 747 182 776 203 -1 -1 -1 -1000 -1000 -1000 -10 0.999928
39 0 car -1 -1 -10 653 181 687 206 -1 -1 -1 -1000 -1000 -1000 -10 0.999059
39 1 car -1 -1 -10 748 183 775 203 -1 -1 -1 -1000 -1000 -1000 -10 0.999904
40 0 car -1 -1 -10 653 181 686 206 -1 -1 -1 -1000 -1000 -1000 -10 0.999161
40 1 car -1 -1 -10 749 183 775 203 -1 -1 -1 -1000 -1000 -1000 -10 0.999829
41 0 car -1 -1 -10 653 181 687 206 -1 -1 -1 -1000 -1000 -1000 -10 0.999139
41 1 car -1 -1 -10 748 183 775 203 -1 -1 -1 -1000 -1000 -1000 -10 0.999823
42 0 car -1 -1 -10 653 181 687 206 -1 -1 -1 -1000 -1000 -1000 -10 0.998876
42 1 car -1 -1 -10 749 183 774 203 -1 -1 -1 -1000 -1000 -1000 -10 0.999813
43 0 car -1 -1 -10 654 181 686 206 -1 -1 -1 -1000 -1000 -1000 -10 0.999166
43 1 car -1 -1 -10 748 183 774 203 -1 -1 -1 -1000 -1000 -1000 -10 0.999826
44 0 car -1 -1 -10 654 181 686 206 -1 -1 -1 -1000 -1000 -1000 -10 0.999238
44 1 car -1 -1 -10 748 184 774 203 -1 -1 -1 -1000 -1000 -1000 -10 0.999819
45 0 car -1 -1 -10 654 181 687 206 -1 -1 -1 -1000 -1000 -1000 -10 0.999122
46 0 car -1 -1 -10 653 181 687 206 -1 -1 -1 -1000 -1000 -1000 -10 0.999385
47 0 car -1 -1 -10 653 181 686 206 -1 -1 -1 -1000 -1000 -1000 -10 0.999251
48 0 car -1 -1 -10 653 181 687 206 -1 -1 -1 -1000 -1000 -1000 -10 0.999219
49 0 car -1 -1 -10 653 181 687 206 -1 -1 -1 -1000 -1000 -1000 -10 0.999324
50 0 car -1 -1 -10 654 181 686 206 -1 -1 -1 -1000 -1000 -1000 -10 0.998964
51 0 car -1 -1 -10 654 181 686 206 -1 -1 -1 -1000 -1000 -1000 -10 0.999137
52 0 car -1 -1 -10 654 181 686 206 -1 -1 -1 -1000 -1000 -1000 -10 0.999389
53 0 car -1 -1 -10 654 181 686 206 -1 -1 -1 -1000 -1000 -1000 -10 0.99956
54 0 car -1 -1 -10 654 181 686 206 -1 -1 -1 -1000 -1000 -1000 -10 0.999619
55 0 car -1 -1 -10 654 181 686 206 -1 -1 -1 -1000 -1000 -1000 -10 0.999611
56 0 car -1 -1 -10 654 181 686 206 -1 -1 -1 -1000 -1000 -1000 -10 0.99956
57 0 car -1 -1 -10 654 181 686 206 -1 -1 -1 -1000 -1000 -1000 -10 0.999703
58 0 car -1 -1 -10 654 181 686 206 -1 -1 -1 -1000 -1000 -1000 -10 0.999552
59 0 car -1 -1 -10 654 181 686 206 -1 -1 -1 -1000 -1000 -1000 -10 0.99958
60 0 car -1 -1 -10 654 181 686 206 -1 -1 -1 -1000 -1000 -1000 -10 0.999619
61 0 car -1 -1 -10 654 181 686 206 -1 -1 -1 -1000 -1000 -1000 -10 0.99954
62 0 car -1 -1 -10 654 181 686 206 -1 -1 -1 -1000 -1000 -1000 -10 0.999617
63 0 car -1 -1 -10 654 181 686 206 -1 -1 -1 -1000 -1000 -1000 -10 0.999494
64 0 car -1 -1 -10 654 181 686 206 -1 -1 -1 -1000 -1000 -1000 -10 0.999628
65 0 car -1 -1 -10 654 181 686 206 -1 -1 -1 -1000 -1000 -1000 -10 0.999656
66 0 car -1 -1 -10 654 181 686 206 -1 -1 -1 -1000 -1000 -1000 -10 0.99958
67 0 car -1 -1 -10 654 181 686 206 -1 -1 -1 -1000 -1000 -1000 -10 0.999645
68 0 car -1 -1 -10 654 181 686 206 -1 -1 -1 -1000 -1000 -1000 -10 0.999615
69 0 car -1 -1 -10 654 181 686 206 -1 -1 -1 -1000 -1000 -1000 -10 0.999625
70 0 car -1 -1 -10 654 181 685 206 -1 -1 -1 -1000 -1000 -1000 -10 0.999649
71 0 car -1 -1 -10 654 181 686 206 -1 -1 -1 -1000 -1000 -1000 -10 0.999701
72 0 car -1 -1 -10 654 181 686 206 -1 -1 -1 -1000 -1000 -1000 -10 0.999686
73 0 car -1 -1 -10 654 181 686 206 -1 -1 -1 -1000 -1000 -1000 -10 0.999637
74 0 car -1 -1 -10 654 181 686 206 -1 -1 -1 -1000 -1000 -1000 -10 0.999675
75 0 car -1 -1 -10 654 181 686 206 -1 -1 -1 -1000 -1000 -1000 -10 0.999683
76 0 car -1 -1 -10 654 181 686 206 -1 -1 -1 -1000 -1000 -1000 -10 0.999697
77 0 car -1 -1 -10 654 181 686 206 -1 -1 -1 -1000 -1000 -1000 -10 0.999724
