0 0 car -1 -1 -10 859 210 1242 375 -1 -1 -1 -1000 -1000 -1000 -10 0.999769
1 0 car -1 -1 -10 901 214 1242 375 -1 -1 -1 -1000 -1000 -1000 -10 0.996975
2 0 car -1 -1 -10 926 220 1242 375 -1 -1 -1 -1000 -1000 -1000 -10 0.999643
3 0 car -1 -1 -10 970 226 1242 372 -1 -1 -1 -1000 -1000 -1000 -10 0.997849
4 0 car -1 -1 -10 1005 226 1242 375 -1 -1 -1 -1000 -1000 -1000 -10 0.435244
5 0 car -1 -1 -10 1085 233 1242 372 -1 -1 -1 -1000 -1000 -1000 -10 0.995599
14 1 pedestrian -1 -1 -10 166 166 194 225 -1 -1 -1 -1000 -1000 -1000 -10 0.88394
14 2 pedestrian -1 -1 -10 793 162 819 230 -1 -1 -1 -1000 -1000 -1000 -10 0.711829
14 3 pedestrian -1 -1 -10 821 166 846 226 -1 -1 -1 -1000 -1000 -1000 -10 0.406783
15 1 pedestrian -1 -1 -10 154 178 182 228 -1 -1 -1 -1000 -1000 -1000 -10 0.902784
15 2 pedestrian -1 -1 -10 802 168 830 231 -1 -1 -1 -1000 -1000 -1000 -10 0.846232
15 3 pedestrian -1 -1 -10 834 168 859 230 -1 -1 -1 -1000 -1000 -1000 -10 0.702317
16 1 pedestrian -1 -1 -10 140 171 170 233 -1 -1 -1 -1000 -1000 -1000 -10 0.920349
16 2 pedestrian -1 -1 -10 809 166 840 238 -1 -1 -1 -1000 -1000 -1000 -10 0.979833
16 3 pedestrian -1 -1 -10 849 166 876 237 -1 -1 -1 -1000 -1000 -1000 -10 0.705892
17 1 pedestrian -1 -1 -10 122 169 150 230 -1 -1 -1 -1000 -1000 -1000 -10 0.953883
17 2 pedestrian -1 -1 -10 821 167 855 240 -1 -1 -1 -1000 -1000 -1000 -10 0.953963
17 3 pedestrian -1 -1 -10 862 165 887 243 -1 -1 -1 -1000 -1000 -1000 -10 0.840726
18 1 pedestrian -1 -1 -10 104 168 131 232 -1 -1 -1 -1000 -1000 -1000 -10 0.969481
18 2 pedestrian -1 -1 -10 836 163 866 245 -1 -1 -1 -1000 -1000 -1000 -10 0.952571
18 3 pedestrian -1 -1 -10 875 165 903 244 -1 -1 -1 -1000 -1000 -1000 -10 0.749318
19 1 pedestrian -1 -1 -10 83 164 111 233 -1 -1 -1 -1000 -1000 -1000 -10 0.901035
19 2 pedestrian -1 -1 -10 847 162 885 246 -1 -1 -1 -1000 -1000 -1000 -10 0.979564
19 3 pedestrian -1 -1 -10 893 167 924 241 -1 -1 -1 -1000 -1000 -1000 -10 0.966437
20 1 pedestrian -1 -1 -10 61 159 90 232 -1 -1 -1 -1000 -1000 -1000 -10 0.9849
20 2 pedestrian -1 -1 -10 865 157 902 245 -1 -1 -1 -1000 -1000 -1000 -10 0.973612
20 3 pedestrian -1 -1 -10 913 160 944 243 -1 -1 -1 -1000 -1000 -1000 -10 0.953469
21 1 pedestrian -1 -1 -10 38 160 67 231 -1 -1 -1 -1000 -1000 -1000 -10 0.985924
21 2 pedestrian -1 -1 -10 878 152 921 248 -1 -1 -1 -1000 -1000 -1000 -10 0.959134
21 3 pedestrian -1 -1 -10 933 154 970 250 -1 -1 -1 -1000 -1000 -1000 -10 0.853836
22 1 pedestrian -1 -1 -10 13 160 43 239 -1 -1 -1 -1000 -1000 -1000 -10 0.822106
22 2 pedestrian -1 -1 -10 893 153 941 255 -1 -1 -1 -1000 -1000 -1000 -10 0.994159
22 3 pedestrian -1 -1 -10 960 153 995 258 -1 -1 -1 -1000 -1000 -1000 -10 0.789543
23 2 pedestrian -1 -1 -10 913 154 965 267 -1 -1 -1 -1000 -1000 -1000 -10 0.981653
23 3 pedestrian -1 -1 -10 979 159 1022 263 -1 -1 -1 -1000 -1000 -1000 -10 0.925876
24 2 pedestrian -1 -1 -10 941 156 992 274 -1 -1 -1 -1000 -1000 -1000 -10 0.870928
24 3 pedestrian -1 -1 -10 1009 158 1050 274 -1 -1 -1 -1000 -1000 -1000 -10 0.749422
25 2 pedestrian -1 -1 -10 964 156 1034 288 -1 -1 -1 -1000 -1000 -1000 -10 0.934062
25 3 pedestrian -1 -1 -10 1041 158 1088 286 -1 -1 -1 -1000 -1000 -1000 -10 0.803779
26 2 pedestrian -1 -1 -10 991 157 1068 291 -1 -1 -1 -1000 -1000 -1000 -10 0.993018
26 3 pedestrian -1 -1 -10 1076 151 1138 296 -1 -1 -1 -1000 -1000 -1000 -10 0.899059
27 2 pedestrian -1 -1 -10 1031 146 1118 299 -1 -1 -1 -1000 -1000 -1000 -10 0.992782
27 3 pedestrian -1 -1 -10 1115 141 1192 309 -1 -1 -1 -1000 -1000 -1000 -10 0.888007
28 2 pedestrian -1 -1 -10 1086 135 1173 311 -1 -1 -1 -1000 -1000 -1000 -10 0.994413
28 3 pedestrian -1 -1 -10 1170 139 1242 313 -1 -1 -1 -1000 -1000 -1000 -10 0.373968
29 2 pedestrian -1 -1 -10 1142 129 1242 337 -1 -1 -1 -1000 -1000 -1000 -10 0.85777
41 4 pedestrian -1 -1 -10 312 177 341 245 -1 -1 -1 -1000 -1000 -1000 -10 0.989299
41 5 pedestrian -1 -1 -10 218 163 244 229 -1 -1 -1 -1000 -1000 -1000 -10 0.964276
42 4 pedestrian -1 -1 -10 295 179 325 248 -1 -1 -1 -1000 -1000 -1000 -10 0.992577
42 5 pedestrian -1 -1 -10 197 168 225 230 -1 -1 -1 -1000 -1000 -1000 -10 0.93001
43 4 pedestrian -1 -1 -10 280 176 311 256 -1 -1 -1 -1000 -1000 -1000 -10 0.978187
43 5 pedestrian -1 -1 -10 174 169 205 234 -1 -1 -1 -1000 -1000 -1000 -10 0.982376
44 4 pedestrian -1 -1 -10 264 174 294 259 -1 -1 -1 -1000 -1000 -1000 -10 0.949464
44 5 pedestrian -1 -1 -10 150 168 187 240 -1 -1 -1 -1000 -1000 -1000 -10 0.991866
45 4 pedestrian -1 -1 -10 241 181 275 263 -1 -1 -1 -1000 -1000 -1000 -10 0.988766
45 5 pedestrian -1 -1 -10 127 170 168 242 -1 -1 -1 -1000 -1000 -1000 -10 0.988367
46 4 pedestrian -1 -1 -10 220 181 256 267 -1 -1 -1 -1000 -1000 -1000 -10 0.99344
46 5 pedestrian -1 -1 -10 104 168 143 245 -1 -1 -1 -1000 -1000 -1000 -10 0.975547
47 4 pedestrian -1 -1 -10 197 181 235 272 -1 -1 -1 -1000 -1000 -1000 -10 0.960416
47 5 pedestrian -1 -1 -10 73 171 115 250 -1 -1 -1 -1000 -1000 -1000 -10 0.990077
48 4 pedestrian -1 -1 -10 165 181 207 280 -1 -1 -1 -1000 -1000 -1000 -10 0.953156
48 5 pedestrian -1 -1 -10 42 168 86 251 -1 -1 -1 -1000 -1000 -1000 -10 0.959932
49 4 pedestrian -1 -1 -10 132 184 178 287 -1 -1 -1 -1000 -1000 -1000 -10 0.982605
49 5 pedestrian -1 -1 -10 8 165 54 255 -1 -1 -1 -1000 -1000 -1000 -10 0.896609
50 4 pedestrian -1 -1 -10 92 182 144 302 -1 -1 -1 -1000 -1000 -1000 -10 0.893323
51 4 pedestrian -1 -1 -10 57 184 104 309 -1 -1 -1 -1000 -1000 -1000 -10 0.729845
51 6 pedestrian -1 -1 -10 381 165 406 233 -1 -1 -1 -1000 -1000 -1000 -10 0.975536
51 7 pedestrian -1 -1 -10 1137 181 1220 312 -1 -1 -1 -1000 -1000 -1000 -10 0.461377
52 6 pedestrian -1 -1 -10 373 167 398 235 -1 -1 -1 -1000 -1000 -1000 -10 0.987981
54 6 pedestrian -1 -1 -10 350 165 376 242 -1 -1 -1 -1000 -1000 -1000 -10 0.990798
55 6 pedestrian -1 -1 -10 339 166 364 243 -1 -1 -1 -1000 -1000 -1000 -10 0.962994
56 6 pedestrian -1 -1 -10 322 166 349 246 -1 -1 -1 -1000 -1000 -1000 -10 0.979705
57 6 pedestrian -1 -1 -10 307 164 336 256 -1 -1 -1 -1000 -1000 -1000 -10 0.960455
58 6 pedestrian -1 -1 -10 286 164 320 249 -1 -1 -1 -1000 -1000 -1000 -10 0.960292
59 6 pedestrian -1 -1 -10 267 162 301 258 -1 -1 -1 -1000 -1000 -1000 -10 0.986689
60 6 pedestrian -1 -1 -10 244 160 281 265 -1 -1 -1 -1000 -1000 -1000 -10 0.993702
61 6 pedestrian -1 -1 -10 220 162 259 270 -1 -1 -1 -1000 -1000 -1000 -10 0.979671
62 6 pedestrian -1 -1 -10 194 163 237 280 -1 -1 -1 -1000 -1000 -1000 -10 0.960352
63 6 pedestrian -1 -1 -10 158 157 213 286 -1 -1 -1 -1000 -1000 -1000 -10 0.913904
64 6 pedestrian -1 -1 -10 121 153 182 294 -1 -1 -1 -1000 -1000 -1000 -10 0.961228
65 6 pedestrian -1 -1 -10 85 152 142 300 -1 -1 -1 -1000 -1000 -1000 -10 0.85299
65 8 car -1 -1 -10 566 154 624 195 -1 -1 -1 -1000 -1000 -1000 -10 0.458703
65 9 pedestrian -1 -1 -10 893 159 922 245 -1 -1 -1 -1000 -1000 -1000 -10 0.73766
66 6 pedestrian -1 -1 -10 38 149 106 316 -1 -1 -1 -1000 -1000 -1000 -10 0.950148
66 9 pedestrian -1 -1 -10 902 157 933 245 -1 -1 -1 -1000 -1000 -1000 -10 0.774342
67 6 pedestrian -1 -1 -10 0 151 66 319 -1 -1 -1 -1000 -1000 -1000 -10 0.741335
67 9 pedestrian -1 -1 -10 913 160 944 246 -1 -1 -1 -1000 -1000 -1000 -10 0.900611
67 10 pedestrian -1 -1 -10 741 155 767 234 -1 -1 -1 -1000 -1000 -1000 -10 0.954327
68 9 pedestrian -1 -1 -10 925 159 958 251 -1 -1 -1 -1000 -1000 -1000 -10 0.813166
68 10 pedestrian -1 -1 -10 746 160 772 238 -1 -1 -1 -1000 -1000 -1000 -10 0.861628
68 11 car -1 -1 -10 556 152 615 198 -1 -1 -1 -1000 -1000 -1000 -10 0.627034
69 9 pedestrian -1 -1 -10 942 167 972 253 -1 -1 -1 -1000 -1000 -1000 -10 0.837136
69 10 pedestrian -1 -1 -10 749 159 775 244 -1 -1 -1 -1000 -1000 -1000 -10 0.986653
69 11 car -1 -1 -10 557 153 613 199 -1 -1 -1 -1000 -1000 -1000 -10 0.973043
69 12 pedestrian -1 -1 -10 297 162 325 243 -1 -1 -1 -1000 -1000 -1000 -10 0.83742
69 13 pedestrian -1 -1 -10 1056 202 1113 306 -1 -1 -1 -1000 -1000 -1000 -10 0.802497
69 14 pedestrian -1 -1 -10 1136 155 1207 286 -1 -1 -1 -1000 -1000 -1000 -10 0.593245
70 9 pedestrian -1 -1 -10 955 165 988 262 -1 -1 -1 -1000 -1000 -1000 -10 0.975345
70 10 pedestrian -1 -1 -10 749 163 778 246 -1 -1 -1 -1000 -1000 -1000 -10 0.981453
70 11 car -1 -1 -10 554 155 612 202 -1 -1 -1 -1000 -1000 -1000 -10 0.996003
70 12 pedestrian -1 -1 -10 285 167 317 245 -1 -1 -1 -1000 -1000 -1000 -10 0.620318
70 15 pedestrian -1 -1 -10 1188 158 1231 286 -1 -1 -1 -1000 -1000 -1000 -10 0.805567
71 9 pedestrian -1 -1 -10 970 161 1005 266 -1 -1 -1 -1000 -1000 -1000 -10 0.975501
71 10 pedestrian -1 -1 -10 755 162 786 250 -1 -1 -1 -1000 -1000 -1000 -10 0.976518
71 11 car -1 -1 -10 548 155 607 203 -1 -1 -1 -1000 -1000 -1000 -10 0.964677
71 12 pedestrian -1 -1 -10 269 171 301 249 -1 -1 -1 -1000 -1000 -1000 -10 0.897013
71 16 pedestrian -1 -1 -10 1134 216 1208 331 -1 -1 -1 -1000 -1000 -1000 -10 0.87809
71 17 pedestrian -1 -1 -10 944 161 974 259 -1 -1 -1 -1000 -1000 -1000 -10 0.871425
71 18 pedestrian -1 -1 -10 351 168 377 241 -1 -1 -1 -1000 -1000 -1000 -10 0.788094
72 9 pedestrian -1 -1 -10 989 158 1027 273 -1 -1 -1 -1000 -1000 -1000 -10 0.802507
72 10 pedestrian -1 -1 -10 759 161 791 251 -1 -1 -1 -1000 -1000 -1000 -10 0.770301
72 11 car -1 -1 -10 546 150 608 201 -1 -1 -1 -1000 -1000 -1000 -10 0.96847
72 12 pedestrian -1 -1 -10 257 170 289 249 -1 -1 -1 -1000 -1000 -1000 -10 0.843978
72 17 pedestrian -1 -1 -10 957 163 989 263 -1 -1 -1 -1000 -1000 -1000 -10 0.879351
72 19 pedestrian -1 -1 -10 1174 211 1242 350 -1 -1 -1 -1000 -1000 -1000 -10 0.397049
73 9 pedestrian -1 -1 -10 1009 161 1052 281 -1 -1 -1 -1000 -1000 -1000 -10 0.839323
73 10 pedestrian -1 -1 -10 768 158 797 254 -1 -1 -1 -1000 -1000 -1000 -10 0.861161
73 11 car -1 -1 -10 542 152 606 204 -1 -1 -1 -1000 -1000 -1000 -10 0.986986
73 12 pedestrian -1 -1 -10 243 162 277 251 -1 -1 -1 -1000 -1000 -1000 -10 0.914718
73 17 pedestrian -1 -1 -10 978 159 1010 269 -1 -1 -1 -1000 -1000 -1000 -10 0.872217
73 20 pedestrian -1 -1 -10 321 169 350 244 -1 -1 -1 -1000 -1000 -1000 -10 0.781564
74 9 pedestrian -1 -1 -10 1036 159 1072 287 -1 -1 -1 -1000 -1000 -1000 -10 0.899608
74 10 pedestrian -1 -1 -10 775 161 806 251 -1 -1 -1 -1000 -1000 -1000 -10 0.938789
74 11 car -1 -1 -10 537 151 596 204 -1 -1 -1 -1000 -1000 -1000 -10 0.964234
74 12 pedestrian -1 -1 -10 224 167 262 256 -1 -1 -1 -1000 -1000 -1000 -10 0.971731
74 17 pedestrian -1 -1 -10 1003 160 1037 271 -1 -1 -1 -1000 -1000 -1000 -10 0.303714
74 20 pedestrian -1 -1 -10 307 171 334 250 -1 -1 -1 -1000 -1000 -1000 -10 0.94217
75 9 pedestrian -1 -1 -10 1056 156 1093 293 -1 -1 -1 -1000 -1000 -1000 -10 0.795957
75 10 pedestrian -1 -1 -10 777 163 814 258 -1 -1 -1 -1000 -1000 -1000 -10 0.805375
75 11 car -1 -1 -10 535 151 595 205 -1 -1 -1 -1000 -1000 -1000 -10 0.98365
75 12 pedestrian -1 -1 -10 211 166 246 258 -1 -1 -1 -1000 -1000 -1000 -10 0.978507
75 20 pedestrian -1 -1 -10 291 168 318 253 -1 -1 -1 -1000 -1000 -1000 -10 0.942564
76 10 pedestrian -1 -1 -10 791 162 829 260 -1 -1 -1 -1000 -1000 -1000 -10 0.913874
76 11 car -1 -1 -10 530 150 594 201 -1 -1 -1 -1000 -1000 -1000 -10 0.982345
76 12 pedestrian -1 -1 -10 192 167 228 261 -1 -1 -1 -1000 -1000 -1000 -10 0.986128
76 20 pedestrian -1 -1 -10 274 167 304 255 -1 -1 -1 -1000 -1000 -1000 -10 0.924663
77 10 pedestrian -1 -1 -10 799 157 848 265 -1 -1 -1 -1000 -1000 -1000 -10 0.930797
77 11 car -1 -1 -10 527 150 593 207 -1 -1 -1 -1000 -1000 -1000 -10 0.979267
77 12 pedestrian -1 -1 -10 173 167 210 263 -1 -1 -1 -1000 -1000 -1000 -10 0.917029
77 20 pedestrian -1 -1 -10 254 169 286 259 -1 -1 -1 -1000 -1000 -1000 -10 0.971185
77 21 pedestrian -1 -1 -10 137 197 172 244 -1 -1 -1 -1000 -1000 -1000 -10 0.590241
78 10 pedestrian -1 -1 -10 815 154 858 270 -1 -1 -1 -1000 -1000 -1000 -10 0.905373
78 11 car -1 -1 -10 524 152 588 208 -1 -1 -1 -1000 -1000 -1000 -10 0.999068
78 12 pedestrian -1 -1 -10 150 171 190 270 -1 -1 -1 -1000 -1000 -1000 -10 0.946557
78 20 pedestrian -1 -1 -10 234 171 272 263 -1 -1 -1 -1000 -1000 -1000 -10 0.913505
78 21 pedestrian -1 -1 -10 114 201 152 250 -1 -1 -1 -1000 -1000 -1000 -10 0.823075
78 22 pedestrian -1 -1 -10 1119 147 1176 306 -1 -1 -1 -1000 -1000 -1000 -10 0.852477
79 10 pedestrian -1 -1 -10 830 157 877 271 -1 -1 -1 -1000 -1000 -1000 -10 0.85615
79 11 car -1 -1 -10 521 152 587 210 -1 -1 -1 -1000 -1000 -1000 -10 0.999869
79 12 pedestrian -1 -1 -10 127 177 172 272 -1 -1 -1 -1000 -1000 -1000 -10 0.941503
79 15 pedestrian -1 -1 -10 1160 150 1223 322 -1 -1 -1 -1000 -1000 -1000 -10 0.960954
79 20 pedestrian -1 -1 -10 206 175 251 269 -1 -1 -1 -1000 -1000 -1000 -10 0.983047
79 21 pedestrian -1 -1 -10 85 206 128 254 -1 -1 -1 -1000 -1000 -1000 -10 0.650415
80 10 pedestrian -1 -1 -10 839 156 920 283 -1 -1 -1 -1000 -1000 -1000 -10 0.615717
80 11 car -1 -1 -10 517 153 587 211 -1 -1 -1 -1000 -1000 -1000 -10 0.99994
80 12 pedestrian -1 -1 -10 100 173 151 280 -1 -1 -1 -1000 -1000 -1000 -10 0.957349
80 20 pedestrian -1 -1 -10 180 172 223 278 -1 -1 -1 -1000 -1000 -1000 -10 0.887284
80 21 pedestrian -1 -1 -10 58 202 105 262 -1 -1 -1 -1000 -1000 -1000 -10 0.796914
81 10 pedestrian -1 -1 -10 874 179 960 289 -1 -1 -1 -1000 -1000 -1000 -10 0.822862
81 11 car -1 -1 -10 512 152 586 210 -1 -1 -1 -1000 -1000 -1000 -10 0.999537
81 12 pedestrian -1 -1 -10 73 172 129 290 -1 -1 -1 -1000 -1000 -1000 -10 0.882825
81 20 pedestrian -1 -1 -10 149 175 200 277 -1 -1 -1 -1000 -1000 -1000 -10 0.911593
81 21 pedestrian -1 -1 -10 26 202 80 266 -1 -1 -1 -1000 -1000 -1000 -10 0.82556
81 23 pedestrian -1 -1 -10 850 153 919 293 -1 -1 -1 -1000 -1000 -1000 -10 0.339936
82 10 pedestrian -1 -1 -10 876 168 967 302 -1 -1 -1 -1000 -1000 -1000 -10 0.937507
82 11 car -1 -1 -10 509 149 582 209 -1 -1 -1 -1000 -1000 -1000 -10 0.999576
82 12 pedestrian -1 -1 -10 43 170 103 294 -1 -1 -1 -1000 -1000 -1000 -10 0.94955
82 20 pedestrian -1 -1 -10 113 152 177 298 -1 -1 -1 -1000 -1000 -1000 -10 0.703734
83 10 pedestrian -1 -1 -10 900 157 989 315 -1 -1 -1 -1000 -1000 -1000 -10 0.973959
83 11 car -1 -1 -10 504 146 581 211 -1 -1 -1 -1000 -1000 -1000 -10 0.999502
83 12 pedestrian -1 -1 -10 11 165 78 304 -1 -1 -1 -1000 -1000 -1000 -10 0.82159
83 20 pedestrian -1 -1 -10 69 162 141 304 -1 -1 -1 -1000 -1000 -1000 -10 0.938168
83 23 pedestrian -1 -1 -10 835 199 882 289 -1 -1 -1 -1000 -1000 -1000 -10 0.337187
83 24 pedestrian -1 -1 -10 860 198 896 288 -1 -1 -1 -1000 -1000 -1000 -10 0.631749
83 25 pedestrian -1 -1 -10 179 175 223 238 -1 -1 -1 -1000 -1000 -1000 -10 0.611001
83 26 pedestrian -1 -1 -10 146 182 194 243 -1 -1 -1 -1000 -1000 -1000 -10 0.59538
84 10 pedestrian -1 -1 -10 930 142 1033 332 -1 -1 -1 -1000 -1000 -1000 -10 0.99611
84 11 car -1 -1 -10 499 147 580 213 -1 -1 -1 -1000 -1000 -1000 -10 0.999544
84 20 pedestrian -1 -1 -10 20 164 108 314 -1 -1 -1 -1000 -1000 -1000 -10 0.910396
84 24 pedestrian -1 -1 -10 854 208 903 298 -1 -1 -1 -1000 -1000 -1000 -10 0.880074
84 26 pedestrian -1 -1 -10 154 179 206 242 -1 -1 -1 -1000 -1000 -1000 -10 0.772972
84 27 car -1 -1 -10 424 175 495 202 -1 -1 -1 -1000 -1000 -1000 -10 0.741428
84 28 pedestrian -1 -1 -10 878 211 919 293 -1 -1 -1 -1000 -1000 -1000 -10 0.693994
85 10 pedestrian -1 -1 -10 967 132 1077 351 -1 -1 -1 -1000 -1000 -1000 -10 0.989039
85 11 car -1 -1 -10 495 148 575 217 -1 -1 -1 -1000 -1000 -1000 -10 0.998573
85 26 pedestrian -1 -1 -10 132 181 185 248 -1 -1 -1 -1000 -1000 -1000 -10 0.871393
85 27 car -1 -1 -10 418 176 492 202 -1 -1 -1 -1000 -1000 -1000 -10 0.884513
85 28 pedestrian -1 -1 -10 878 206 936 310 -1 -1 -1 -1000 -1000 -1000 -10 0.918527
85 29 pedestrian -1 -1 -10 911 209 951 305 -1 -1 -1 -1000 -1000 -1000 -10 0.824642
85 30 pedestrian -1 -1 -10 101 192 154 251 -1 -1 -1 -1000 -1000 -1000 -10 0.335202
86 10 pedestrian -1 -1 -10 988 128 1148 358 -1 -1 -1 -1000 -1000 -1000 -10 0.866457
86 11 car -1 -1 -10 489 146 573 219 -1 -1 -1 -1000 -1000 -1000 -10 0.998981
86 26 pedestrian -1 -1 -10 111 178 164 252 -1 -1 -1 -1000 -1000 -1000 -10 0.897709
86 27 car -1 -1 -10 416 177 484 203 -1 -1 -1 -1000 -1000 -1000 -10 0.955089
86 28 pedestrian -1 -1 -10 907 206 965 330 -1 -1 -1 -1000 -1000 -1000 -10 0.841195
86 31 pedestrian -1 -1 -10 944 210 991 322 -1 -1 -1 -1000 -1000 -1000 -10 0.720886
87 10 pedestrian -1 -1 -10 1044 122 1241 361 -1 -1 -1 -1000 -1000 -1000 -10 0.988465
87 11 car -1 -1 -10 483 146 571 220 -1 -1 -1 -1000 -1000 -1000 -10 0.999457
87 26 pedestrian -1 -1 -10 88 179 142 255 -1 -1 -1 -1000 -1000 -1000 -10 0.869258
87 27 car -1 -1 -10 409 176 483 203 -1 -1 -1 -1000 -1000 -1000 -10 0.989272
87 28 pedestrian -1 -1 -10 935 211 1000 345 -1 -1 -1 -1000 -1000 -1000 -10 0.993992
87 32 pedestrian -1 -1 -10 45 192 97 257 -1 -1 -1 -1000 -1000 -1000 -10 0.841113
87 33 pedestrian -1 -1 -10 984 217 1040 338 -1 -1 -1 -1000 -1000 -1000 -10 0.681389
87 34 pedestrian -1 -1 -10 255 185 289 235 -1 -1 -1 -1000 -1000 -1000 -10 0.347526
88 10 pedestrian -1 -1 -10 1087 92 1242 367 -1 -1 -1 -1000 -1000 -1000 -10 0.899215
88 11 car -1 -1 -10 479 143 569 220 -1 -1 -1 -1000 -1000 -1000 -10 0.999841
88 26 pedestrian -1 -1 -10 61 185 113 256 -1 -1 -1 -1000 -1000 -1000 -10 0.794236
88 27 car -1 -1 -10 405 176 478 202 -1 -1 -1 -1000 -1000 -1000 -10 0.97239
88 28 pedestrian -1 -1 -10 968 206 1056 368 -1 -1 -1 -1000 -1000 -1000 -10 0.98109
88 35 pedestrian -1 -1 -10 796 172 833 215 -1 -1 -1 -1000 -1000 -1000 -10 0.505267
89 11 car -1 -1 -10 472 144 566 219 -1 -1 -1 -1000 -1000 -1000 -10 0.999802
89 26 pedestrian -1 -1 -10 27 180 84 262 -1 -1 -1 -1000 -1000 -1000 -10 0.829223
89 27 car -1 -1 -10 399 175 474 202 -1 -1 -1 -1000 -1000 -1000 -10 0.95232
89 28 pedestrian -1 -1 -10 1017 221 1129 370 -1 -1 -1 -1000 -1000 -1000 -10 0.938827
89 35 pedestrian -1 -1 -10 798 173 833 215 -1 -1 -1 -1000 -1000 -1000 -10 0.89189
89 36 pedestrian -1 -1 -10 1085 222 1182 368 -1 -1 -1 -1000 -1000 -1000 -10 0.859188
89 37 pedestrian -1 -1 -10 222 187 262 236 -1 -1 -1 -1000 -1000 -1000 -10 0.694492
90 11 car -1 -1 -10 469 142 559 223 -1 -1 -1 -1000 -1000 -1000 -10 0.99974
90 26 pedestrian -1 -1 -10 1 177 47 269 -1 -1 -1 -1000 -1000 -1000 -10 0.562021
90 27 car -1 -1 -10 394 175 467 203 -1 -1 -1 -1000 -1000 -1000 -10 0.977366
90 35 pedestrian -1 -1 -10 796 174 836 217 -1 -1 -1 -1000 -1000 -1000 -10 0.635821
90 37 pedestrian -1 -1 -10 204 182 250 241 -1 -1 -1 -1000 -1000 -1000 -10 0.551708
91 11 car -1 -1 -10 461 141 560 226 -1 -1 -1 -1000 -1000 -1000 -10 0.999784
91 27 car -1 -1 -10 389 176 465 204 -1 -1 -1 -1000 -1000 -1000 -10 0.99497
91 35 pedestrian -1 -1 -10 801 179 846 219 -1 -1 -1 -1000 -1000 -1000 -10 0.735255
91 37 pedestrian -1 -1 -10 185 183 232 244 -1 -1 -1 -1000 -1000 -1000 -10 0.836234
91 38 pedestrian -1 -1 -10 947 163 971 229 -1 -1 -1 -1000 -1000 -1000 -10 0.834484
92 11 car -1 -1 -10 455 143 560 227 -1 -1 -1 -1000 -1000 -1000 -10 0.999711
92 27 car -1 -1 -10 381 177 467 208 -1 -1 -1 -1000 -1000 -1000 -10 0.988443
92 35 pedestrian -1 -1 -10 804 179 846 219 -1 -1 -1 -1000 -1000 -1000 -10 0.953345
92 37 pedestrian -1 -1 -10 163 188 213 252 -1 -1 -1 -1000 -1000 -1000 -10 0.613739
92 38 pedestrian -1 -1 -10 956 164 985 234 -1 -1 -1 -1000 -1000 -1000 -10 0.881552
92 39 pedestrian -1 -1 -10 894 161 920 229 -1 -1 -1 -1000 -1000 -1000 -10 0.90029
93 11 car -1 -1 -10 448 144 554 227 -1 -1 -1 -1000 -1000 -1000 -10 0.999535
93 27 car -1 -1 -10 373 179 460 208 -1 -1 -1 -1000 -1000 -1000 -10 0.99519
93 35 pedestrian -1 -1 -10 805 179 848 222 -1 -1 -1 -1000 -1000 -1000 -10 0.907161
93 37 pedestrian -1 -1 -10 143 189 191 253 -1 -1 -1 -1000 -1000 -1000 -10 0.451298
93 38 pedestrian -1 -1 -10 968 164 995 236 -1 -1 -1 -1000 -1000 -1000 -10 0.956512
93 39 pedestrian -1 -1 -10 896 167 926 231 -1 -1 -1 -1000 -1000 -1000 -10 0.652261
94 11 car -1 -1 -10 443 143 551 234 -1 -1 -1 -1000 -1000 -1000 -10 0.997929
94 27 car -1 -1 -10 369 180 450 209 -1 -1 -1 -1000 -1000 -1000 -10 0.990842
94 35 pedestrian -1 -1 -10 816 177 871 226 -1 -1 -1 -1000 -1000 -1000 -10 0.872438
94 38 pedestrian -1 -1 -10 978 165 1008 240 -1 -1 -1 -1000 -1000 -1000 -10 0.975061
94 39 pedestrian -1 -1 -10 905 167 933 233 -1 -1 -1 -1000 -1000 -1000 -10 0.942682
95 11 car -1 -1 -10 434 143 546 234 -1 -1 -1 -1000 -1000 -1000 -10 0.999403
95 27 car -1 -1 -10 363 179 447 210 -1 -1 -1 -1000 -1000 -1000 -10 0.999234
95 35 pedestrian -1 -1 -10 818 178 872 227 -1 -1 -1 -1000 -1000 -1000 -10 0.957263
95 38 pedestrian -1 -1 -10 993 163 1021 240 -1 -1 -1 -1000 -1000 -1000 -10 0.940515
95 39 pedestrian -1 -1 -10 911 165 941 234 -1 -1 -1 -1000 -1000 -1000 -10 0.977925
96 11 car -1 -1 -10 430 142 542 236 -1 -1 -1 -1000 -1000 -1000 -10 0.99966
96 27 car -1 -1 -10 356 180 440 210 -1 -1 -1 -1000 -1000 -1000 -10 0.999321
96 35 pedestrian -1 -1 -10 825 175 881 231 -1 -1 -1 -1000 -1000 -1000 -10 0.980364
96 38 pedestrian -1 -1 -10 1005 164 1034 244 -1 -1 -1 -1000 -1000 -1000 -10 0.975697
96 39 pedestrian -1 -1 -10 916 168 948 233 -1 -1 -1 -1000 -1000 -1000 -10 0.912696
97 11 car -1 -1 -10 423 139 536 240 -1 -1 -1 -1000 -1000 -1000 -10 0.999541
97 27 car -1 -1 -10 349 179 438 212 -1 -1 -1 -1000 -1000 -1000 -10 0.996988
97 35 pedestrian -1 -1 -10 825 178 885 231 -1 -1 -1 -1000 -1000 -1000 -10 0.958699
97 38 pedestrian -1 -1 -10 1019 162 1051 248 -1 -1 -1 -1000 -1000 -1000 -10 0.972914
97 39 pedestrian -1 -1 -10 925 166 957 234 -1 -1 -1 -1000 -1000 -1000 -10 0.968473
98 11 car -1 -1 -10 413 142 533 237 -1 -1 -1 -1000 -1000 -1000 -10 0.999134
98 27 car -1 -1 -10 341 179 425 212 -1 -1 -1 -1000 -1000 -1000 -10 0.999449
98 35 pedestrian -1 -1 -10 833 176 895 235 -1 -1 -1 -1000 -1000 -1000 -10 0.984796
98 38 pedestrian -1 -1 -10 1036 164 1067 250 -1 -1 -1 -1000 -1000 -1000 -10 0.968298
98 39 pedestrian -1 -1 -10 934 167 965 236 -1 -1 -1 -1000 -1000 -1000 -10 0.993945
99 11 car -1 -1 -10 406 140 531 238 -1 -1 -1 -1000 -1000 -1000 -10 0.999763
99 27 car -1 -1 -10 331 180 423 212 -1 -1 -1 -1000 -1000 -1000 -10 0.998054
99 35 pedestrian -1 -1 -10 842 177 905 233 -1 -1 -1 -1000 -1000 -1000 -10 0.942024
99 38 pedestrian -1 -1 -10 1055 162 1085 251 -1 -1 -1 -1000 -1000 -1000 -10 0.948759
99 39 pedestrian -1 -1 -10 945 166 978 236 -1 -1 -1 -1000 -1000 -1000 -10 0.984571
100 11 car -1 -1 -10 398 137 523 241 -1 -1 -1 -1000 -1000 -1000 -10 0.999404
100 27 car -1 -1 -10 326 178 411 213 -1 -1 -1 -1000 -1000 -1000 -10 0.997864
100 35 pedestrian -1 -1 -10 843 175 909 236 -1 -1 -1 -1000 -1000 -1000 -10 0.954682
100 38 pedestrian -1 -1 -10 1068 164 1108 255 -1 -1 -1 -1000 -1000 -1000 -10 0.93141
100 39 pedestrian -1 -1 -10 955 165 990 239 -1 -1 -1 -1000 -1000 -1000 -10 0.990495
101 11 car -1 -1 -10 387 138 517 240 -1 -1 -1 -1000 -1000 -1000 -10 0.998409
101 27 car -1 -1 -10 319 177 407 213 -1 -1 -1 -1000 -1000 -1000 -10 0.999762
101 35 pedestrian -1 -1 -10 854 174 918 238 -1 -1 -1 -1000 -1000 -1000 -10 0.96281
101 38 pedestrian -1 -1 -10 1084 163 1131 259 -1 -1 -1 -1000 -1000 -1000 -10 0.983623
101 39 pedestrian -1 -1 -10 966 163 1001 242 -1 -1 -1 -1000 -1000 -1000 -10 0.951276
102 11 car -1 -1 -10 378 135 516 242 -1 -1 -1 -1000 -1000 -1000 -10 0.99889
102 27 car -1 -1 -10 308 174 399 212 -1 -1 -1 -1000 -1000 -1000 -10 0.999628
102 35 pedestrian -1 -1 -10 861 176 933 242 -1 -1 -1 -1000 -1000 -1000 -10 0.856059
102 38 pedestrian -1 -1 -10 1112 163 1155 261 -1 -1 -1 -1000 -1000 -1000 -10 0.979223
102 39 pedestrian -1 -1 -10 981 162 1014 242 -1 -1 -1 -1000 -1000 -1000 -10 0.970342
103 11 car -1 -1 -10 366 132 510 244 -1 -1 -1 -1000 -1000 -1000 -10 0.998943
103 27 car -1 -1 -10 299 174 392 212 -1 -1 -1 -1000 -1000 -1000 -10 0.998446
103 38 pedestrian -1 -1 -10 1137 157 1182 270 -1 -1 -1 -1000 -1000 -1000 -10 0.949335
103 39 pedestrian -1 -1 -10 991 156 1027 245 -1 -1 -1 -1000 -1000 -1000 -10 0.984658
103 40 pedestrian -1 -1 -10 856 173 918 238 -1 -1 -1 -1000 -1000 -1000 -10 0.906026
104 11 car -1 -1 -10 356 131 503 247 -1 -1 -1 -1000 -1000 -1000 -10 0.999629
104 27 car -1 -1 -10 288 175 385 213 -1 -1 -1 -1000 -1000 -1000 -10 0.994707
104 35 pedestrian -1 -1 -10 886 177 952 244 -1 -1 -1 -1000 -1000 -1000 -10 0.917105
104 38 pedestrian -1 -1 -10 1163 157 1213 270 -1 -1 -1 -1000 -1000 -1000 -10 0.967819
104 39 pedestrian -1 -1 -10 1002 152 1041 249 -1 -1 -1 -1000 -1000 -1000 -10 0.987715
104 40 pedestrian -1 -1 -10 868 176 927 235 -1 -1 -1 -1000 -1000 -1000 -10 0.655114
104 41 pedestrian -1 -1 -10 214 157 245 223 -1 -1 -1 -1000 -1000 -1000 -10 0.563902
105 11 car -1 -1 -10 343 131 499 252 -1 -1 -1 -1000 -1000 -1000 -10 0.999879
105 27 car -1 -1 -10 279 177 383 215 -1 -1 -1 -1000 -1000 -1000 -10 0.986999
105 35 pedestrian -1 -1 -10 894 179 963 246 -1 -1 -1 -1000 -1000 -1000 -10 0.910754
105 38 pedestrian -1 -1 -10 1195 151 1242 277 -1 -1 -1 -1000 -1000 -1000 -10 0.763224
105 39 pedestrian -1 -1 -10 1016 156 1056 253 -1 -1 -1 -1000 -1000 -1000 -10 0.985393
105 40 pedestrian -1 -1 -10 876 176 935 244 -1 -1 -1 -1000 -1000 -1000 -10 0.349656
105 41 pedestrian -1 -1 -10 203 159 232 225 -1 -1 -1 -1000 -1000 -1000 -10 0.901752
105 42 pedestrian -1 -1 -10 214 165 241 224 -1 -1 -1 -1000 -1000 -1000 -10 0.74642
106 11 car -1 -1 -10 331 129 490 255 -1 -1 -1 -1000 -1000 -1000 -10 0.999402
106 27 car -1 -1 -10 269 178 372 215 -1 -1 -1 -1000 -1000 -1000 -10 0.967788
106 35 pedestrian -1 -1 -10 898 176 986 255 -1 -1 -1 -1000 -1000 -1000 -10 0.832683
106 39 pedestrian -1 -1 -10 1031 160 1074 259 -1 -1 -1 -1000 -1000 -1000 -10 0.962425
106 40 pedestrian -1 -1 -10 881 180 951 248 -1 -1 -1 -1000 -1000 -1000 -10 0.869105
106 41 pedestrian -1 -1 -10 186 157 212 226 -1 -1 -1 -1000 -1000 -1000 -10 0.969677
106 42 pedestrian -1 -1 -10 202 166 229 226 -1 -1 -1 -1000 -1000 -1000 -10 0.778537
107 11 car -1 -1 -10 324 123 482 263 -1 -1 -1 -1000 -1000 -1000 -10 0.997784
107 27 car -1 -1 -10 256 178 368 215 -1 -1 -1 -1000 -1000 -1000 -10 0.947067
107 35 pedestrian -1 -1 -10 908 177 1005 264 -1 -1 -1 -1000 -1000 -1000 -10 0.844301
107 39 pedestrian -1 -1 -10 1042 158 1089 263 -1 -1 -1 -1000 -1000 -1000 -10 0.941507
107 40 pedestrian -1 -1 -10 888 183 965 250 -1 -1 -1 -1000 -1000 -1000 -10 0.725175
107 41 pedestrian -1 -1 -10 170 157 201 230 -1 -1 -1 -1000 -1000 -1000 -10 0.959972
107 42 pedestrian -1 -1 -10 186 162 212 227 -1 -1 -1 -1000 -1000 -1000 -10 0.515269
108 11 car -1 -1 -10 295 125 485 268 -1 -1 -1 -1000 -1000 -1000 -10 0.999763
108 27 car -1 -1 -10 243 173 360 219 -1 -1 -1 -1000 -1000 -1000 -10 0.906253
108 35 pedestrian -1 -1 -10 919 176 1016 267 -1 -1 -1 -1000 -1000 -1000 -10 0.930153
108 39 pedestrian -1 -1 -10 1060 158 1109 264 -1 -1 -1 -1000 -1000 -1000 -10 0.987738
108 40 pedestrian -1 -1 -10 898 180 977 252 -1 -1 -1 -1000 -1000 -1000 -10 0.716835
108 41 pedestrian -1 -1 -10 159 156 193 230 -1 -1 -1 -1000 -1000 -1000 -10 0.875834
109 11 car -1 -1 -10 270 124 490 267 -1 -1 -1 -1000 -1000 -1000 -10 0.999875
109 27 car -1 -1 -10 236 179 344 220 -1 -1 -1 -1000 -1000 -1000 -10 0.763485
109 35 pedestrian -1 -1 -10 934 178 1035 269 -1 -1 -1 -1000 -1000 -1000 -10 0.98343
109 39 pedestrian -1 -1 -10 1079 157 1127 266 -1 -1 -1 -1000 -1000 -1000 -10 0.983799
109 40 pedestrian -1 -1 -10 903 179 990 257 -1 -1 -1 -1000 -1000 -1000 -10 0.854751
109 41 pedestrian -1 -1 -10 138 154 172 233 -1 -1 -1 -1000 -1000 -1000 -10 0.924011
109 43 pedestrian -1 -1 -10 154 157 182 234 -1 -1 -1 -1000 -1000 -1000 -10 0.594396
110 11 car -1 -1 -10 262 120 468 273 -1 -1 -1 -1000 -1000 -1000 -10 0.99948
110 27 car -1 -1 -10 215 176 341 217 -1 -1 -1 -1000 -1000 -1000 -10 0.432125
110 35 pedestrian -1 -1 -10 948 181 1055 268 -1 -1 -1 -1000 -1000 -1000 -10 0.982366
110 39 pedestrian -1 -1 -10 1096 152 1151 272 -1 -1 -1 -1000 -1000 -1000 -10 0.978227
110 40 pedestrian -1 -1 -10 915 181 1009 261 -1 -1 -1 -1000 -1000 -1000 -10 0.966527
110 41 pedestrian -1 -1 -10 116 153 154 235 -1 -1 -1 -1000 -1000 -1000 -10 0.903171
110 44 pedestrian -1 -1 -10 131 161 165 236 -1 -1 -1 -1000 -1000 -1000 -10 0.500793
111 11 car -1 -1 -10 239 117 458 278 -1 -1 -1 -1000 -1000 -1000 -10 0.999945
111 35 pedestrian -1 -1 -10 964 181 1077 273 -1 -1 -1 -1000 -1000 -1000 -10 0.956894
111 39 pedestrian -1 -1 -10 1118 154 1172 277 -1 -1 -1 -1000 -1000 -1000 -10 0.938039
111 40 pedestrian -1 -1 -10 927 178 1030 269 -1 -1 -1 -1000 -1000 -1000 -10 0.976311
111 41 pedestrian -1 -1 -10 95 152 131 234 -1 -1 -1 -1000 -1000 -1000 -10 0.845803
111 44 pedestrian -1 -1 -10 118 162 149 236 -1 -1 -1 -1000 -1000 -1000 -10 0.909653
112 11 car -1 -1 -10 214 117 454 283 -1 -1 -1 -1000 -1000 -1000 -10 0.999848
112 35 pedestrian -1 -1 -10 988 183 1094 283 -1 -1 -1 -1000 -1000 -1000 -10 0.856342
112 39 pedestrian -1 -1 -10 1135 159 1200 280 -1 -1 -1 -1000 -1000 -1000 -10 0.966615
112 40 pedestrian -1 -1 -10 949 182 1050 269 -1 -1 -1 -1000 -1000 -1000 -10 0.670389
112 41 pedestrian -1 -1 -10 67 148 107 240 -1 -1 -1 -1000 -1000 -1000 -10 0.879585
112 44 pedestrian -1 -1 -10 96 162 128 238 -1 -1 -1 -1000 -1000 -1000 -10 0.895551
113 11 car -1 -1 -10 181 115 453 291 -1 -1 -1 -1000 -1000 -1000 -10 0.999903
113 35 pedestrian -1 -1 -10 1008 186 1124 282 -1 -1 -1 -1000 -1000 -1000 -10 0.949461
113 39 pedestrian -1 -1 -10 1157 161 1226 284 -1 -1 -1 -1000 -1000 -1000 -10 0.983282
113 40 pedestrian -1 -1 -10 970 185 1072 266 -1 -1 -1 -1000 -1000 -1000 -10 0.839755
113 41 pedestrian -1 -1 -10 42 151 85 247 -1 -1 -1 -1000 -1000 -1000 -10 0.847067
113 44 pedestrian -1 -1 -10 73 163 108 242 -1 -1 -1 -1000 -1000 -1000 -10 0.968711
113 45 car -1 -1 -10 189 177 320 229 -1 -1 -1 -1000 -1000 -1000 -10 0.542262
114 11 car -1 -1 -10 152 110 437 300 -1 -1 -1 -1000 -1000 -1000 -10 0.999931
114 35 pedestrian -1 -1 -10 1010 185 1126 284 -1 -1 -1 -1000 -1000 -1000 -10 0.810337
114 39 pedestrian -1 -1 -10 1181 157 1242 286 -1 -1 -1 -1000 -1000 -1000 -10 0.919553
114 41 pedestrian -1 -1 -10 12 151 52 256 -1 -1 -1 -1000 -1000 -1000 -10 0.889518
114 44 pedestrian -1 -1 -10 40 163 82 250 -1 -1 -1 -1000 -1000 -1000 -10 0.800677
114 45 car -1 -1 -10 170 182 302 229 -1 -1 -1 -1000 -1000 -1000 -10 0.411168
115 11 car -1 -1 -10 122 98 423 313 -1 -1 -1 -1000 -1000 -1000 -10 0.99932
115 35 pedestrian -1 -1 -10 1055 178 1172 305 -1 -1 -1 -1000 -1000 -1000 -10 0.885538
115 44 pedestrian -1 -1 -10 11 163 54 256 -1 -1 -1 -1000 -1000 -1000 -10 0.804411
115 46 pedestrian -1 -1 -10 442 173 474 250 -1 -1 -1 -1000 -1000 -1000 -10 0.955952
115 47 pedestrian -1 -1 -10 1006 185 1116 289 -1 -1 -1 -1000 -1000 -1000 -10 0.793332
116 11 car -1 -1 -10 54 88 428 333 -1 -1 -1 -1000 -1000 -1000 -10 0.994448
116 35 pedestrian -1 -1 -10 1095 196 1201 310 -1 -1 -1 -1000 -1000 -1000 -10 0.475662
116 44 pedestrian -1 -1 -10 0 156 28 255 -1 -1 -1 -1000 -1000 -1000 -10 0.847368
116 45 car -1 -1 -10 96 186 254 236 -1 -1 -1 -1000 -1000 -1000 -10 0.443074
116 46 pedestrian -1 -1 -10 435 172 467 254 -1 -1 -1 -1000 -1000 -1000 -10 0.928111
116 47 pedestrian -1 -1 -10 1013 186 1130 288 -1 -1 -1 -1000 -1000 -1000 -10 0.566613
116 48 car -1 -1 -10 160 179 301 227 -1 -1 -1 -1000 -1000 -1000 -10 0.337558
117 11 car -1 -1 -10 41 88 386 333 -1 -1 -1 -1000 -1000 -1000 -10 0.998943
117 35 pedestrian -1 -1 -10 1127 187 1242 321 -1 -1 -1 -1000 -1000 -1000 -10 0.569671
117 45 car -1 -1 -10 62 186 233 236 -1 -1 -1 -1000 -1000 -1000 -10 0.621903
117 46 pedestrian -1 -1 -10 426 170 457 255 -1 -1 -1 -1000 -1000 -1000 -10 0.935801
117 47 pedestrian -1 -1 -10 1047 185 1165 291 -1 -1 -1 -1000 -1000 -1000 -10 0.746178
118 11 car -1 -1 -10 0 81 387 341 -1 -1 -1 -1000 -1000 -1000 -10 0.999406
118 45 car -1 -1 -10 17 186 192 239 -1 -1 -1 -1000 -1000 -1000 -10 0.731154
118 46 pedestrian -1 -1 -10 418 172 450 256 -1 -1 -1 -1000 -1000 -1000 -10 0.966236
118 47 pedestrian -1 -1 -10 1083 173 1186 305 -1 -1 -1 -1000 -1000 -1000 -10 0.305438
119 11 car -1 -1 -10 0 74 377 353 -1 -1 -1 -1000 -1000 -1000 -10 0.999666
119 45 car -1 -1 -10 0 185 150 242 -1 -1 -1 -1000 -1000 -1000 -10 0.615923
119 46 pedestrian -1 -1 -10 403 170 438 262 -1 -1 -1 -1000 -1000 -1000 -10 0.948771
119 49 car -1 -1 -10 84 175 249 227 -1 -1 -1 -1000 -1000 -1000 -10 0.706397
120 11 car -1 -1 -10 0 77 357 356 -1 -1 -1 -1000 -1000 -1000 -10 0.998845
120 46 pedestrian -1 -1 -10 390 178 426 268 -1 -1 -1 -1000 -1000 -1000 -10 0.993235
120 49 car -1 -1 -10 42 186 212 237 -1 -1 -1 -1000 -1000 -1000 -10 0.560294
121 11 car -1 -1 -10 0 62 339 372 -1 -1 -1 -1000 -1000 -1000 -10 0.999338
121 46 pedestrian -1 -1 -10 375 175 414 280 -1 -1 -1 -1000 -1000 -1000 -10 0.979936
121 49 car -1 -1 -10 0 177 172 248 -1 -1 -1 -1000 -1000 -1000 -10 0.459117
122 11 car -1 -1 -10 0 54 326 375 -1 -1 -1 -1000 -1000 -1000 -10 0.999796
122 46 pedestrian -1 -1 -10 358 184 399 281 -1 -1 -1 -1000 -1000 -1000 -10 0.987663
123 11 car -1 -1 -10 0 36 294 375 -1 -1 -1 -1000 -1000 -1000 -10 0.999844
123 46 pedestrian -1 -1 -10 342 185 386 289 -1 -1 -1 -1000 -1000 -1000 -10 0.988447
124 11 car -1 -1 -10 0 19 274 375 -1 -1 -1 -1000 -1000 -1000 -10 0.999783
124 46 pedestrian -1 -1 -10 321 180 369 294 -1 -1 -1 -1000 -1000 -1000 -10 0.991712
125 11 car -1 -1 -10 0 30 244 375 -1 -1 -1 -1000 -1000 -1000 -10 0.996937
125 46 pedestrian -1 -1 -10 304 175 357 308 -1 -1 -1 -1000 -1000 -1000 -10 0.947498
125 50 car -1 -1 -10 0 176 146 228 -1 -1 -1 -1000 -1000 -1000 -10 0.387917
126 11 car -1 -1 -10 0 33 205 375 -1 -1 -1 -1000 -1000 -1000 -10 0.99295
126 45 car -1 -1 -10 0 187 101 242 -1 -1 -1 -1000 -1000 -1000 -10 0.491787
126 46 pedestrian -1 -1 -10 279 171 341 317 -1 -1 -1 -1000 -1000 -1000 -10 0.988438
127 11 car -1 -1 -10 0 29 175 375 -1 -1 -1 -1000 -1000 -1000 -10 0.996113
127 46 pedestrian -1 -1 -10 250 182 313 324 -1 -1 -1 -1000 -1000 -1000 -10 0.992182
128 11 car -1 -1 -10 0 73 134 360 -1 -1 -1 -1000 -1000 -1000 -10 0.879388
128 46 pedestrian -1 -1 -10 219 179 289 338 -1 -1 -1 -1000 -1000 -1000 -10 0.999053
129 45 car -1 -1 -10 0 172 60 257 -1 -1 -1 -1000 -1000 -1000 -10 0.878786
129 46 pedestrian -1 -1 -10 175 174 260 362 -1 -1 -1 -1000 -1000 -1000 -10 0.9967
130 45 car -1 -1 -10 0 183 52 256 -1 -1 -1 -1000 -1000 -1000 -10 0.306593
130 46 pedestrian -1 -1 -10 130 181 216 368 -1 -1 -1 -1000 -1000 -1000 -10 0.994526
131 46 pedestrian -1 -1 -10 73 185 161 368 -1 -1 -1 -1000 -1000 -1000 -10 0.946359
132 46 pedestrian -1 -1 -10 0 179 105 372 -1 -1 -1 -1000 -1000 -1000 -10 0.877598
164 51 car -1 -1 -10 1171 165 1242 301 -1 -1 -1 -1000 -1000 -1000 -10 0.414168
165 51 car -1 -1 -10 1201 159 1242 305 -1 -1 -1 -1000 -1000 -1000 -10 0.763841
172 52 pedestrian -1 -1 -10 792 164 820 242 -1 -1 -1 -1000 -1000 -1000 -10 0.511046
175 52 pedestrian -1 -1 -10 791 164 820 243 -1 -1 -1 -1000 -1000 -1000 -10 0.538848
178 53 pedestrian -1 -1 -10 779 170 811 249 -1 -1 -1 -1000 -1000 -1000 -10 0.679412
179 53 pedestrian -1 -1 -10 775 171 804 248 -1 -1 -1 -1000 -1000 -1000 -10 0.322247
182 54 pedestrian -1 -1 -10 757 172 787 248 -1 -1 -1 -1000 -1000 -1000 -10 0.322637
184 55 pedestrian -1 -1 -10 747 174 775 250 -1 -1 -1 -1000 -1000 -1000 -10 0.693747
189 56 pedestrian -1 -1 -10 564 171 589 219 -1 -1 -1 -1000 -1000 -1000 -10 0.463137
191 56 pedestrian -1 -1 -10 578 166 606 225 -1 -1 -1 -1000 -1000 -1000 -10 0.355398
193 56 pedestrian -1 -1 -10 599 167 626 232 -1 -1 -1 -1000 -1000 -1000 -10 0.524519
201 57 pedestrian -1 -1 -10 1060 197 1104 272 -1 -1 -1 -1000 -1000 -1000 -10 0.485508
203 58 pedestrian -1 -1 -10 703 167 732 239 -1 -1 -1 -1000 -1000 -1000 -10 0.52624
205 57 pedestrian -1 -1 -10 1182 207 1232 301 -1 -1 -1 -1000 -1000 -1000 -10 0.38427
205 58 pedestrian -1 -1 -10 723 171 754 241 -1 -1 -1 -1000 -1000 -1000 -10 0.41765
206 58 pedestrian -1 -1 -10 735 175 765 246 -1 -1 -1 -1000 -1000 -1000 -10 0.735153
207 58 pedestrian -1 -1 -10 745 175 775 247 -1 -1 -1 -1000 -1000 -1000 -10 0.914011
208 58 pedestrian -1 -1 -10 754 178 785 250 -1 -1 -1 -1000 -1000 -1000 -10 0.899039
209 58 pedestrian -1 -1 -10 764 178 794 252 -1 -1 -1 -1000 -1000 -1000 -10 0.93048
210 58 pedestrian -1 -1 -10 767 176 796 253 -1 -1 -1 -1000 -1000 -1000 -10 0.882341
211 58 pedestrian -1 -1 -10 776 179 804 254 -1 -1 -1 -1000 -1000 -1000 -10 0.89739
212 58 pedestrian -1 -1 -10 779 180 812 259 -1 -1 -1 -1000 -1000 -1000 -10 0.800131
213 58 pedestrian -1 -1 -10 785 180 818 260 -1 -1 -1 -1000 -1000 -1000 -10 0.973742
214 58 pedestrian -1 -1 -10 786 177 819 255 -1 -1 -1 -1000 -1000 -1000 -10 0.965912
215 58 pedestrian -1 -1 -10 793 171 826 260 -1 -1 -1 -1000 -1000 -1000 -10 0.92886
216 58 pedestrian -1 -1 -10 795 171 830 257 -1 -1 -1 -1000 -1000 -1000 -10 0.987696
216 59 pedestrian -1 -1 -10 736 176 765 249 -1 -1 -1 -1000 -1000 -1000 -10 0.865684
217 58 pedestrian -1 -1 -10 803 168 840 257 -1 -1 -1 -1000 -1000 -1000 -10 0.988187
217 59 pedestrian -1 -1 -10 735 175 768 251 -1 -1 -1 -1000 -1000 -1000 -10 0.951104
218 58 pedestrian -1 -1 -10 805 162 847 260 -1 -1 -1 -1000 -1000 -1000 -10 0.985497
218 59 pedestrian -1 -1 -10 736 175 772 251 -1 -1 -1 -1000 -1000 -1000 -10 0.864088
219 58 pedestrian -1 -1 -10 811 163 852 262 -1 -1 -1 -1000 -1000 -1000 -10 0.976422
219 59 pedestrian -1 -1 -10 743 174 774 254 -1 -1 -1 -1000 -1000 -1000 -10 0.953107
220 58 pedestrian -1 -1 -10 814 162 856 264 -1 -1 -1 -1000 -1000 -1000 -10 0.980847
220 59 pedestrian -1 -1 -10 744 172 778 257 -1 -1 -1 -1000 -1000 -1000 -10 0.978992
221 58 pedestrian -1 -1 -10 819 166 864 266 -1 -1 -1 -1000 -1000 -1000 -10 0.939241
221 59 pedestrian -1 -1 -10 752 168 785 264 -1 -1 -1 -1000 -1000 -1000 -10 0.941783
222 58 pedestrian -1 -1 -10 827 169 870 273 -1 -1 -1 -1000 -1000 -1000 -10 0.935153
222 59 pedestrian -1 -1 -10 756 175 786 270 -1 -1 -1 -1000 -1000 -1000 -10 0.966428
223 58 pedestrian -1 -1 -10 831 167 884 282 -1 -1 -1 -1000 -1000 -1000 -10 0.942807
223 59 pedestrian -1 -1 -10 756 179 792 273 -1 -1 -1 -1000 -1000 -1000 -10 0.95809
224 58 pedestrian -1 -1 -10 843 158 901 291 -1 -1 -1 -1000 -1000 -1000 -10 0.909438
224 59 pedestrian -1 -1 -10 764 182 798 280 -1 -1 -1 -1000 -1000 -1000 -10 0.964451
225 58 pedestrian -1 -1 -10 850 158 913 294 -1 -1 -1 -1000 -1000 -1000 -10 0.87563
225 59 pedestrian -1 -1 -10 770 178 811 285 -1 -1 -1 -1000 -1000 -1000 -10 0.989521
226 58 pedestrian -1 -1 -10 868 150 927 312 -1 -1 -1 -1000 -1000 -1000 -10 0.95837
226 59 pedestrian -1 -1 -10 776 175 823 290 -1 -1 -1 -1000 -1000 -1000 -10 0.97047
227 58 pedestrian -1 -1 -10 884 148 949 321 -1 -1 -1 -1000 -1000 -1000 -10 0.990833
227 59 pedestrian -1 -1 -10 782 176 840 294 -1 -1 -1 -1000 -1000 -1000 -10 0.960399
228 58 pedestrian -1 -1 -10 901 153 971 319 -1 -1 -1 -1000 -1000 -1000 -10 0.718835
228 59 pedestrian -1 -1 -10 791 177 857 309 -1 -1 -1 -1000 -1000 -1000 -10 0.988148
229 58 pedestrian -1 -1 -10 923 155 994 328 -1 -1 -1 -1000 -1000 -1000 -10 0.950792
229 59 pedestrian -1 -1 -10 806 178 872 328 -1 -1 -1 -1000 -1000 -1000 -10 0.981022
230 58 pedestrian -1 -1 -10 939 143 1019 363 -1 -1 -1 -1000 -1000 -1000 -10 0.871468
230 59 pedestrian -1 -1 -10 822 178 890 340 -1 -1 -1 -1000 -1000 -1000 -10 0.997367
231 58 pedestrian -1 -1 -10 955 135 1051 375 -1 -1 -1 -1000 -1000 -1000 -10 0.961471
231 59 pedestrian -1 -1 -10 831 168 917 361 -1 -1 -1 -1000 -1000 -1000 -10 0.985341
232 58 pedestrian -1 -1 -10 979 145 1088 368 -1 -1 -1 -1000 -1000 -1000 -10 0.763861
232 59 pedestrian -1 -1 -10 854 169 941 375 -1 -1 -1 -1000 -1000 -1000 -10 0.959131
233 58 pedestrian -1 -1 -10 988 157 1159 359 -1 -1 -1 -1000 -1000 -1000 -10 0.675629
233 59 pedestrian -1 -1 -10 878 180 974 374 -1 -1 -1 -1000 -1000 -1000 -10 0.845767
234 58 pedestrian -1 -1 -10 1031 150 1194 364 -1 -1 -1 -1000 -1000 -1000 -10 0.777773
235 58 pedestrian -1 -1 -10 1070 148 1242 364 -1 -1 -1 -1000 -1000 -1000 -10 0.84733
235 60 pedestrian -1 -1 -10 925 189 1107 366 -1 -1 -1 -1000 -1000 -1000 -10 0.933875
236 61 pedestrian -1 -1 -10 977 190 1194 359 -1 -1 -1 -1000 -1000 -1000 -10 0.939638
237 58 pedestrian -1 -1 -10 1053 184 1242 369 -1 -1 -1 -1000 -1000 -1000 -10 0.875428
237 62 pedestrian -1 -1 -10 1043 163 1081 261 -1 -1 -1 -1000 -1000 -1000 -10 0.933862
237 63 pedestrian -1 -1 -10 1063 162 1109 263 -1 -1 -1 -1000 -1000 -1000 -10 0.450597
238 62 pedestrian -1 -1 -10 1054 161 1093 261 -1 -1 -1 -1000 -1000 -1000 -10 0.909875
238 63 pedestrian -1 -1 -10 1079 152 1126 268 -1 -1 -1 -1000 -1000 -1000 -10 0.710041
239 62 pedestrian -1 -1 -10 1066 160 1104 263 -1 -1 -1 -1000 -1000 -1000 -10 0.840412
239 63 pedestrian -1 -1 -10 1089 154 1137 268 -1 -1 -1 -1000 -1000 -1000 -10 0.7718
240 62 pedestrian -1 -1 -10 1083 160 1121 266 -1 -1 -1 -1000 -1000 -1000 -10 0.808136
240 63 pedestrian -1 -1 -10 1112 154 1155 272 -1 -1 -1 -1000 -1000 -1000 -10 0.765554
240 64 pedestrian -1 -1 -10 521 171 548 232 -1 -1 -1 -1000 -1000 -1000 -10 0.873769
241 62 pedestrian -1 -1 -10 1095 161 1138 271 -1 -1 -1 -1000 -1000 -1000 -10 0.834573
241 63 pedestrian -1 -1 -10 1122 156 1173 276 -1 -1 -1 -1000 -1000 -1000 -10 0.686746
241 64 pedestrian -1 -1 -10 511 171 537 238 -1 -1 -1 -1000 -1000 -1000 -10 0.950815
242 62 pedestrian -1 -1 -10 1113 165 1157 276 -1 -1 -1 -1000 -1000 -1000 -10 0.735194
242 63 pedestrian -1 -1 -10 1139 153 1201 290 -1 -1 -1 -1000 -1000 -1000 -10 0.86346
242 64 pedestrian -1 -1 -10 500 169 526 241 -1 -1 -1 -1000 -1000 -1000 -10 0.955921
243 62 pedestrian -1 -1 -10 1135 165 1177 281 -1 -1 -1 -1000 -1000 -1000 -10 0.876334
243 63 pedestrian -1 -1 -10 1159 149 1218 298 -1 -1 -1 -1000 -1000 -1000 -10 0.756814
244 62 pedestrian -1 -1 -10 1156 161 1201 288 -1 -1 -1 -1000 -1000 -1000 -10 0.729104
244 64 pedestrian -1 -1 -10 479 167 504 246 -1 -1 -1 -1000 -1000 -1000 -10 0.975604
245 62 pedestrian -1 -1 -10 1176 165 1222 297 -1 -1 -1 -1000 -1000 -1000 -10 0.92208
245 64 pedestrian -1 -1 -10 468 170 493 249 -1 -1 -1 -1000 -1000 -1000 -10 0.948471
246 62 pedestrian -1 -1 -10 1202 161 1237 292 -1 -1 -1 -1000 -1000 -1000 -10 0.72799
246 64 pedestrian -1 -1 -10 457 169 483 256 -1 -1 -1 -1000 -1000 -1000 -10 0.969084
247 64 pedestrian -1 -1 -10 441 170 471 254 -1 -1 -1 -1000 -1000 -1000 -10 0.989491
248 64 pedestrian -1 -1 -10 429 169 460 257 -1 -1 -1 -1000 -1000 -1000 -10 0.97685
249 64 pedestrian -1 -1 -10 411 166 443 264 -1 -1 -1 -1000 -1000 -1000 -10 0.995306
250 64 pedestrian -1 -1 -10 392 164 429 269 -1 -1 -1 -1000 -1000 -1000 -10 0.96578
250 65 pedestrian -1 -1 -10 447 172 473 251 -1 -1 -1 -1000 -1000 -1000 -10 0.590124
251 64 pedestrian -1 -1 -10 374 167 415 276 -1 -1 -1 -1000 -1000 -1000 -10 0.988939
251 65 pedestrian -1 -1 -10 438 175 467 255 -1 -1 -1 -1000 -1000 -1000 -10 0.695154
251 66 pedestrian -1 -1 -10 719 165 744 233 -1 -1 -1 -1000 -1000 -1000 -10 0.896371
252 64 pedestrian -1 -1 -10 361 173 404 279 -1 -1 -1 -1000 -1000 -1000 -10 0.954324
252 65 pedestrian -1 -1 -10 432 177 459 262 -1 -1 -1 -1000 -1000 -1000 -10 0.593536
253 64 pedestrian -1 -1 -10 334 166 381 295 -1 -1 -1 -1000 -1000 -1000 -10 0.899397
253 65 pedestrian -1 -1 -10 422 177 450 266 -1 -1 -1 -1000 -1000 -1000 -10 0.949623
253 66 pedestrian -1 -1 -10 726 170 751 239 -1 -1 -1 -1000 -1000 -1000 -10 0.977049
254 64 pedestrian -1 -1 -10 312 168 362 301 -1 -1 -1 -1000 -1000 -1000 -10 0.954288
254 65 pedestrian -1 -1 -10 414 176 445 275 -1 -1 -1 -1000 -1000 -1000 -10 0.962918
254 66 pedestrian -1 -1 -10 731 168 756 242 -1 -1 -1 -1000 -1000 -1000 -10 0.765562
255 64 pedestrian -1 -1 -10 283 167 347 313 -1 -1 -1 -1000 -1000 -1000 -10 0.996072
255 65 pedestrian -1 -1 -10 404 178 435 274 -1 -1 -1 -1000 -1000 -1000 -10 0.926105
255 66 pedestrian -1 -1 -10 738 169 766 244 -1 -1 -1 -1000 -1000 -1000 -10 0.977351
255 67 pedestrian -1 -1 -10 719 167 744 245 -1 -1 -1 -1000 -1000 -1000 -10 0.972455
255 68 pedestrian -1 -1 -10 345 175 377 277 -1 -1 -1 -1000 -1000 -1000 -10 0.596094
256 64 pedestrian -1 -1 -10 261 167 326 321 -1 -1 -1 -1000 -1000 -1000 -10 0.995957
256 65 pedestrian -1 -1 -10 389 173 421 290 -1 -1 -1 -1000 -1000 -1000 -10 0.920655
256 66 pedestrian -1 -1 -10 747 167 776 246 -1 -1 -1 -1000 -1000 -1000 -10 0.965058
256 67 pedestrian -1 -1 -10 725 167 753 246 -1 -1 -1 -1000 -1000 -1000 -10 0.930193
256 68 pedestrian -1 -1 -10 337 177 367 284 -1 -1 -1 -1000 -1000 -1000 -10 0.715005
257 64 pedestrian -1 -1 -10 234 166 302 345 -1 -1 -1 -1000 -1000 -1000 -10 0.988232
257 65 pedestrian -1 -1 -10 377 175 411 292 -1 -1 -1 -1000 -1000 -1000 -10 0.889674
257 66 pedestrian -1 -1 -10 758 166 787 253 -1 -1 -1 -1000 -1000 -1000 -10 0.970136
257 67 pedestrian -1 -1 -10 734 165 763 255 -1 -1 -1 -1000 -1000 -1000 -10 0.907762
257 68 pedestrian -1 -1 -10 324 181 357 282 -1 -1 -1 -1000 -1000 -1000 -10 0.961513
257 69 pedestrian -1 -1 -10 398 181 430 265 -1 -1 -1 -1000 -1000 -1000 -10 0.626321
258 64 pedestrian -1 -1 -10 195 154 273 372 -1 -1 -1 -1000 -1000 -1000 -10 0.994467
258 65 pedestrian -1 -1 -10 358 179 399 305 -1 -1 -1 -1000 -1000 -1000 -10 0.924762
258 66 pedestrian -1 -1 -10 768 166 800 257 -1 -1 -1 -1000 -1000 -1000 -10 0.9946
258 67 pedestrian -1 -1 -10 739 167 771 257 -1 -1 -1 -1000 -1000 -1000 -10 0.949058
258 68 pedestrian -1 -1 -10 314 177 347 294 -1 -1 -1 -1000 -1000 -1000 -10 0.947854
258 69 pedestrian -1 -1 -10 392 180 425 272 -1 -1 -1 -1000 -1000 -1000 -10 0.928431
259 64 pedestrian -1 -1 -10 150 155 242 374 -1 -1 -1 -1000 -1000 -1000 -10 0.984011
259 65 pedestrian -1 -1 -10 342 185 393 305 -1 -1 -1 -1000 -1000 -1000 -10 0.932327
259 66 pedestrian -1 -1 -10 783 167 815 257 -1 -1 -1 -1000 -1000 -1000 -10 0.987696
259 67 pedestrian -1 -1 -10 751 164 785 259 -1 -1 -1 -1000 -1000 -1000 -10 0.964209
259 68 pedestrian -1 -1 -10 301 174 338 300 -1 -1 -1 -1000 -1000 -1000 -10 0.909467
259 69 pedestrian -1 -1 -10 389 178 425 272 -1 -1 -1 -1000 -1000 -1000 -10 0.952521
260 64 pedestrian -1 -1 -10 87 159 186 369 -1 -1 -1 -1000 -1000 -1000 -10 0.971833
260 65 pedestrian -1 -1 -10 325 155 382 335 -1 -1 -1 -1000 -1000 -1000 -10 0.920064
260 66 pedestrian -1 -1 -10 796 164 830 259 -1 -1 -1 -1000 -1000 -1000 -10 0.995639
260 67 pedestrian -1 -1 -10 765 160 799 261 -1 -1 -1 -1000 -1000 -1000 -10 0.990084
260 68 pedestrian -1 -1 -10 286 171 327 314 -1 -1 -1 -1000 -1000 -1000 -10 0.924163
260 69 pedestrian -1 -1 -10 385 176 421 275 -1 -1 -1 -1000 -1000 -1000 -10 0.959643
260 70 pedestrian -1 -1 -10 428 174 454 260 -1 -1 -1 -1000 -1000 -1000 -10 0.859975
261 64 pedestrian -1 -1 -10 11 146 130 375 -1 -1 -1 -1000 -1000 -1000 -10 0.869498
261 65 pedestrian -1 -1 -10 306 163 363 348 -1 -1 -1 -1000 -1000 -1000 -10 0.992325
261 66 pedestrian -1 -1 -10 814 162 854 263 -1 -1 -1 -1000 -1000 -1000 -10 0.99541
261 67 pedestrian -1 -1 -10 782 155 816 265 -1 -1 -1 -1000 -1000 -1000 -10 0.956836
261 68 pedestrian -1 -1 -10 268 164 312 324 -1 -1 -1 -1000 -1000 -1000 -10 0.936941
261 69 pedestrian -1 -1 -10 379 171 416 282 -1 -1 -1 -1000 -1000 -1000 -10 0.989385
261 70 pedestrian -1 -1 -10 424 175 453 260 -1 -1 -1 -1000 -1000 -1000 -10 0.913354
262 65 pedestrian -1 -1 -10 279 166 345 360 -1 -1 -1 -1000 -1000 -1000 -10 0.996035
262 66 pedestrian -1 -1 -10 831 160 871 269 -1 -1 -1 -1000 -1000 -1000 -10 0.977487
262 67 pedestrian -1 -1 -10 798 155 834 267 -1 -1 -1 -1000 -1000 -1000 -10 0.980926
262 68 pedestrian -1 -1 -10 248 164 293 329 -1 -1 -1 -1000 -1000 -1000 -10 0.456752
262 69 pedestrian -1 -1 -10 370 171 414 291 -1 -1 -1 -1000 -1000 -1000 -10 0.947565
262 70 pedestrian -1 -1 -10 419 179 448 264 -1 -1 -1 -1000 -1000 -1000 -10 0.847968
263 65 pedestrian -1 -1 -10 242 169 324 375 -1 -1 -1 -1000 -1000 -1000 -10 0.734169
263 66 pedestrian -1 -1 -10 853 162 904 272 -1 -1 -1 -1000 -1000 -1000 -10 0.813309
263 67 pedestrian -1 -1 -10 812 157 859 276 -1 -1 -1 -1000 -1000 -1000 -10 0.956165
263 68 pedestrian -1 -1 -10 217 152 285 365 -1 -1 -1 -1000 -1000 -1000 -10 0.306596
263 69 pedestrian -1 -1 -10 362 177 408 295 -1 -1 -1 -1000 -1000 -1000 -10 0.984553
263 70 pedestrian -1 -1 -10 415 179 445 268 -1 -1 -1 -1000 -1000 -1000 -10 0.949948
264 66 pedestrian -1 -1 -10 870 159 939 287 -1 -1 -1 -1000 -1000 -1000 -10 0.955014
264 67 pedestrian -1 -1 -10 828 159 891 288 -1 -1 -1 -1000 -1000 -1000 -10 0.803132
264 68 pedestrian -1 -1 -10 198 149 279 375 -1 -1 -1 -1000 -1000 -1000 -10 0.94635
264 69 pedestrian -1 -1 -10 348 167 400 315 -1 -1 -1 -1000 -1000 -1000 -10 0.928467
264 70 pedestrian -1 -1 -10 411 180 443 270 -1 -1 -1 -1000 -1000 -1000 -10 0.967606
265 66 pedestrian -1 -1 -10 899 151 973 299 -1 -1 -1 -1000 -1000 -1000 -10 0.957647
265 67 pedestrian -1 -1 -10 855 153 920 298 -1 -1 -1 -1000 -1000 -1000 -10 0.911098
265 68 pedestrian -1 -1 -10 137 158 235 362 -1 -1 -1 -1000 -1000 -1000 -10 0.936915
265 69 pedestrian -1 -1 -10 331 164 388 328 -1 -1 -1 -1000 -1000 -1000 -10 0.980848
265 70 pedestrian -1 -1 -10 402 179 437 274 -1 -1 -1 -1000 -1000 -1000 -10 0.920333
266 66 pedestrian -1 -1 -10 924 156 1010 306 -1 -1 -1 -1000 -1000 -1000 -10 0.972757
266 67 pedestrian -1 -1 -10 877 151 956 301 -1 -1 -1 -1000 -1000 -1000 -10 0.813376
266 68 pedestrian -1 -1 -10 13 154 202 366 -1 -1 -1 -1000 -1000 -1000 -10 0.869203
266 69 pedestrian -1 -1 -10 309 169 374 344 -1 -1 -1 -1000 -1000 -1000 -10 0.99556
266 70 pedestrian -1 -1 -10 397 177 435 277 -1 -1 -1 -1000 -1000 -1000 -10 0.955572
267 66 pedestrian -1 -1 -10 969 149 1055 314 -1 -1 -1 -1000 -1000 -1000 -10 0.984302
267 67 pedestrian -1 -1 -10 910 149 980 316 -1 -1 -1 -1000 -1000 -1000 -10 0.988577
267 68 pedestrian -1 -1 -10 31 161 145 372 -1 -1 -1 -1000 -1000 -1000 -10 0.842254
267 69 pedestrian -1 -1 -10 288 170 355 361 -1 -1 -1 -1000 -1000 -1000 -10 0.992229
267 70 pedestrian -1 -1 -10 397 174 430 287 -1 -1 -1 -1000 -1000 -1000 -10 0.734022
268 66 pedestrian -1 -1 -10 1015 142 1108 330 -1 -1 -1 -1000 -1000 -1000 -10 0.97706
268 67 pedestrian -1 -1 -10 943 140 1023 334 -1 -1 -1 -1000 -1000 -1000 -10 0.992004
268 69 pedestrian -1 -1 -10 252 181 328 366 -1 -1 -1 -1000 -1000 -1000 -10 0.906971
268 70 pedestrian -1 -1 -10 387 172 423 290 -1 -1 -1 -1000 -1000 -1000 -10 0.950738
269 66 pedestrian -1 -1 -10 1057 127 1173 357 -1 -1 -1 -1000 -1000 -1000 -10 0.907329
269 67 pedestrian -1 -1 -10 986 128 1076 355 -1 -1 -1 -1000 -1000 -1000 -10 0.96884
269 69 pedestrian -1 -1 -10 203 157 303 373 -1 -1 -1 -1000 -1000 -1000 -10 0.969323
269 70 pedestrian -1 -1 -10 374 178 416 290 -1 -1 -1 -1000 -1000 -1000 -10 0.985086
270 66 pedestrian -1 -1 -10 1112 119 1239 373 -1 -1 -1 -1000 -1000 -1000 -10 0.692974
270 67 pedestrian -1 -1 -10 1029 122 1144 369 -1 -1 -1 -1000 -1000 -1000 -10 0.739435
270 69 pedestrian -1 -1 -10 101 163 271 366 -1 -1 -1 -1000 -1000 -1000 -10 0.728814
270 70 pedestrian -1 -1 -10 368 173 409 300 -1 -1 -1 -1000 -1000 -1000 -10 0.980048
271 67 pedestrian -1 -1 -10 1051 125 1239 366 -1 -1 -1 -1000 -1000 -1000 -10 0.951761
271 69 pedestrian -1 -1 -10 0 173 215 361 -1 -1 -1 -1000 -1000 -1000 -10 0.971216
271 70 pedestrian -1 -1 -10 357 175 396 309 -1 -1 -1 -1000 -1000 -1000 -10 0.984342
272 67 pedestrian -1 -1 -10 1136 133 1242 353 -1 -1 -1 -1000 -1000 -1000 -10 0.42865
272 70 pedestrian -1 -1 -10 345 180 392 309 -1 -1 -1 -1000 -1000 -1000 -10 0.907156
273 70 pedestrian -1 -1 -10 332 181 382 312 -1 -1 -1 -1000 -1000 -1000 -10 0.925014
274 70 pedestrian -1 -1 -10 316 177 373 329 -1 -1 -1 -1000 -1000 -1000 -10 0.976753
274 71 car -1 -1 -10 0 258 128 375 -1 -1 -1 -1000 -1000 -1000 -10 0.586623
275 70 pedestrian -1 -1 -10 301 181 361 343 -1 -1 -1 -1000 -1000 -1000 -10 0.992126
276 70 pedestrian -1 -1 -10 281 176 344 352 -1 -1 -1 -1000 -1000 -1000 -10 0.997554
277 70 pedestrian -1 -1 -10 255 166 331 367 -1 -1 -1 -1000 -1000 -1000 -10 0.991307
278 70 pedestrian -1 -1 -10 226 170 314 375 -1 -1 -1 -1000 -1000 -1000 -10 0.989356
279 70 pedestrian -1 -1 -10 187 175 294 372 -1 -1 -1 -1000 -1000 -1000 -10 0.982567
280 70 pedestrian -1 -1 -10 147 168 271 375 -1 -1 -1 -1000 -1000 -1000 -10 0.738901
281 70 pedestrian -1 -1 -10 64 172 236 368 -1 -1 -1 -1000 -1000 -1000 -10 0.966772
282 70 pedestrian -1 -1 -10 0 167 196 364 -1 -1 -1 -1000 -1000 -1000 -10 0.991584
283 70 pedestrian -1 -1 -10 0 178 145 363 -1 -1 -1 -1000 -1000 -1000 -10 0.75972
283 72 pedestrian -1 -1 -10 384 169 411 265 -1 -1 -1 -1000 -1000 -1000 -10 0.932196
283 73 pedestrian -1 -1 -10 415 178 440 268 -1 -1 -1 -1000 -1000 -1000 -10 0.889539
284 72 pedestrian -1 -1 -10 376 169 403 265 -1 -1 -1 -1000 -1000 -1000 -10 0.799105
284 74 pedestrian -1 -1 -10 675 169 700 243 -1 -1 -1 -1000 -1000 -1000 -10 0.940453
285 72 pedestrian -1 -1 -10 366 169 398 272 -1 -1 -1 -1000 -1000 -1000 -10 0.930949
285 73 pedestrian -1 -1 -10 401 177 428 273 -1 -1 -1 -1000 -1000 -1000 -10 0.973933
285 74 pedestrian -1 -1 -10 683 173 708 246 -1 -1 -1 -1000 -1000 -1000 -10 0.91519
286 72 pedestrian -1 -1 -10 356 171 388 276 -1 -1 -1 -1000 -1000 -1000 -10 0.935863
286 73 pedestrian -1 -1 -10 393 176 421 286 -1 -1 -1 -1000 -1000 -1000 -10 0.873526
286 74 pedestrian -1 -1 -10 688 170 714 251 -1 -1 -1 -1000 -1000 -1000 -10 0.974971
287 72 pedestrian -1 -1 -10 342 167 375 287 -1 -1 -1 -1000 -1000 -1000 -10 0.888219
287 73 pedestrian -1 -1 -10 379 178 408 288 -1 -1 -1 -1000 -1000 -1000 -10 0.938461
288 72 pedestrian -1 -1 -10 324 170 364 291 -1 -1 -1 -1000 -1000 -1000 -10 0.977654
288 73 pedestrian -1 -1 -10 368 175 396 298 -1 -1 -1 -1000 -1000 -1000 -10 0.930118
288 74 pedestrian -1 -1 -10 706 171 732 256 -1 -1 -1 -1000 -1000 -1000 -10 0.986912
289 72 pedestrian -1 -1 -10 303 169 348 297 -1 -1 -1 -1000 -1000 -1000 -10 0.975843
289 73 pedestrian -1 -1 -10 348 178 387 305 -1 -1 -1 -1000 -1000 -1000 -10 0.951218
289 74 pedestrian -1 -1 -10 712 169 742 262 -1 -1 -1 -1000 -1000 -1000 -10 0.975684
290 72 pedestrian -1 -1 -10 281 161 331 312 -1 -1 -1 -1000 -1000 -1000 -10 0.825282
290 73 pedestrian -1 -1 -10 330 179 372 309 -1 -1 -1 -1000 -1000 -1000 -10 0.969153
290 74 pedestrian -1 -1 -10 722 169 751 262 -1 -1 -1 -1000 -1000 -1000 -10 0.910764
291 72 pedestrian -1 -1 -10 258 156 309 329 -1 -1 -1 -1000 -1000 -1000 -10 0.93397
291 73 pedestrian -1 -1 -10 305 164 358 328 -1 -1 -1 -1000 -1000 -1000 -10 0.905781
291 74 pedestrian -1 -1 -10 732 163 761 271 -1 -1 -1 -1000 -1000 -1000 -10 0.740485
292 72 pedestrian -1 -1 -10 230 158 285 345 -1 -1 -1 -1000 -1000 -1000 -10 0.961906
292 73 pedestrian -1 -1 -10 274 173 337 338 -1 -1 -1 -1000 -1000 -1000 -10 0.928259
292 74 pedestrian -1 -1 -10 740 175 776 270 -1 -1 -1 -1000 -1000 -1000 -10 0.949455
293 72 pedestrian -1 -1 -10 190 156 252 361 -1 -1 -1 -1000 -1000 -1000 -10 0.987916
293 73 pedestrian -1 -1 -10 238 164 307 367 -1 -1 -1 -1000 -1000 -1000 -10 0.981871
293 74 pedestrian -1 -1 -10 750 173 789 277 -1 -1 -1 -1000 -1000 -1000 -10 0.963032
294 72 pedestrian -1 -1 -10 137 149 216 375 -1 -1 -1 -1000 -1000 -1000 -10 0.987698
294 73 pedestrian -1 -1 -10 193 165 277 375 -1 -1 -1 -1000 -1000 -1000 -10 0.890456
294 74 pedestrian -1 -1 -10 765 168 804 283 -1 -1 -1 -1000 -1000 -1000 -10 0.912762
295 72 pedestrian -1 -1 -10 77 150 171 372 -1 -1 -1 -1000 -1000 -1000 -10 0.882279
295 73 pedestrian -1 -1 -10 136 160 236 372 -1 -1 -1 -1000 -1000 -1000 -10 0.807141
295 74 pedestrian -1 -1 -10 781 168 825 295 -1 -1 -1 -1000 -1000 -1000 -10 0.89592
296 73 pedestrian -1 -1 -10 13 152 190 363 -1 -1 -1 -1000 -1000 -1000 -10 0.61354
296 74 pedestrian -1 -1 -10 797 156 847 317 -1 -1 -1 -1000 -1000 -1000 -10 0.854206
297 72 pedestrian -1 -1 -10 0 157 99 375 -1 -1 -1 -1000 -1000 -1000 -10 0.594406
297 74 pedestrian -1 -1 -10 819 153 872 335 -1 -1 -1 -1000 -1000 -1000 -10 0.920431
298 74 pedestrian -1 -1 -10 841 151 903 359 -1 -1 -1 -1000 -1000 -1000 -10 0.814407
299 74 pedestrian -1 -1 -10 869 161 936 358 -1 -1 -1 -1000 -1000 -1000 -10 0.426203
300 74 pedestrian -1 -1 -10 905 165 977 355 -1 -1 -1 -1000 -1000 -1000 -10 0.881376
301 74 pedestrian -1 -1 -10 946 155 1038 361 -1 -1 -1 -1000 -1000 -1000 -10 0.939506
302 74 pedestrian -1 -1 -10 1016 153 1124 363 -1 -1 -1 -1000 -1000 -1000 -10 0.948152
303 74 pedestrian -1 -1 -10 1083 143 1242 370 -1 -1 -1 -1000 -1000 -1000 -10 0.693943
312 75 pedestrian -1 -1 -10 913 166 960 260 -1 -1 -1 -1000 -1000 -1000 -10 0.775793
313 75 pedestrian -1 -1 -10 934 166 980 263 -1 -1 -1 -1000 -1000 -1000 -10 0.892674
314 75 pedestrian -1 -1 -10 951 162 1006 266 -1 -1 -1 -1000 -1000 -1000 -10 0.621802
316 76 pedestrian -1 -1 -10 500 170 527 239 -1 -1 -1 -1000 -1000 -1000 -10 0.896736
316 77 pedestrian -1 -1 -10 1006 165 1063 275 -1 -1 -1 -1000 -1000 -1000 -10 0.429844
317 77 pedestrian -1 -1 -10 1034 158 1102 283 -1 -1 -1 -1000 -1000 -1000 -10 0.821518
318 77 pedestrian -1 -1 -10 1070 157 1138 291 -1 -1 -1 -1000 -1000 -1000 -10 0.9141
318 78 pedestrian -1 -1 -10 467 164 492 249 -1 -1 -1 -1000 -1000 -1000 -10 0.9431
319 77 pedestrian -1 -1 -10 1111 161 1183 300 -1 -1 -1 -1000 -1000 -1000 -10 0.69706
319 79 pedestrian -1 -1 -10 490 174 518 254 -1 -1 -1 -1000 -1000 -1000 -10 0.917544
320 77 pedestrian -1 -1 -10 1155 151 1228 316 -1 -1 -1 -1000 -1000 -1000 -10 0.943828
320 79 pedestrian -1 -1 -10 487 175 515 258 -1 -1 -1 -1000 -1000 -1000 -10 0.972286
321 79 pedestrian -1 -1 -10 478 177 509 257 -1 -1 -1 -1000 -1000 -1000 -10 0.87257
322 79 pedestrian -1 -1 -10 474 178 504 256 -1 -1 -1 -1000 -1000 -1000 -10 0.728158
322 80 pedestrian -1 -1 -10 445 170 472 263 -1 -1 -1 -1000 -1000 -1000 -10 0.979313
322 81 pedestrian -1 -1 -10 710 162 736 229 -1 -1 -1 -1000 -1000 -1000 -10 0.90493
323 79 pedestrian -1 -1 -10 468 175 499 259 -1 -1 -1 -1000 -1000 -1000 -10 0.531536
323 80 pedestrian -1 -1 -10 437 167 468 267 -1 -1 -1 -1000 -1000 -1000 -10 0.833028
323 81 pedestrian -1 -1 -10 717 159 745 230 -1 -1 -1 -1000 -1000 -1000 -10 0.970246
324 80 pedestrian -1 -1 -10 434 168 463 273 -1 -1 -1 -1000 -1000 -1000 -10 0.974248
324 81 pedestrian -1 -1 -10 724 156 752 235 -1 -1 -1 -1000 -1000 -1000 -10 0.9676
324 82 car -1 -1 -10 5 26 451 344 -1 -1 -1 -1000 -1000 -1000 -10 0.648982
324 83 pedestrian -1 -1 -10 467 180 496 263 -1 -1 -1 -1000 -1000 -1000 -10 0.948484
325 80 pedestrian -1 -1 -10 425 168 459 276 -1 -1 -1 -1000 -1000 -1000 -10 0.931418
325 81 pedestrian -1 -1 -10 731 162 764 236 -1 -1 -1 -1000 -1000 -1000 -10 0.888787
325 83 pedestrian -1 -1 -10 461 182 493 268 -1 -1 -1 -1000 -1000 -1000 -10 0.961459
325 84 pedestrian -1 -1 -10 696 163 724 236 -1 -1 -1 -1000 -1000 -1000 -10 0.984387
326 80 pedestrian -1 -1 -10 415 170 454 282 -1 -1 -1 -1000 -1000 -1000 -10 0.98037
326 81 pedestrian -1 -1 -10 739 163 765 238 -1 -1 -1 -1000 -1000 -1000 -10 0.976972
326 83 pedestrian -1 -1 -10 452 178 488 276 -1 -1 -1 -1000 -1000 -1000 -10 0.842952
326 84 pedestrian -1 -1 -10 704 163 730 239 -1 -1 -1 -1000 -1000 -1000 -10 0.995768
326 85 pedestrian -1 -1 -10 382 167 407 239 -1 -1 -1 -1000 -1000 -1000 -10 0.350562
327 80 pedestrian -1 -1 -10 405 172 447 291 -1 -1 -1 -1000 -1000 -1000 -10 0.984991
327 81 pedestrian -1 -1 -10 746 159 777 243 -1 -1 -1 -1000 -1000 -1000 -10 0.981704
327 83 pedestrian -1 -1 -10 446 187 484 279 -1 -1 -1 -1000 -1000 -1000 -10 0.882756
327 84 pedestrian -1 -1 -10 708 162 739 242 -1 -1 -1 -1000 -1000 -1000 -10 0.986358
327 85 pedestrian -1 -1 -10 374 165 402 244 -1 -1 -1 -1000 -1000 -1000 -10 0.806831
328 80 pedestrian -1 -1 -10 394 170 437 297 -1 -1 -1 -1000 -1000 -1000 -10 0.988945
328 81 pedestrian -1 -1 -10 753 156 783 245 -1 -1 -1 -1000 -1000 -1000 -10 0.924982
328 83 pedestrian -1 -1 -10 440 184 476 285 -1 -1 -1 -1000 -1000 -1000 -10 0.98882
328 84 pedestrian -1 -1 -10 716 162 745 244 -1 -1 -1 -1000 -1000 -1000 -10 0.993669
328 85 pedestrian -1 -1 -10 361 166 390 247 -1 -1 -1 -1000 -1000 -1000 -10 0.783838
329 80 pedestrian -1 -1 -10 381 171 425 299 -1 -1 -1 -1000 -1000 -1000 -10 0.977986
329 81 pedestrian -1 -1 -10 759 157 790 246 -1 -1 -1 -1000 -1000 -1000 -10 0.915055
329 83 pedestrian -1 -1 -10 425 187 468 295 -1 -1 -1 -1000 -1000 -1000 -10 0.975124
329 84 pedestrian -1 -1 -10 721 164 753 245 -1 -1 -1 -1000 -1000 -1000 -10 0.990074
329 85 pedestrian -1 -1 -10 352 169 383 251 -1 -1 -1 -1000 -1000 -1000 -10 0.878474
330 80 pedestrian -1 -1 -10 366 167 410 304 -1 -1 -1 -1000 -1000 -1000 -10 0.949017
330 81 pedestrian -1 -1 -10 769 157 802 248 -1 -1 -1 -1000 -1000 -1000 -10 0.958379
330 83 pedestrian -1 -1 -10 412 190 458 299 -1 -1 -1 -1000 -1000 -1000 -10 0.962243
330 84 pedestrian -1 -1 -10 725 162 762 250 -1 -1 -1 -1000 -1000 -1000 -10 0.982023
330 85 pedestrian -1 -1 -10 339 169 366 252 -1 -1 -1 -1000 -1000 -1000 -10 0.966202
331 80 pedestrian -1 -1 -10 346 170 400 317 -1 -1 -1 -1000 -1000 -1000 -10 0.94401
331 81 pedestrian -1 -1 -10 779 159 809 246 -1 -1 -1 -1000 -1000 -1000 -10 0.957765
331 83 pedestrian -1 -1 -10 394 182 443 312 -1 -1 -1 -1000 -1000 -1000 -10 0.912756
331 84 pedestrian -1 -1 -10 734 164 769 254 -1 -1 -1 -1000 -1000 -1000 -10 0.961665
331 85 pedestrian -1 -1 -10 320 169 353 258 -1 -1 -1 -1000 -1000 -1000 -10 0.931144
332 80 pedestrian -1 -1 -10 327 175 378 329 -1 -1 -1 -1000 -1000 -1000 -10 0.877618
332 81 pedestrian -1 -1 -10 787 155 822 257 -1 -1 -1 -1000 -1000 -1000 -10 0.932278
332 83 pedestrian -1 -1 -10 376 175 431 335 -1 -1 -1 -1000 -1000 -1000 -10 0.921861
332 84 pedestrian -1 -1 -10 740 161 776 258 -1 -1 -1 -1000 -1000 -1000 -10 0.908716
332 85 pedestrian -1 -1 -10 305 170 337 263 -1 -1 -1 -1000 -1000 -1000 -10 0.875503
333 80 pedestrian -1 -1 -10 308 169 360 344 -1 -1 -1 -1000 -1000 -1000 -10 0.996564
333 81 pedestrian -1 -1 -10 793 157 836 267 -1 -1 -1 -1000 -1000 -1000 -10 0.98031
333 83 pedestrian -1 -1 -10 359 180 414 335 -1 -1 -1 -1000 -1000 -1000 -10 0.983913
333 84 pedestrian -1 -1 -10 743 161 784 265 -1 -1 -1 -1000 -1000 -1000 -10 0.980795
333 85 pedestrian -1 -1 -10 288 174 323 266 -1 -1 -1 -1000 -1000 -1000 -10 0.799793
334 80 pedestrian -1 -1 -10 287 166 340 358 -1 -1 -1 -1000 -1000 -1000 -10 0.996867
334 81 pedestrian -1 -1 -10 805 155 847 268 -1 -1 -1 -1000 -1000 -1000 -10 0.944276
334 83 pedestrian -1 -1 -10 338 179 396 349 -1 -1 -1 -1000 -1000 -1000 -10 0.99121
334 84 pedestrian -1 -1 -10 754 160 793 269 -1 -1 -1 -1000 -1000 -1000 -10 0.963568
334 85 pedestrian -1 -1 -10 266 176 305 267 -1 -1 -1 -1000 -1000 -1000 -10 0.627916
335 80 pedestrian -1 -1 -10 256 173 321 372 -1 -1 -1 -1000 -1000 -1000 -10 0.98864
335 81 pedestrian -1 -1 -10 814 155 861 270 -1 -1 -1 -1000 -1000 -1000 -10 0.912898
335 83 pedestrian -1 -1 -10 312 185 379 363 -1 -1 -1 -1000 -1000 -1000 -10 0.993469
335 84 pedestrian -1 -1 -10 764 157 803 276 -1 -1 -1 -1000 -1000 -1000 -10 0.968834
335 85 pedestrian -1 -1 -10 247 174 291 276 -1 -1 -1 -1000 -1000 -1000 -10 0.54004
335 86 car -1 -1 -10 0 0 293 375 -1 -1 -1 -1000 -1000 -1000 -10 0.758807
336 80 pedestrian -1 -1 -10 223 170 290 375 -1 -1 -1 -1000 -1000 -1000 -10 0.99703
336 81 pedestrian -1 -1 -10 828 148 878 277 -1 -1 -1 -1000 -1000 -1000 -10 0.782088
336 83 pedestrian -1 -1 -10 283 181 344 372 -1 -1 -1 -1000 -1000 -1000 -10 0.995669
336 84 pedestrian -1 -1 -10 773 154 816 278 -1 -1 -1 -1000 -1000 -1000 -10 0.844353
336 85 pedestrian -1 -1 -10 220 169 264 279 -1 -1 -1 -1000 -1000 -1000 -10 0.562646
337 80 pedestrian -1 -1 -10 181 169 262 375 -1 -1 -1 -1000 -1000 -1000 -10 0.899662
337 81 pedestrian -1 -1 -10 844 145 906 288 -1 -1 -1 -1000 -1000 -1000 -10 0.971654
337 83 pedestrian -1 -1 -10 244 185 321 366 -1 -1 -1 -1000 -1000 -1000 -10 0.989297
337 84 pedestrian -1 -1 -10 770 154 843 288 -1 -1 -1 -1000 -1000 -1000 -10 0.976076
338 80 pedestrian -1 -1 -10 136 149 235 375 -1 -1 -1 -1000 -1000 -1000 -10 0.733725
338 81 pedestrian -1 -1 -10 861 144 932 298 -1 -1 -1 -1000 -1000 -1000 -10 0.989354
338 83 pedestrian -1 -1 -10 206 176 294 371 -1 -1 -1 -1000 -1000 -1000 -10 0.981766
338 84 pedestrian -1 -1 -10 784 147 860 295 -1 -1 -1 -1000 -1000 -1000 -10 0.998446
339 80 pedestrian -1 -1 -10 69 149 197 375 -1 -1 -1 -1000 -1000 -1000 -10 0.543417
339 81 pedestrian -1 -1 -10 875 144 958 303 -1 -1 -1 -1000 -1000 -1000 -10 0.983256
339 83 pedestrian -1 -1 -10 159 175 258 374 -1 -1 -1 -1000 -1000 -1000 -10 0.935356
339 84 pedestrian -1 -1 -10 800 141 876 305 -1 -1 -1 -1000 -1000 -1000 -10 0.99831
