0 0 car -1 -1 -10 382 181 445 225 -1 -1 -1 -1000 -1000 -1000 -10 0.999814
0 1 car -1 -1 -10 149 198 308 272 -1 -1 -1 -1000 -1000 -1000 -10 0.997192
0 2 car -1 -1 -10 457 185 497 207 -1 -1 -1 -1000 -1000 -1000 -10 0.929463
0 3 car -1 -1 -10 794 86 1242 343 -1 -1 -1 -1000 -1000 -1000 -10 0.449831
1 0 car -1 -1 -10 352 182 425 228 -1 -1 -1 -1000 -1000 -1000 -10 0.999919
1 1 car -1 -1 -10 13 202 253 291 -1 -1 -1 -1000 -1000 -1000 -10 0.998952
1 2 car -1 -1 -10 445 185 485 208 -1 -1 -1 -1000 -1000 -1000 -10 0.985789
1 3 car -1 -1 -10 845 66 1242 363 -1 -1 -1 -1000 -1000 -1000 -10 0.999581
2 0 car -1 -1 -10 319 182 404 238 -1 -1 -1 -1000 -1000 -1000 -10 0.999799
2 1 car -1 -1 -10 0 200 163 354 -1 -1 -1 -1000 -1000 -1000 -10 0.998027
2 2 car -1 -1 -10 428 185 473 212 -1 -1 -1 -1000 -1000 -1000 -10 0.994761
2 3 car -1 -1 -10 886 50 1242 375 -1 -1 -1 -1000 -1000 -1000 -10 0.998264
2 4 car -1 -1 -10 469 185 495 202 -1 -1 -1 -1000 -1000 -1000 -10 0.782831
3 0 car -1 -1 -10 270 182 377 244 -1 -1 -1 -1000 -1000 -1000 -10 0.999877
3 2 car -1 -1 -10 412 186 460 214 -1 -1 -1 -1000 -1000 -1000 -10 0.996626
3 3 car -1 -1 -10 935 12 1242 375 -1 -1 -1 -1000 -1000 -1000 -10 0.99987
3 4 car -1 -1 -10 459 185 487 204 -1 -1 -1 -1000 -1000 -1000 -10 0.914559
4 0 car -1 -1 -10 207 182 343 253 -1 -1 -1 -1000 -1000 -1000 -10 0.999582
4 2 car -1 -1 -10 391 187 446 220 -1 -1 -1 -1000 -1000 -1000 -10 0.998796
4 3 car -1 -1 -10 991 1 1242 375 -1 -1 -1 -1000 -1000 -1000 -10 0.999747
4 4 car -1 -1 -10 449 186 476 206 -1 -1 -1 -1000 -1000 -1000 -10 0.982998
5 0 car -1 -1 -10 114 184 300 267 -1 -1 -1 -1000 -1000 -1000 -10 0.996857
5 2 car -1 -1 -10 369 188 431 223 -1 -1 -1 -1000 -1000 -1000 -10 0.998177
5 3 car -1 -1 -10 1076 12 1242 375 -1 -1 -1 -1000 -1000 -1000 -10 0.98841
5 4 car -1 -1 -10 434 186 465 207 -1 -1 -1 -1000 -1000 -1000 -10 0.953119
6 0 car -1 -1 -10 0 187 226 285 -1 -1 -1 -1000 -1000 -1000 -10 0.999758
6 2 car -1 -1 -10 341 187 411 226 -1 -1 -1 -1000 -1000 -1000 -10 0.999386
6 4 car -1 -1 -10 418 185 454 208 -1 -1 -1 -1000 -1000 -1000 -10 0.993637
7 0 car -1 -1 -10 0 189 138 302 -1 -1 -1 -1000 -1000 -1000 -10 0.999714
7 2 car -1 -1 -10 309 190 388 231 -1 -1 -1 -1000 -1000 -1000 -10 0.999587
7 4 car -1 -1 -10 403 186 444 211 -1 -1 -1 -1000 -1000 -1000 -10 0.997107
8 2 car -1 -1 -10 268 190 359 238 -1 -1 -1 -1000 -1000 -1000 -10 0.999923
8 4 car -1 -1 -10 382 186 426 215 -1 -1 -1 -1000 -1000 -1000 -10 0.999534
9 2 car -1 -1 -10 215 191 330 246 -1 -1 -1 -1000 -1000 -1000 -10 0.999837
9 4 car -1 -1 -10 359 188 411 218 -1 -1 -1 -1000 -1000 -1000 -10 0.999053
10 2 car -1 -1 -10 147 193 286 260 -1 -1 -1 -1000 -1000 -1000 -10 0.999576
10 4 car -1 -1 -10 331 189 393 224 -1 -1 -1 -1000 -1000 -1000 -10 0.998569
11 2 car -1 -1 -10 34 196 237 280 -1 -1 -1 -1000 -1000 -1000 -10 0.999629
11 4 car -1 -1 -10 300 189 367 233 -1 -1 -1 -1000 -1000 -1000 -10 0.999747
12 2 car -1 -1 -10 0 198 161 306 -1 -1 -1 -1000 -1000 -1000 -10 0.999226
12 4 car -1 -1 -10 262 190 338 239 -1 -1 -1 -1000 -1000 -1000 -10 0.99984
13 0 car -1 -1 -10 0 199 36 323 -1 -1 -1 -1000 -1000 -1000 -10 0.498788
13 4 car -1 -1 -10 209 193 308 247 -1 -1 -1 -1000 -1000 -1000 -10 0.99919
14 4 car -1 -1 -10 145 195 266 258 -1 -1 -1 -1000 -1000 -1000 -10 0.997556
15 4 car -1 -1 -10 52 199 206 267 -1 -1 -1 -1000 -1000 -1000 -10 0.999734
16 2 car -1 -1 -10 0 202 134 289 -1 -1 -1 -1000 -1000 -1000 -10 0.987651
20 5 car -1 -1 -10 467 170 493 201 -1 -1 -1 -1000 -1000 -1000 -10 0.935172
21 5 car -1 -1 -10 465 171 493 201 -1 -1 -1 -1000 -1000 -1000 -10 0.981307
22 5 car -1 -1 -10 465 170 492 202 -1 -1 -1 -1000 -1000 -1000 -10 0.948758
23 5 car -1 -1 -10 463 172 492 205 -1 -1 -1 -1000 -1000 -1000 -10 0.979927
24 5 car -1 -1 -10 462 171 494 207 -1 -1 -1 -1000 -1000 -1000 -10 0.994346
25 5 car -1 -1 -10 461 173 493 209 -1 -1 -1 -1000 -1000 -1000 -10 0.99853
26 5 car -1 -1 -10 460 174 493 211 -1 -1 -1 -1000 -1000 -1000 -10 0.998757
27 5 car -1 -1 -10 459 172 493 211 -1 -1 -1 -1000 -1000 -1000 -10 0.997583
28 5 car -1 -1 -10 458 171 494 211 -1 -1 -1 -1000 -1000 -1000 -10 0.997935
29 5 car -1 -1 -10 455 171 493 212 -1 -1 -1 -1000 -1000 -1000 -10 0.996441
30 5 car -1 -1 -10 454 169 492 212 -1 -1 -1 -1000 -1000 -1000 -10 0.999014
31 5 car -1 -1 -10 451 168 491 212 -1 -1 -1 -1000 -1000 -1000 -10 0.999649
32 5 car -1 -1 -10 448 167 491 211 -1 -1 -1 -1000 -1000 -1000 -10 0.997436
33 5 car -1 -1 -10 444 165 492 212 -1 -1 -1 -1000 -1000 -1000 -10 0.999055
34 5 car -1 -1 -10 442 165 491 212 -1 -1 -1 -1000 -1000 -1000 -10 0.998301
35 5 car -1 -1 -10 438 161 486 211 -1 -1 -1 -1000 -1000 -1000 -10 0.999636
36 5 car -1 -1 -10 433 164 484 212 -1 -1 -1 -1000 -1000 -1000 -10 0.999755
37 5 car -1 -1 -10 428 165 482 216 -1 -1 -1 -1000 -1000 -1000 -10 0.999776
38 5 car -1 -1 -10 420 164 480 218 -1 -1 -1 -1000 -1000 -1000 -10 0.999963
39 5 car -1 -1 -10 414 163 476 218 -1 -1 -1 -1000 -1000 -1000 -10 0.999747
40 5 car -1 -1 -10 404 163 470 222 -1 -1 -1 -1000 -1000 -1000 -10 0.999947
41 5 car -1 -1 -10 395 164 464 227 -1 -1 -1 -1000 -1000 -1000 -10 0.999516
42 5 car -1 -1 -10 383 169 458 231 -1 -1 -1 -1000 -1000 -1000 -10 0.998777
43 5 car -1 -1 -10 368 168 453 230 -1 -1 -1 -1000 -1000 -1000 -10 0.985696
44 5 car -1 -1 -10 355 164 449 231 -1 -1 -1 -1000 -1000 -1000 -10 0.999529
45 5 car -1 -1 -10 336 163 441 235 -1 -1 -1 -1000 -1000 -1000 -10 0.999606
46 5 car -1 -1 -10 321 160 434 240 -1 -1 -1 -1000 -1000 -1000 -10 0.999587
47 5 car -1 -1 -10 300 159 423 245 -1 -1 -1 -1000 -1000 -1000 -10 0.999591
48 5 car -1 -1 -10 279 154 411 251 -1 -1 -1 -1000 -1000 -1000 -10 0.99918
49 5 car -1 -1 -10 250 145 396 261 -1 -1 -1 -1000 -1000 -1000 -10 0.999875
50 5 car -1 -1 -10 204 152 393 268 -1 -1 -1 -1000 -1000 -1000 -10 0.998788
51 5 car -1 -1 -10 163 138 374 287 -1 -1 -1 -1000 -1000 -1000 -10 0.999848
52 5 car -1 -1 -10 108 128 345 299 -1 -1 -1 -1000 -1000 -1000 -10 0.999975
53 5 car -1 -1 -10 21 128 320 311 -1 -1 -1 -1000 -1000 -1000 -10 0.999965
54 5 car -1 -1 -10 0 120 292 327 -1 -1 -1 -1000 -1000 -1000 -10 0.997235
55 5 car -1 -1 -10 0 95 254 356 -1 -1 -1 -1000 -1000 -1000 -10 0.994144
56 5 car -1 -1 -10 0 78 188 359 -1 -1 -1 -1000 -1000 -1000 -10 0.978854
57 5 car -1 -1 -10 0 72 108 375 -1 -1 -1 -1000 -1000 -1000 -10 0.976203
83 6 car -1 -1 -10 497 179 524 197 -1 -1 -1 -1000 -1000 -1000 -10 0.970783
84 6 car -1 -1 -10 489 179 519 199 -1 -1 -1 -1000 -1000 -1000 -10 0.995195
85 6 car -1 -1 -10 480 179 512 201 -1 -1 -1 -1000 -1000 -1000 -10 0.998445
86 6 car -1 -1 -10 471 180 505 205 -1 -1 -1 -1000 -1000 -1000 -10 0.999409
87 6 car -1 -1 -10 459 181 496 208 -1 -1 -1 -1000 -1000 -1000 -10 0.999625
88 6 car -1 -1 -10 446 181 486 211 -1 -1 -1 -1000 -1000 -1000 -10 0.999557
89 6 car -1 -1 -10 427 181 476 212 -1 -1 -1 -1000 -1000 -1000 -10 0.999583
90 6 car -1 -1 -10 405 181 463 216 -1 -1 -1 -1000 -1000 -1000 -10 0.999666
90 7 car -1 -1 -10 486 178 513 197 -1 -1 -1 -1000 -1000 -1000 -10 0.966093
91 6 car -1 -1 -10 380 183 446 221 -1 -1 -1 -1000 -1000 -1000 -10 0.999918
91 7 car -1 -1 -10 477 177 507 199 -1 -1 -1 -1000 -1000 -1000 -10 0.998037
92 6 car -1 -1 -10 344 184 426 228 -1 -1 -1 -1000 -1000 -1000 -10 0.999973
92 7 car -1 -1 -10 468 178 499 202 -1 -1 -1 -1000 -1000 -1000 -10 0.999377
93 6 car -1 -1 -10 298 186 396 236 -1 -1 -1 -1000 -1000 -1000 -10 0.999893
93 7 car -1 -1 -10 456 177 492 204 -1 -1 -1 -1000 -1000 -1000 -10 0.998516
94 6 car -1 -1 -10 236 188 363 246 -1 -1 -1 -1000 -1000 -1000 -10 0.999994
94 7 car -1 -1 -10 442 177 483 206 -1 -1 -1 -1000 -1000 -1000 -10 0.999489
95 6 car -1 -1 -10 135 189 319 271 -1 -1 -1 -1000 -1000 -1000 -10 0.999834
95 7 car -1 -1 -10 425 179 473 210 -1 -1 -1 -1000 -1000 -1000 -10 0.999902
96 6 car -1 -1 -10 0 194 247 298 -1 -1 -1 -1000 -1000 -1000 -10 0.99993
96 7 car -1 -1 -10 405 180 463 216 -1 -1 -1 -1000 -1000 -1000 -10 0.999239
97 6 car -1 -1 -10 0 205 142 327 -1 -1 -1 -1000 -1000 -1000 -10 0.986698
97 7 car -1 -1 -10 381 180 447 221 -1 -1 -1 -1000 -1000 -1000 -10 0.999977
98 7 car -1 -1 -10 350 182 426 227 -1 -1 -1 -1000 -1000 -1000 -10 0.999995
99 7 car -1 -1 -10 307 183 401 237 -1 -1 -1 -1000 -1000 -1000 -10 0.999964
100 7 car -1 -1 -10 244 185 369 247 -1 -1 -1 -1000 -1000 -1000 -10 0.999992
101 7 car -1 -1 -10 154 185 321 269 -1 -1 -1 -1000 -1000 -1000 -10 0.999849
102 7 car -1 -1 -10 0 189 262 297 -1 -1 -1 -1000 -1000 -1000 -10 0.999888
103 6 car -1 -1 -10 0 189 151 348 -1 -1 -1 -1000 -1000 -1000 -10 0.999888
103 8 car -1 -1 -10 491 178 519 197 -1 -1 -1 -1000 -1000 -1000 -10 0.938795
104 8 car -1 -1 -10 485 179 515 199 -1 -1 -1 -1000 -1000 -1000 -10 0.996831
105 8 car -1 -1 -10 476 179 508 201 -1 -1 -1 -1000 -1000 -1000 -10 0.999535
106 8 car -1 -1 -10 466 178 501 203 -1 -1 -1 -1000 -1000 -1000 -10 0.999407
107 8 car -1 -1 -10 453 178 494 205 -1 -1 -1 -1000 -1000 -1000 -10 0.999346
108 8 car -1 -1 -10 439 179 483 208 -1 -1 -1 -1000 -1000 -1000 -10 0.999812
109 8 car -1 -1 -10 422 178 472 213 -1 -1 -1 -1000 -1000 -1000 -10 0.999731
110 8 car -1 -1 -10 395 181 462 217 -1 -1 -1 -1000 -1000 -1000 -10 0.999918
111 8 car -1 -1 -10 370 180 443 222 -1 -1 -1 -1000 -1000 -1000 -10 0.999987
112 8 car -1 -1 -10 336 181 421 227 -1 -1 -1 -1000 -1000 -1000 -10 0.999972
113 8 car -1 -1 -10 286 183 397 236 -1 -1 -1 -1000 -1000 -1000 -10 0.999954
114 8 car -1 -1 -10 219 183 360 246 -1 -1 -1 -1000 -1000 -1000 -10 0.999979
114 9 car -1 -1 -10 488 175 515 195 -1 -1 -1 -1000 -1000 -1000 -10 0.993299
115 8 car -1 -1 -10 111 182 311 270 -1 -1 -1 -1000 -1000 -1000 -10 0.999959
115 9 car -1 -1 -10 482 175 513 197 -1 -1 -1 -1000 -1000 -1000 -10 0.987996
116 8 car -1 -1 -10 0 183 234 312 -1 -1 -1 -1000 -1000 -1000 -10 0.999059
116 9 car -1 -1 -10 473 178 506 201 -1 -1 -1 -1000 -1000 -1000 -10 0.997443
117 8 car -1 -1 -10 0 188 102 352 -1 -1 -1 -1000 -1000 -1000 -10 0.994308
117 9 car -1 -1 -10 462 178 499 204 -1 -1 -1 -1000 -1000 -1000 -10 0.999687
118 9 car -1 -1 -10 452 178 491 207 -1 -1 -1 -1000 -1000 -1000 -10 0.999831
119 9 car -1 -1 -10 437 177 482 209 -1 -1 -1 -1000 -1000 -1000 -10 0.999878
120 9 car -1 -1 -10 418 178 474 214 -1 -1 -1 -1000 -1000 -1000 -10 0.99939
121 9 car -1 -1 -10 395 181 463 219 -1 -1 -1 -1000 -1000 -1000 -10 0.999957
122 9 car -1 -1 -10 372 181 445 225 -1 -1 -1 -1000 -1000 -1000 -10 0.99999
123 9 car -1 -1 -10 338 181 426 231 -1 -1 -1 -1000 -1000 -1000 -10 0.999962
124 9 car -1 -1 -10 289 182 401 242 -1 -1 -1 -1000 -1000 -1000 -10 0.99999
125 9 car -1 -1 -10 219 185 364 258 -1 -1 -1 -1000 -1000 -1000 -10 0.999991
126 9 car -1 -1 -10 110 187 312 284 -1 -1 -1 -1000 -1000 -1000 -10 0.999992
127 9 car -1 -1 -10 0 191 235 333 -1 -1 -1 -1000 -1000 -1000 -10 0.999851
128 10 car -1 -1 -10 0 194 101 357 -1 -1 -1 -1000 -1000 -1000 -10 0.997717
155 11 car -1 -1 -10 574 169 600 189 -1 -1 -1 -1000 -1000 -1000 -10 0.984485
156 11 car -1 -1 -10 575 169 600 190 -1 -1 -1 -1000 -1000 -1000 -10 0.984248
157 11 car -1 -1 -10 575 173 601 194 -1 -1 -1 -1000 -1000 -1000 -10 0.981756
158 11 car -1 -1 -10 574 176 603 199 -1 -1 -1 -1000 -1000 -1000 -10 0.936165
159 11 car -1 -1 -10 576 179 604 200 -1 -1 -1 -1000 -1000 -1000 -10 0.974983
160 11 car -1 -1 -10 576 178 605 201 -1 -1 -1 -1000 -1000 -1000 -10 0.982968
161 12 car -1 -1 -10 577 170 604 193 -1 -1 -1 -1000 -1000 -1000 -10 0.992496
162 12 car -1 -1 -10 578 163 604 187 -1 -1 -1 -1000 -1000 -1000 -10 0.985397
163 12 car -1 -1 -10 577 166 606 189 -1 -1 -1 -1000 -1000 -1000 -10 0.96106
164 12 car -1 -1 -10 576 168 607 191 -1 -1 -1 -1000 -1000 -1000 -10 0.995722
165 12 car -1 -1 -10 577 171 607 197 -1 -1 -1 -1000 -1000 -1000 -10 0.997518
166 12 car -1 -1 -10 577 173 608 197 -1 -1 -1 -1000 -1000 -1000 -10 0.992244
167 12 car -1 -1 -10 576 171 609 196 -1 -1 -1 -1000 -1000 -1000 -10 0.997964
168 12 car -1 -1 -10 577 172 609 197 -1 -1 -1 -1000 -1000 -1000 -10 0.996779
169 12 car -1 -1 -10 578 173 610 198 -1 -1 -1 -1000 -1000 -1000 -10 0.993169
170 11 car -1 -1 -10 577 176 612 203 -1 -1 -1 -1000 -1000 -1000 -10 0.995347
171 11 car -1 -1 -10 579 181 611 207 -1 -1 -1 -1000 -1000 -1000 -10 0.99813
171 13 car -1 -1 -10 542 180 568 202 -1 -1 -1 -1000 -1000 -1000 -10 0.993864
172 11 car -1 -1 -10 580 182 612 208 -1 -1 -1 -1000 -1000 -1000 -10 0.997322
172 13 car -1 -1 -10 541 181 568 202 -1 -1 -1 -1000 -1000 -1000 -10 0.98938
173 11 car -1 -1 -10 579 179 613 206 -1 -1 -1 -1000 -1000 -1000 -10 0.998845
173 13 car -1 -1 -10 541 179 567 200 -1 -1 -1 -1000 -1000 -1000 -10 0.99447
174 11 car -1 -1 -10 581 177 613 205 -1 -1 -1 -1000 -1000 -1000 -10 0.997724
174 13 car -1 -1 -10 541 178 567 199 -1 -1 -1 -1000 -1000 -1000 -10 0.991254
175 11 car -1 -1 -10 581 177 614 205 -1 -1 -1 -1000 -1000 -1000 -10 0.998494
175 13 car -1 -1 -10 540 178 568 199 -1 -1 -1 -1000 -1000 -1000 -10 0.991789
176 11 car -1 -1 -10 581 178 615 206 -1 -1 -1 -1000 -1000 -1000 -10 0.997493
176 13 car -1 -1 -10 539 178 568 200 -1 -1 -1 -1000 -1000 -1000 -10 0.994598
177 11 car -1 -1 -10 581 178 616 207 -1 -1 -1 -1000 -1000 -1000 -10 0.993426
177 13 car -1 -1 -10 539 179 569 201 -1 -1 -1 -1000 -1000 -1000 -10 0.998387
178 11 car -1 -1 -10 581 180 616 207 -1 -1 -1 -1000 -1000 -1000 -10 0.993057
178 13 car -1 -1 -10 539 179 569 202 -1 -1 -1 -1000 -1000 -1000 -10 0.998268
179 11 car -1 -1 -10 583 181 618 209 -1 -1 -1 -1000 -1000 -1000 -10 0.99774
179 13 car -1 -1 -10 539 180 569 203 -1 -1 -1 -1000 -1000 -1000 -10 0.998096
180 11 car -1 -1 -10 584 181 618 210 -1 -1 -1 -1000 -1000 -1000 -10 0.998509
180 13 car -1 -1 -10 538 180 569 204 -1 -1 -1 -1000 -1000 -1000 -10 0.997748
181 11 car -1 -1 -10 584 180 619 210 -1 -1 -1 -1000 -1000 -1000 -10 0.998299
181 13 car -1 -1 -10 538 180 569 204 -1 -1 -1 -1000 -1000 -1000 -10 0.99815
182 11 car -1 -1 -10 584 180 620 209 -1 -1 -1 -1000 -1000 -1000 -10 0.998444
182 13 car -1 -1 -10 537 179 569 204 -1 -1 -1 -1000 -1000 -1000 -10 0.998435
183 11 car -1 -1 -10 584 180 621 211 -1 -1 -1 -1000 -1000 -1000 -10 0.99764
183 13 car -1 -1 -10 536 180 569 205 -1 -1 -1 -1000 -1000 -1000 -10 0.998722
184 11 car -1 -1 -10 584 181 621 212 -1 -1 -1 -1000 -1000 -1000 -10 0.992998
184 13 car -1 -1 -10 535 181 568 207 -1 -1 -1 -1000 -1000 -1000 -10 0.9994
185 11 car -1 -1 -10 583 182 624 215 -1 -1 -1 -1000 -1000 -1000 -10 0.986983
185 13 car -1 -1 -10 534 181 568 208 -1 -1 -1 -1000 -1000 -1000 -10 0.999284
186 11 car -1 -1 -10 583 182 624 215 -1 -1 -1 -1000 -1000 -1000 -10 0.995309
186 13 car -1 -1 -10 533 181 567 209 -1 -1 -1 -1000 -1000 -1000 -10 0.999493
187 11 car -1 -1 -10 582 182 625 216 -1 -1 -1 -1000 -1000 -1000 -10 0.997923
187 13 car -1 -1 -10 532 182 566 209 -1 -1 -1 -1000 -1000 -1000 -10 0.999319
188 11 car -1 -1 -10 582 182 624 216 -1 -1 -1 -1000 -1000 -1000 -10 0.998314
188 13 car -1 -1 -10 531 182 566 209 -1 -1 -1 -1000 -1000 -1000 -10 0.998375
189 11 car -1 -1 -10 582 182 624 216 -1 -1 -1 -1000 -1000 -1000 -10 0.994207
189 13 car -1 -1 -10 528 180 565 209 -1 -1 -1 -1000 -1000 -1000 -10 0.997247
189 14 car -1 -1 -10 448 176 474 196 -1 -1 -1 -1000 -1000 -1000 -10 0.578835
190 11 car -1 -1 -10 583 179 622 213 -1 -1 -1 -1000 -1000 -1000 -10 0.996187
190 13 car -1 -1 -10 527 177 564 208 -1 -1 -1 -1000 -1000 -1000 -10 0.999274
191 11 car -1 -1 -10 582 179 622 214 -1 -1 -1 -1000 -1000 -1000 -10 0.996643
191 13 car -1 -1 -10 525 178 563 207 -1 -1 -1 -1000 -1000 -1000 -10 0.99958
191 14 car -1 -1 -10 434 175 462 196 -1 -1 -1 -1000 -1000 -1000 -10 0.456138
192 11 car -1 -1 -10 581 181 625 217 -1 -1 -1 -1000 -1000 -1000 -10 0.998782
192 13 car -1 -1 -10 524 179 561 209 -1 -1 -1 -1000 -1000 -1000 -10 0.999689
192 14 car -1 -1 -10 426 177 453 199 -1 -1 -1 -1000 -1000 -1000 -10 0.527886
193 11 car -1 -1 -10 580 181 625 218 -1 -1 -1 -1000 -1000 -1000 -10 0.999574
193 13 car -1 -1 -10 523 181 560 210 -1 -1 -1 -1000 -1000 -1000 -10 0.999732
193 14 car -1 -1 -10 416 177 444 201 -1 -1 -1 -1000 -1000 -1000 -10 0.772031
194 11 car -1 -1 -10 579 182 624 219 -1 -1 -1 -1000 -1000 -1000 -10 0.999565
194 13 car -1 -1 -10 522 181 559 210 -1 -1 -1 -1000 -1000 -1000 -10 0.999707
194 14 car -1 -1 -10 405 178 438 202 -1 -1 -1 -1000 -1000 -1000 -10 0.80691
195 11 car -1 -1 -10 578 182 624 219 -1 -1 -1 -1000 -1000 -1000 -10 0.999386
195 13 car -1 -1 -10 520 180 558 211 -1 -1 -1 -1000 -1000 -1000 -10 0.999659
195 14 car -1 -1 -10 393 180 428 204 -1 -1 -1 -1000 -1000 -1000 -10 0.854407
196 11 car -1 -1 -10 577 182 625 219 -1 -1 -1 -1000 -1000 -1000 -10 0.998907
196 13 car -1 -1 -10 519 180 558 211 -1 -1 -1 -1000 -1000 -1000 -10 0.999377
196 14 car -1 -1 -10 382 180 416 206 -1 -1 -1 -1000 -1000 -1000 -10 0.84766
197 11 car -1 -1 -10 577 182 621 219 -1 -1 -1 -1000 -1000 -1000 -10 0.997774
197 13 car -1 -1 -10 517 180 556 210 -1 -1 -1 -1000 -1000 -1000 -10 0.999196
197 14 car -1 -1 -10 365 179 406 208 -1 -1 -1 -1000 -1000 -1000 -10 0.962223
198 11 car -1 -1 -10 577 182 620 219 -1 -1 -1 -1000 -1000 -1000 -10 0.998326
198 13 car -1 -1 -10 515 179 555 210 -1 -1 -1 -1000 -1000 -1000 -10 0.99936
198 14 car -1 -1 -10 348 178 395 210 -1 -1 -1 -1000 -1000 -1000 -10 0.937022
199 11 car -1 -1 -10 576 182 621 220 -1 -1 -1 -1000 -1000 -1000 -10 0.999246
199 13 car -1 -1 -10 513 179 554 211 -1 -1 -1 -1000 -1000 -1000 -10 0.999669
199 14 car -1 -1 -10 329 178 380 213 -1 -1 -1 -1000 -1000 -1000 -10 0.875103
200 11 car -1 -1 -10 575 183 621 221 -1 -1 -1 -1000 -1000 -1000 -10 0.999214
200 13 car -1 -1 -10 512 179 553 211 -1 -1 -1 -1000 -1000 -1000 -10 0.99971
200 14 car -1 -1 -10 302 180 367 217 -1 -1 -1 -1000 -1000 -1000 -10 0.977412
200 15 car -1 -1 -10 600 164 626 198 -1 -1 -1 -1000 -1000 -1000 -10 0.999509
201 11 car -1 -1 -10 574 183 621 222 -1 -1 -1 -1000 -1000 -1000 -10 0.999482
201 13 car -1 -1 -10 512 179 552 211 -1 -1 -1 -1000 -1000 -1000 -10 0.999735
201 14 car -1 -1 -10 275 181 345 219 -1 -1 -1 -1000 -1000 -1000 -10 0.997314
202 11 car -1 -1 -10 572 182 620 223 -1 -1 -1 -1000 -1000 -1000 -10 0.999406
202 13 car -1 -1 -10 511 178 552 211 -1 -1 -1 -1000 -1000 -1000 -10 0.999864
202 14 car -1 -1 -10 242 179 325 222 -1 -1 -1 -1000 -1000 -1000 -10 0.999543
202 15 car -1 -1 -10 599 163 624 197 -1 -1 -1 -1000 -1000 -1000 -10 0.99907
203 11 car -1 -1 -10 571 183 619 224 -1 -1 -1 -1000 -1000 -1000 -10 0.998746
203 13 car -1 -1 -10 510 178 551 212 -1 -1 -1 -1000 -1000 -1000 -10 0.999808
203 14 car -1 -1 -10 203 181 298 228 -1 -1 -1 -1000 -1000 -1000 -10 0.999791
203 15 car -1 -1 -10 598 163 624 197 -1 -1 -1 -1000 -1000 -1000 -10 0.997032
203 16 car -1 -1 -10 401 179 434 198 -1 -1 -1 -1000 -1000 -1000 -10 0.873048
204 11 car -1 -1 -10 569 185 622 227 -1 -1 -1 -1000 -1000 -1000 -10 0.998926
204 13 car -1 -1 -10 508 182 552 215 -1 -1 -1 -1000 -1000 -1000 -10 0.999688
204 14 car -1 -1 -10 145 188 273 237 -1 -1 -1 -1000 -1000 -1000 -10 0.99976
204 15 car -1 -1 -10 595 165 623 201 -1 -1 -1 -1000 -1000 -1000 -10 0.993893
204 16 car -1 -1 -10 391 182 425 202 -1 -1 -1 -1000 -1000 -1000 -10 0.99312
205 11 car -1 -1 -10 568 187 621 232 -1 -1 -1 -1000 -1000 -1000 -10 0.998855
205 13 car -1 -1 -10 508 185 551 218 -1 -1 -1 -1000 -1000 -1000 -10 0.999824
205 14 car -1 -1 -10 83 188 233 251 -1 -1 -1 -1000 -1000 -1000 -10 0.999851
205 15 car -1 -1 -10 596 168 622 202 -1 -1 -1 -1000 -1000 -1000 -10 0.992533
205 16 car -1 -1 -10 382 184 417 207 -1 -1 -1 -1000 -1000 -1000 -10 0.994766
206 11 car -1 -1 -10 568 186 621 232 -1 -1 -1 -1000 -1000 -1000 -10 0.999011
206 13 car -1 -1 -10 507 185 551 218 -1 -1 -1 -1000 -1000 -1000 -10 0.999792
206 14 car -1 -1 -10 0 186 185 266 -1 -1 -1 -1000 -1000 -1000 -10 0.9995
206 15 car -1 -1 -10 595 168 621 202 -1 -1 -1 -1000 -1000 -1000 -10 0.997597
206 16 car -1 -1 -10 369 185 407 208 -1 -1 -1 -1000 -1000 -1000 -10 0.996762
207 11 car -1 -1 -10 567 184 621 227 -1 -1 -1 -1000 -1000 -1000 -10 0.999464
207 13 car -1 -1 -10 506 182 551 215 -1 -1 -1 -1000 -1000 -1000 -10 0.99942
207 14 car -1 -1 -10 0 183 124 277 -1 -1 -1 -1000 -1000 -1000 -10 0.99769
207 15 car -1 -1 -10 594 163 620 200 -1 -1 -1 -1000 -1000 -1000 -10 0.999458
207 16 car -1 -1 -10 355 182 397 208 -1 -1 -1 -1000 -1000 -1000 -10 0.999675
208 11 car -1 -1 -10 567 179 620 225 -1 -1 -1 -1000 -1000 -1000 -10 0.999567
208 13 car -1 -1 -10 505 177 551 211 -1 -1 -1 -1000 -1000 -1000 -10 0.999338
208 15 car -1 -1 -10 593 161 619 195 -1 -1 -1 -1000 -1000 -1000 -10 0.989485
208 16 car -1 -1 -10 339 179 387 207 -1 -1 -1 -1000 -1000 -1000 -10 0.999767
208 17 car -1 -1 -10 0 177 32 302 -1 -1 -1 -1000 -1000 -1000 -10 0.553112
209 11 car -1 -1 -10 567 177 620 224 -1 -1 -1 -1000 -1000 -1000 -10 0.99967
209 13 car -1 -1 -10 504 176 551 210 -1 -1 -1 -1000 -1000 -1000 -10 0.999556
209 16 car -1 -1 -10 320 177 376 208 -1 -1 -1 -1000 -1000 -1000 -10 0.999839
210 11 car -1 -1 -10 566 178 620 224 -1 -1 -1 -1000 -1000 -1000 -10 0.999689
210 13 car -1 -1 -10 505 177 551 211 -1 -1 -1 -1000 -1000 -1000 -10 0.999322
210 15 car -1 -1 -10 590 160 618 195 -1 -1 -1 -1000 -1000 -1000 -10 0.980298
210 16 car -1 -1 -10 301 180 361 212 -1 -1 -1 -1000 -1000 -1000 -10 0.999816
211 11 car -1 -1 -10 566 179 620 225 -1 -1 -1 -1000 -1000 -1000 -10 0.999866
211 13 car -1 -1 -10 506 178 550 212 -1 -1 -1 -1000 -1000 -1000 -10 0.999675
211 15 car -1 -1 -10 591 161 617 194 -1 -1 -1 -1000 -1000 -1000 -10 0.993687
211 16 car -1 -1 -10 276 182 349 216 -1 -1 -1 -1000 -1000 -1000 -10 0.999965
212 11 car -1 -1 -10 566 180 620 226 -1 -1 -1 -1000 -1000 -1000 -10 0.999864
212 13 car -1 -1 -10 507 179 550 212 -1 -1 -1 -1000 -1000 -1000 -10 0.999893
212 15 car -1 -1 -10 590 161 617 195 -1 -1 -1 -1000 -1000 -1000 -10 0.996783
212 16 car -1 -1 -10 252 184 327 219 -1 -1 -1 -1000 -1000 -1000 -10 0.999981
212 18 car -1 -1 -10 421 172 450 192 -1 -1 -1 -1000 -1000 -1000 -10 0.55696
213 11 car -1 -1 -10 566 182 621 227 -1 -1 -1 -1000 -1000 -1000 -10 0.999908
213 13 car -1 -1 -10 504 182 553 214 -1 -1 -1 -1000 -1000 -1000 -10 0.999527
213 15 car -1 -1 -10 589 162 616 196 -1 -1 -1 -1000 -1000 -1000 -10 0.999437
213 16 car -1 -1 -10 221 187 304 226 -1 -1 -1 -1000 -1000 -1000 -10 0.999962
213 18 car -1 -1 -10 414 173 445 195 -1 -1 -1 -1000 -1000 -1000 -10 0.778485
214 11 car -1 -1 -10 565 184 622 227 -1 -1 -1 -1000 -1000 -1000 -10 0.999851
214 13 car -1 -1 -10 505 182 553 215 -1 -1 -1 -1000 -1000 -1000 -10 0.99953
214 15 car -1 -1 -10 589 162 616 197 -1 -1 -1 -1000 -1000 -1000 -10 0.999011
214 16 car -1 -1 -10 184 189 279 232 -1 -1 -1 -1000 -1000 -1000 -10 0.999787
214 18 car -1 -1 -10 409 174 437 196 -1 -1 -1 -1000 -1000 -1000 -10 0.984071
215 11 car -1 -1 -10 565 183 622 227 -1 -1 -1 -1000 -1000 -1000 -10 0.999892
215 13 car -1 -1 -10 505 182 553 214 -1 -1 -1 -1000 -1000 -1000 -10 0.999062
215 15 car -1 -1 -10 588 163 616 196 -1 -1 -1 -1000 -1000 -1000 -10 0.998521
215 16 car -1 -1 -10 137 190 254 239 -1 -1 -1 -1000 -1000 -1000 -10 0.999689
215 18 car -1 -1 -10 402 173 430 196 -1 -1 -1 -1000 -1000 -1000 -10 0.99774
216 11 car -1 -1 -10 565 182 622 227 -1 -1 -1 -1000 -1000 -1000 -10 0.999929
216 13 car -1 -1 -10 508 180 550 213 -1 -1 -1 -1000 -1000 -1000 -10 0.999408
216 15 car -1 -1 -10 587 163 615 195 -1 -1 -1 -1000 -1000 -1000 -10 0.996558
216 16 car -1 -1 -10 78 193 217 245 -1 -1 -1 -1000 -1000 -1000 -10 0.999975
216 18 car -1 -1 -10 393 174 425 196 -1 -1 -1 -1000 -1000 -1000 -10 0.997772
217 11 car -1 -1 -10 565 181 622 227 -1 -1 -1 -1000 -1000 -1000 -10 0.999931
217 13 car -1 -1 -10 508 179 551 213 -1 -1 -1 -1000 -1000 -1000 -10 0.999778
217 15 car -1 -1 -10 587 163 615 194 -1 -1 -1 -1000 -1000 -1000 -10 0.982451
217 16 car -1 -1 -10 6 192 170 257 -1 -1 -1 -1000 -1000 -1000 -10 0.999656
217 18 car -1 -1 -10 386 173 418 197 -1 -1 -1 -1000 -1000 -1000 -10 0.995907
218 11 car -1 -1 -10 565 181 622 226 -1 -1 -1 -1000 -1000 -1000 -10 0.99993
218 13 car -1 -1 -10 509 179 551 212 -1 -1 -1 -1000 -1000 -1000 -10 0.99985
218 15 car -1 -1 -10 586 161 612 195 -1 -1 -1 -1000 -1000 -1000 -10 0.945993
218 16 car -1 -1 -10 0 194 123 269 -1 -1 -1 -1000 -1000 -1000 -10 0.995479
218 18 car -1 -1 -10 377 172 410 197 -1 -1 -1 -1000 -1000 -1000 -10 0.999287
219 11 car -1 -1 -10 565 179 621 226 -1 -1 -1 -1000 -1000 -1000 -10 0.999901
219 13 car -1 -1 -10 508 177 551 211 -1 -1 -1 -1000 -1000 -1000 -10 0.999916
219 15 car -1 -1 -10 585 161 612 195 -1 -1 -1 -1000 -1000 -1000 -10 0.930992
219 18 car -1 -1 -10 368 171 403 197 -1 -1 -1 -1000 -1000 -1000 -10 0.999379
219 19 car -1 -1 -10 0 196 45 275 -1 -1 -1 -1000 -1000 -1000 -10 0.801763
219 20 car -1 -1 -10 411 174 436 191 -1 -1 -1 -1000 -1000 -1000 -10 0.706679
220 11 car -1 -1 -10 565 179 621 224 -1 -1 -1 -1000 -1000 -1000 -10 0.999855
220 13 car -1 -1 -10 508 176 552 210 -1 -1 -1 -1000 -1000 -1000 -10 0.999898
220 15 car -1 -1 -10 584 157 611 193 -1 -1 -1 -1000 -1000 -1000 -10 0.988319
220 18 car -1 -1 -10 355 171 393 198 -1 -1 -1 -1000 -1000 -1000 -10 0.999565
220 20 car -1 -1 -10 403 174 429 192 -1 -1 -1 -1000 -1000 -1000 -10 0.966475
221 11 car -1 -1 -10 565 178 620 225 -1 -1 -1 -1000 -1000 -1000 -10 0.999845
221 13 car -1 -1 -10 508 177 551 210 -1 -1 -1 -1000 -1000 -1000 -10 0.999859
221 15 car -1 -1 -10 583 157 609 194 -1 -1 -1 -1000 -1000 -1000 -10 0.966573
221 18 car -1 -1 -10 342 172 384 200 -1 -1 -1 -1000 -1000 -1000 -10 0.998447
221 20 car -1 -1 -10 398 175 424 194 -1 -1 -1 -1000 -1000 -1000 -10 0.82622
222 11 car -1 -1 -10 565 178 620 225 -1 -1 -1 -1000 -1000 -1000 -10 0.999876
222 13 car -1 -1 -10 508 177 551 210 -1 -1 -1 -1000 -1000 -1000 -10 0.999884
222 15 car -1 -1 -10 582 157 608 194 -1 -1 -1 -1000 -1000 -1000 -10 0.973213
222 18 car -1 -1 -10 327 172 374 205 -1 -1 -1 -1000 -1000 -1000 -10 0.998758
222 20 car -1 -1 -10 390 176 416 196 -1 -1 -1 -1000 -1000 -1000 -10 0.986108
223 11 car -1 -1 -10 565 178 619 224 -1 -1 -1 -1000 -1000 -1000 -10 0.999865
223 13 car -1 -1 -10 507 177 550 209 -1 -1 -1 -1000 -1000 -1000 -10 0.99985
223 15 car -1 -1 -10 580 157 606 194 -1 -1 -1 -1000 -1000 -1000 -10 0.974615
223 18 car -1 -1 -10 309 175 362 206 -1 -1 -1 -1000 -1000 -1000 -10 0.999345
223 20 car -1 -1 -10 382 176 410 196 -1 -1 -1 -1000 -1000 -1000 -10 0.982854
224 11 car -1 -1 -10 564 177 618 224 -1 -1 -1 -1000 -1000 -1000 -10 0.99983
224 13 car -1 -1 -10 507 177 550 209 -1 -1 -1 -1000 -1000 -1000 -10 0.999875
224 15 car -1 -1 -10 579 157 604 193 -1 -1 -1 -1000 -1000 -1000 -10 0.994551
224 18 car -1 -1 -10 289 175 350 211 -1 -1 -1 -1000 -1000 -1000 -10 0.99972
224 20 car -1 -1 -10 372 178 403 198 -1 -1 -1 -1000 -1000 -1000 -10 0.988843
225 11 car -1 -1 -10 564 178 618 224 -1 -1 -1 -1000 -1000 -1000 -10 0.999771
225 13 car -1 -1 -10 507 177 550 209 -1 -1 -1 -1000 -1000 -1000 -10 0.999875
225 18 car -1 -1 -10 268 175 335 215 -1 -1 -1 -1000 -1000 -1000 -10 0.999853
225 20 car -1 -1 -10 363 179 395 199 -1 -1 -1 -1000 -1000 -1000 -10 0.997624
226 11 car -1 -1 -10 561 181 615 226 -1 -1 -1 -1000 -1000 -1000 -10 0.999495
226 13 car -1 -1 -10 508 179 548 211 -1 -1 -1 -1000 -1000 -1000 -10 0.999756
226 15 car -1 -1 -10 576 163 604 194 -1 -1 -1 -1000 -1000 -1000 -10 0.932323
226 18 car -1 -1 -10 242 179 318 220 -1 -1 -1 -1000 -1000 -1000 -10 0.999964
226 20 car -1 -1 -10 351 180 386 203 -1 -1 -1 -1000 -1000 -1000 -10 0.997861
227 11 car -1 -1 -10 560 184 615 226 -1 -1 -1 -1000 -1000 -1000 -10 0.999644
227 13 car -1 -1 -10 508 181 546 212 -1 -1 -1 -1000 -1000 -1000 -10 0.997252
227 15 car -1 -1 -10 573 162 602 199 -1 -1 -1 -1000 -1000 -1000 -10 0.990169
227 18 car -1 -1 -10 212 180 294 226 -1 -1 -1 -1000 -1000 -1000 -10 0.99997
227 20 car -1 -1 -10 340 184 376 207 -1 -1 -1 -1000 -1000 -1000 -10 0.999097
228 11 car -1 -1 -10 560 184 613 226 -1 -1 -1 -1000 -1000 -1000 -10 0.999679
228 13 car -1 -1 -10 505 183 546 213 -1 -1 -1 -1000 -1000 -1000 -10 0.997659
228 15 car -1 -1 -10 572 163 599 200 -1 -1 -1 -1000 -1000 -1000 -10 0.997411
228 18 car -1 -1 -10 175 181 270 230 -1 -1 -1 -1000 -1000 -1000 -10 0.999832
228 20 car -1 -1 -10 325 183 364 208 -1 -1 -1 -1000 -1000 -1000 -10 0.999755
229 11 car -1 -1 -10 558 184 612 226 -1 -1 -1 -1000 -1000 -1000 -10 0.999818
229 13 car -1 -1 -10 505 181 544 212 -1 -1 -1 -1000 -1000 -1000 -10 0.998872
229 15 car -1 -1 -10 571 164 597 199 -1 -1 -1 -1000 -1000 -1000 -10 0.992899
229 18 car -1 -1 -10 134 182 245 236 -1 -1 -1 -1000 -1000 -1000 -10 0.999901
229 20 car -1 -1 -10 312 183 353 210 -1 -1 -1 -1000 -1000 -1000 -10 0.999892
230 11 car -1 -1 -10 556 184 612 226 -1 -1 -1 -1000 -1000 -1000 -10 0.999839
230 13 car -1 -1 -10 503 181 543 212 -1 -1 -1 -1000 -1000 -1000 -10 0.998996
230 15 car -1 -1 -10 568 164 595 197 -1 -1 -1 -1000 -1000 -1000 -10 0.996304
230 18 car -1 -1 -10 81 182 213 242 -1 -1 -1 -1000 -1000 -1000 -10 0.999934
230 20 car -1 -1 -10 291 182 343 214 -1 -1 -1 -1000 -1000 -1000 -10 0.999674
231 11 car -1 -1 -10 556 183 610 226 -1 -1 -1 -1000 -1000 -1000 -10 0.999809
231 13 car -1 -1 -10 502 181 541 211 -1 -1 -1 -1000 -1000 -1000 -10 0.998971
231 15 car -1 -1 -10 565 164 594 196 -1 -1 -1 -1000 -1000 -1000 -10 0.960746
231 18 car -1 -1 -10 16 181 174 250 -1 -1 -1 -1000 -1000 -1000 -10 0.999333
231 20 car -1 -1 -10 273 183 327 214 -1 -1 -1 -1000 -1000 -1000 -10 0.999911
232 11 car -1 -1 -10 555 179 608 225 -1 -1 -1 -1000 -1000 -1000 -10 0.999782
232 13 car -1 -1 -10 500 180 538 210 -1 -1 -1 -1000 -1000 -1000 -10 0.999812
232 15 car -1 -1 -10 561 161 591 195 -1 -1 -1 -1000 -1000 -1000 -10 0.971754
232 18 car -1 -1 -10 0 178 126 264 -1 -1 -1 -1000 -1000 -1000 -10 0.997239
232 20 car -1 -1 -10 249 183 311 216 -1 -1 -1 -1000 -1000 -1000 -10 0.999818
233 11 car -1 -1 -10 554 179 606 224 -1 -1 -1 -1000 -1000 -1000 -10 0.999596
233 13 car -1 -1 -10 499 179 537 210 -1 -1 -1 -1000 -1000 -1000 -10 0.999696
233 15 car -1 -1 -10 559 163 588 194 -1 -1 -1 -1000 -1000 -1000 -10 0.971901
233 20 car -1 -1 -10 226 182 291 219 -1 -1 -1 -1000 -1000 -1000 -10 0.999974
233 21 car -1 -1 -10 0 185 54 266 -1 -1 -1 -1000 -1000 -1000 -10 0.942677
234 11 car -1 -1 -10 551 182 603 225 -1 -1 -1 -1000 -1000 -1000 -10 0.999361
234 13 car -1 -1 -10 499 181 535 211 -1 -1 -1 -1000 -1000 -1000 -10 0.997916
234 15 car -1 -1 -10 559 163 586 196 -1 -1 -1 -1000 -1000 -1000 -10 0.995486
234 20 car -1 -1 -10 197 186 266 224 -1 -1 -1 -1000 -1000 -1000 -10 0.999905
235 11 car -1 -1 -10 548 184 601 226 -1 -1 -1 -1000 -1000 -1000 -10 0.999524
235 13 car -1 -1 -10 497 182 532 210 -1 -1 -1 -1000 -1000 -1000 -10 0.994975
235 15 car -1 -1 -10 558 163 584 198 -1 -1 -1 -1000 -1000 -1000 -10 0.997273
235 20 car -1 -1 -10 159 189 243 230 -1 -1 -1 -1000 -1000 -1000 -10 0.999837
236 11 car -1 -1 -10 546 185 601 226 -1 -1 -1 -1000 -1000 -1000 -10 0.999458
236 13 car -1 -1 -10 494 184 530 213 -1 -1 -1 -1000 -1000 -1000 -10 0.998251
236 15 car -1 -1 -10 555 165 583 199 -1 -1 -1 -1000 -1000 -1000 -10 0.986942
236 20 car -1 -1 -10 116 189 212 235 -1 -1 -1 -1000 -1000 -1000 -10 0.999784
237 11 car -1 -1 -10 545 184 598 226 -1 -1 -1 -1000 -1000 -1000 -10 0.998669
237 13 car -1 -1 -10 491 183 529 214 -1 -1 -1 -1000 -1000 -1000 -10 0.99868
237 15 car -1 -1 -10 553 164 579 200 -1 -1 -1 -1000 -1000 -1000 -10 0.994062
237 20 car -1 -1 -10 63 191 181 241 -1 -1 -1 -1000 -1000 -1000 -10 0.999591
238 11 car -1 -1 -10 544 185 595 225 -1 -1 -1 -1000 -1000 -1000 -10 0.995475
238 13 car -1 -1 -10 490 183 528 213 -1 -1 -1 -1000 -1000 -1000 -10 0.998394
238 15 car -1 -1 -10 552 165 577 200 -1 -1 -1 -1000 -1000 -1000 -10 0.99688
238 20 car -1 -1 -10 0 190 137 246 -1 -1 -1 -1000 -1000 -1000 -10 0.999926
239 11 car -1 -1 -10 544 185 595 226 -1 -1 -1 -1000 -1000 -1000 -10 0.984313
239 13 car -1 -1 -10 489 184 526 213 -1 -1 -1 -1000 -1000 -1000 -10 0.998139
239 20 car -1 -1 -10 0 195 89 255 -1 -1 -1 -1000 -1000 -1000 -10 0.939908
239 22 car -1 -1 -10 843 188 901 210 -1 -1 -1 -1000 -1000 -1000 -10 0.884302
240 11 car -1 -1 -10 543 186 592 224 -1 -1 -1 -1000 -1000 -1000 -10 0.9954
240 13 car -1 -1 -10 490 182 524 211 -1 -1 -1 -1000 -1000 -1000 -10 0.995262
240 22 car -1 -1 -10 847 187 909 212 -1 -1 -1 -1000 -1000 -1000 -10 0.396637
241 11 car -1 -1 -10 542 185 591 224 -1 -1 -1 -1000 -1000 -1000 -10 0.998608
241 13 car -1 -1 -10 490 182 524 210 -1 -1 -1 -1000 -1000 -1000 -10 0.997825
241 15 car -1 -1 -10 549 165 575 198 -1 -1 -1 -1000 -1000 -1000 -10 0.9963
241 23 car -1 -1 -10 741 183 799 206 -1 -1 -1 -1000 -1000 -1000 -10 0.357127
242 11 car -1 -1 -10 543 183 591 222 -1 -1 -1 -1000 -1000 -1000 -10 0.99907
242 13 car -1 -1 -10 489 181 525 209 -1 -1 -1 -1000 -1000 -1000 -10 0.999408
242 15 car -1 -1 -10 549 164 575 196 -1 -1 -1 -1000 -1000 -1000 -10 0.993036
242 23 car -1 -1 -10 745 182 806 207 -1 -1 -1 -1000 -1000 -1000 -10 0.951035
243 11 car -1 -1 -10 544 183 591 222 -1 -1 -1 -1000 -1000 -1000 -10 0.998869
243 13 car -1 -1 -10 490 181 525 208 -1 -1 -1 -1000 -1000 -1000 -10 0.999322
243 22 car -1 -1 -10 859 183 938 210 -1 -1 -1 -1000 -1000 -1000 -10 0.736004
243 23 car -1 -1 -10 753 182 814 207 -1 -1 -1 -1000 -1000 -1000 -10 0.988706
244 11 car -1 -1 -10 545 183 593 223 -1 -1 -1 -1000 -1000 -1000 -10 0.997902
244 13 car -1 -1 -10 491 181 527 209 -1 -1 -1 -1000 -1000 -1000 -10 0.999484
244 15 car -1 -1 -10 551 166 577 197 -1 -1 -1 -1000 -1000 -1000 -10 0.975539
244 22 car -1 -1 -10 869 186 940 212 -1 -1 -1 -1000 -1000 -1000 -10 0.441372
244 23 car -1 -1 -10 760 182 821 210 -1 -1 -1 -1000 -1000 -1000 -10 0.987518
245 11 car -1 -1 -10 547 185 592 224 -1 -1 -1 -1000 -1000 -1000 -10 0.997496
245 13 car -1 -1 -10 494 183 528 210 -1 -1 -1 -1000 -1000 -1000 -10 0.995368
245 22 car -1 -1 -10 879 188 951 215 -1 -1 -1 -1000 -1000 -1000 -10 0.508957
245 23 car -1 -1 -10 767 184 835 214 -1 -1 -1 -1000 -1000 -1000 -10 0.993448
246 11 car -1 -1 -10 548 187 593 225 -1 -1 -1 -1000 -1000 -1000 -10 0.997949
246 13 car -1 -1 -10 494 186 529 213 -1 -1 -1 -1000 -1000 -1000 -10 0.99876
246 22 car -1 -1 -10 885 189 957 217 -1 -1 -1 -1000 -1000 -1000 -10 0.868492
246 23 car -1 -1 -10 775 188 844 215 -1 -1 -1 -1000 -1000 -1000 -10 0.991698
247 11 car -1 -1 -10 547 189 596 228 -1 -1 -1 -1000 -1000 -1000 -10 0.997161
247 13 car -1 -1 -10 496 187 529 214 -1 -1 -1 -1000 -1000 -1000 -10 0.99923
247 22 car -1 -1 -10 897 191 976 218 -1 -1 -1 -1000 -1000 -1000 -10 0.937344
247 23 car -1 -1 -10 780 189 852 218 -1 -1 -1 -1000 -1000 -1000 -10 0.998454
248 11 car -1 -1 -10 547 190 596 227 -1 -1 -1 -1000 -1000 -1000 -10 0.998616
248 13 car -1 -1 -10 497 187 529 214 -1 -1 -1 -1000 -1000 -1000 -10 0.999578
248 22 car -1 -1 -10 903 193 976 220 -1 -1 -1 -1000 -1000 -1000 -10 0.996058
248 23 car -1 -1 -10 789 190 861 219 -1 -1 -1 -1000 -1000 -1000 -10 0.998924
249 11 car -1 -1 -10 550 188 595 225 -1 -1 -1 -1000 -1000 -1000 -10 0.99811
249 13 car -1 -1 -10 498 186 531 213 -1 -1 -1 -1000 -1000 -1000 -10 0.999284
249 22 car -1 -1 -10 913 193 988 221 -1 -1 -1 -1000 -1000 -1000 -10 0.979192
249 23 car -1 -1 -10 797 190 870 220 -1 -1 -1 -1000 -1000 -1000 -10 0.999529
250 11 car -1 -1 -10 551 186 594 224 -1 -1 -1 -1000 -1000 -1000 -10 0.999421
250 13 car -1 -1 -10 498 186 532 211 -1 -1 -1 -1000 -1000 -1000 -10 0.994769
250 22 car -1 -1 -10 924 193 1001 220 -1 -1 -1 -1000 -1000 -1000 -10 0.989528
250 23 car -1 -1 -10 805 189 881 220 -1 -1 -1 -1000 -1000 -1000 -10 0.999709
251 11 car -1 -1 -10 550 183 596 220 -1 -1 -1 -1000 -1000 -1000 -10 0.999673
251 13 car -1 -1 -10 500 182 531 207 -1 -1 -1 -1000 -1000 -1000 -10 0.997757
251 15 car -1 -1 -10 557 165 584 197 -1 -1 -1 -1000 -1000 -1000 -10 0.99475
251 22 car -1 -1 -10 938 189 1017 220 -1 -1 -1 -1000 -1000 -1000 -10 0.877554
251 23 car -1 -1 -10 813 186 892 218 -1 -1 -1 -1000 -1000 -1000 -10 0.999655
252 11 car -1 -1 -10 550 181 596 217 -1 -1 -1 -1000 -1000 -1000 -10 0.999564
252 13 car -1 -1 -10 501 180 533 206 -1 -1 -1 -1000 -1000 -1000 -10 0.998699
252 15 car -1 -1 -10 559 165 584 193 -1 -1 -1 -1000 -1000 -1000 -10 0.963679
252 22 car -1 -1 -10 945 188 1034 220 -1 -1 -1 -1000 -1000 -1000 -10 0.962849
252 23 car -1 -1 -10 822 185 905 217 -1 -1 -1 -1000 -1000 -1000 -10 0.999694
253 11 car -1 -1 -10 551 183 597 219 -1 -1 -1 -1000 -1000 -1000 -10 0.999478
253 13 car -1 -1 -10 501 183 535 208 -1 -1 -1 -1000 -1000 -1000 -10 0.999267
253 15 car -1 -1 -10 559 166 585 197 -1 -1 -1 -1000 -1000 -1000 -10 0.982444
253 22 car -1 -1 -10 955 192 1044 226 -1 -1 -1 -1000 -1000 -1000 -10 0.91962
253 23 car -1 -1 -10 833 189 918 222 -1 -1 -1 -1000 -1000 -1000 -10 0.99963
254 11 car -1 -1 -10 552 186 597 222 -1 -1 -1 -1000 -1000 -1000 -10 0.999301
254 13 car -1 -1 -10 503 185 535 211 -1 -1 -1 -1000 -1000 -1000 -10 0.996489
254 15 car -1 -1 -10 561 167 586 201 -1 -1 -1 -1000 -1000 -1000 -10 0.987482
254 22 car -1 -1 -10 967 197 1059 232 -1 -1 -1 -1000 -1000 -1000 -10 0.997084
254 23 car -1 -1 -10 843 193 933 227 -1 -1 -1 -1000 -1000 -1000 -10 0.999612
255 11 car -1 -1 -10 553 187 597 222 -1 -1 -1 -1000 -1000 -1000 -10 0.999267
255 13 car -1 -1 -10 504 185 536 211 -1 -1 -1 -1000 -1000 -1000 -10 0.998502
255 22 car -1 -1 -10 984 197 1076 236 -1 -1 -1 -1000 -1000 -1000 -10 0.998573
255 23 car -1 -1 -10 855 193 946 231 -1 -1 -1 -1000 -1000 -1000 -10 0.999678
256 11 car -1 -1 -10 554 185 597 221 -1 -1 -1 -1000 -1000 -1000 -10 0.999622
256 13 car -1 -1 -10 504 184 536 209 -1 -1 -1 -1000 -1000 -1000 -10 0.998779
256 22 car -1 -1 -10 997 198 1095 237 -1 -1 -1 -1000 -1000 -1000 -10 0.983704
256 23 car -1 -1 -10 866 194 965 231 -1 -1 -1 -1000 -1000 -1000 -10 0.999808
257 11 car -1 -1 -10 554 185 597 220 -1 -1 -1 -1000 -1000 -1000 -10 0.99962
257 13 car -1 -1 -10 505 183 536 209 -1 -1 -1 -1000 -1000 -1000 -10 0.999572
257 15 car -1 -1 -10 563 166 588 201 -1 -1 -1 -1000 -1000 -1000 -10 0.997006
257 22 car -1 -1 -10 1014 200 1118 240 -1 -1 -1 -1000 -1000 -1000 -10 0.965943
257 23 car -1 -1 -10 879 193 981 234 -1 -1 -1 -1000 -1000 -1000 -10 0.999799
258 11 car -1 -1 -10 555 184 598 219 -1 -1 -1 -1000 -1000 -1000 -10 0.999594
258 13 car -1 -1 -10 506 183 536 208 -1 -1 -1 -1000 -1000 -1000 -10 0.999648
258 22 car -1 -1 -10 1038 196 1136 238 -1 -1 -1 -1000 -1000 -1000 -10 0.741977
258 23 car -1 -1 -10 895 192 1001 236 -1 -1 -1 -1000 -1000 -1000 -10 0.999829
259 11 car -1 -1 -10 555 181 597 218 -1 -1 -1 -1000 -1000 -1000 -10 0.999667
259 13 car -1 -1 -10 506 181 537 206 -1 -1 -1 -1000 -1000 -1000 -10 0.99929
259 22 car -1 -1 -10 1062 196 1163 237 -1 -1 -1 -1000 -1000 -1000 -10 0.962446
259 23 car -1 -1 -10 911 192 1023 236 -1 -1 -1 -1000 -1000 -1000 -10 0.999689
260 11 car -1 -1 -10 556 181 597 217 -1 -1 -1 -1000 -1000 -1000 -10 0.998932
260 13 car -1 -1 -10 508 180 537 204 -1 -1 -1 -1000 -1000 -1000 -10 0.999382
260 22 car -1 -1 -10 1080 195 1193 238 -1 -1 -1 -1000 -1000 -1000 -10 0.989559
260 23 car -1 -1 -10 929 192 1045 238 -1 -1 -1 -1000 -1000 -1000 -10 0.9987
261 11 car -1 -1 -10 559 178 596 213 -1 -1 -1 -1000 -1000 -1000 -10 0.993055
261 13 car -1 -1 -10 508 179 539 203 -1 -1 -1 -1000 -1000 -1000 -10 0.999109
261 22 car -1 -1 -10 1100 195 1231 243 -1 -1 -1 -1000 -1000 -1000 -10 0.992473
261 23 car -1 -1 -10 947 194 1073 240 -1 -1 -1 -1000 -1000 -1000 -10 0.99977
262 11 car -1 -1 -10 558 181 598 215 -1 -1 -1 -1000 -1000 -1000 -10 0.994836
262 13 car -1 -1 -10 509 179 539 204 -1 -1 -1 -1000 -1000 -1000 -10 0.999118
262 22 car -1 -1 -10 1128 194 1242 252 -1 -1 -1 -1000 -1000 -1000 -10 0.999396
262 23 car -1 -1 -10 967 196 1102 244 -1 -1 -1 -1000 -1000 -1000 -10 0.999812
263 11 car -1 -1 -10 558 182 598 216 -1 -1 -1 -1000 -1000 -1000 -10 0.996902
263 13 car -1 -1 -10 510 181 539 205 -1 -1 -1 -1000 -1000 -1000 -10 0.998226
263 22 car -1 -1 -10 1156 196 1242 255 -1 -1 -1 -1000 -1000 -1000 -10 0.998764
263 23 car -1 -1 -10 988 199 1135 247 -1 -1 -1 -1000 -1000 -1000 -10 0.999895
264 11 car -1 -1 -10 559 182 597 217 -1 -1 -1 -1000 -1000 -1000 -10 0.997504
264 13 car -1 -1 -10 511 182 540 206 -1 -1 -1 -1000 -1000 -1000 -10 0.997994
264 15 car -1 -1 -10 568 167 593 199 -1 -1 -1 -1000 -1000 -1000 -10 0.988907
264 22 car -1 -1 -10 1183 192 1242 259 -1 -1 -1 -1000 -1000 -1000 -10 0.859734
264 23 car -1 -1 -10 1014 200 1168 254 -1 -1 -1 -1000 -1000 -1000 -10 0.999851
265 11 car -1 -1 -10 559 183 597 218 -1 -1 -1 -1000 -1000 -1000 -10 0.997421
265 13 car -1 -1 -10 512 183 540 207 -1 -1 -1 -1000 -1000 -1000 -10 0.995438
265 23 car -1 -1 -10 1041 203 1211 259 -1 -1 -1 -1000 -1000 -1000 -10 0.999615
266 11 car -1 -1 -10 559 185 600 218 -1 -1 -1 -1000 -1000 -1000 -10 0.997675
266 13 car -1 -1 -10 514 184 542 208 -1 -1 -1 -1000 -1000 -1000 -10 0.996473
266 23 car -1 -1 -10 1080 201 1242 263 -1 -1 -1 -1000 -1000 -1000 -10 0.996062
267 11 car -1 -1 -10 560 186 601 219 -1 -1 -1 -1000 -1000 -1000 -10 0.999047
267 13 car -1 -1 -10 514 185 543 209 -1 -1 -1 -1000 -1000 -1000 -10 0.988678
267 23 car -1 -1 -10 1117 200 1242 271 -1 -1 -1 -1000 -1000 -1000 -10 0.99784
268 11 car -1 -1 -10 560 185 602 219 -1 -1 -1 -1000 -1000 -1000 -10 0.999269
268 13 car -1 -1 -10 515 184 544 209 -1 -1 -1 -1000 -1000 -1000 -10 0.993218
268 23 car -1 -1 -10 1167 201 1242 280 -1 -1 -1 -1000 -1000 -1000 -10 0.994147
269 11 car -1 -1 -10 562 183 603 216 -1 -1 -1 -1000 -1000 -1000 -10 0.998795
269 13 car -1 -1 -10 516 184 546 207 -1 -1 -1 -1000 -1000 -1000 -10 0.99761
270 11 car -1 -1 -10 563 183 604 216 -1 -1 -1 -1000 -1000 -1000 -10 0.99888
270 13 car -1 -1 -10 518 183 547 207 -1 -1 -1 -1000 -1000 -1000 -10 0.998389
271 11 car -1 -1 -10 565 187 603 220 -1 -1 -1 -1000 -1000 -1000 -10 0.99948
271 13 car -1 -1 -10 519 187 549 210 -1 -1 -1 -1000 -1000 -1000 -10 0.995238
272 11 car -1 -1 -10 565 192 603 225 -1 -1 -1 -1000 -1000 -1000 -10 0.987854
272 13 car -1 -1 -10 520 191 548 214 -1 -1 -1 -1000 -1000 -1000 -10 0.998342
273 11 car -1 -1 -10 566 194 603 226 -1 -1 -1 -1000 -1000 -1000 -10 0.998861
273 13 car -1 -1 -10 521 192 549 215 -1 -1 -1 -1000 -1000 -1000 -10 0.998788
274 11 car -1 -1 -10 566 193 603 225 -1 -1 -1 -1000 -1000 -1000 -10 0.995459
274 13 car -1 -1 -10 521 191 548 214 -1 -1 -1 -1000 -1000 -1000 -10 0.998818
275 11 car -1 -1 -10 567 189 602 220 -1 -1 -1 -1000 -1000 -1000 -10 0.998879
275 13 car -1 -1 -10 520 186 550 211 -1 -1 -1 -1000 -1000 -1000 -10 0.997626
276 11 car -1 -1 -10 565 184 604 216 -1 -1 -1 -1000 -1000 -1000 -10 0.999122
276 13 car -1 -1 -10 521 183 549 205 -1 -1 -1 -1000 -1000 -1000 -10 0.998399
277 11 car -1 -1 -10 568 178 602 210 -1 -1 -1 -1000 -1000 -1000 -10 0.999293
277 13 car -1 -1 -10 521 178 549 201 -1 -1 -1 -1000 -1000 -1000 -10 0.997739
278 11 car -1 -1 -10 567 174 602 207 -1 -1 -1 -1000 -1000 -1000 -10 0.999583
278 13 car -1 -1 -10 522 174 549 198 -1 -1 -1 -1000 -1000 -1000 -10 0.995415
279 11 car -1 -1 -10 567 174 603 207 -1 -1 -1 -1000 -1000 -1000 -10 0.999462
279 13 car -1 -1 -10 523 174 549 198 -1 -1 -1 -1000 -1000 -1000 -10 0.992706
280 11 car -1 -1 -10 569 178 602 209 -1 -1 -1 -1000 -1000 -1000 -10 0.999039
280 13 car -1 -1 -10 523 179 550 204 -1 -1 -1 -1000 -1000 -1000 -10 0.991018
281 11 car -1 -1 -10 567 184 604 216 -1 -1 -1 -1000 -1000 -1000 -10 0.999006
281 13 car -1 -1 -10 523 184 550 208 -1 -1 -1 -1000 -1000 -1000 -10 0.979354
282 11 car -1 -1 -10 568 185 603 218 -1 -1 -1 -1000 -1000 -1000 -10 0.999254
282 24 car -1 -1 -10 524 187 552 209 -1 -1 -1 -1000 -1000 -1000 -10 0.985671
283 11 car -1 -1 -10 568 185 603 218 -1 -1 -1 -1000 -1000 -1000 -10 0.999186
283 24 car -1 -1 -10 524 187 552 209 -1 -1 -1 -1000 -1000 -1000 -10 0.976774
284 11 car -1 -1 -10 570 184 603 216 -1 -1 -1 -1000 -1000 -1000 -10 0.998494
284 13 car -1 -1 -10 524 185 551 208 -1 -1 -1 -1000 -1000 -1000 -10 0.991542
285 11 car -1 -1 -10 570 183 603 214 -1 -1 -1 -1000 -1000 -1000 -10 0.9955
285 13 car -1 -1 -10 524 183 552 206 -1 -1 -1 -1000 -1000 -1000 -10 0.996476
286 11 car -1 -1 -10 571 183 605 213 -1 -1 -1 -1000 -1000 -1000 -10 0.992617
286 13 car -1 -1 -10 525 183 553 206 -1 -1 -1 -1000 -1000 -1000 -10 0.996606
287 11 car -1 -1 -10 572 184 605 214 -1 -1 -1 -1000 -1000 -1000 -10 0.987072
287 13 car -1 -1 -10 526 183 553 208 -1 -1 -1 -1000 -1000 -1000 -10 0.998262
288 11 car -1 -1 -10 574 185 607 214 -1 -1 -1 -1000 -1000 -1000 -10 0.986921
288 13 car -1 -1 -10 526 184 554 208 -1 -1 -1 -1000 -1000 -1000 -10 0.997527
289 11 car -1 -1 -10 574 184 608 213 -1 -1 -1 -1000 -1000 -1000 -10 0.980982
289 13 car -1 -1 -10 528 183 554 205 -1 -1 -1 -1000 -1000 -1000 -10 0.992749
290 11 car -1 -1 -10 576 178 608 211 -1 -1 -1 -1000 -1000 -1000 -10 0.998072
290 13 car -1 -1 -10 528 181 556 204 -1 -1 -1 -1000 -1000 -1000 -10 0.992745
291 11 car -1 -1 -10 578 179 610 210 -1 -1 -1 -1000 -1000 -1000 -10 0.998665
291 13 car -1 -1 -10 529 181 557 203 -1 -1 -1 -1000 -1000 -1000 -10 0.997289
292 11 car -1 -1 -10 579 182 611 209 -1 -1 -1 -1000 -1000 -1000 -10 0.99262
292 13 car -1 -1 -10 531 182 557 206 -1 -1 -1 -1000 -1000 -1000 -10 0.997755
292 25 car -1 -1 -10 412 179 438 197 -1 -1 -1 -1000 -1000 -1000 -10 0.39879
293 11 car -1 -1 -10 581 183 612 209 -1 -1 -1 -1000 -1000 -1000 -10 0.992059
293 13 car -1 -1 -10 533 182 559 206 -1 -1 -1 -1000 -1000 -1000 -10 0.998037
293 25 car -1 -1 -10 405 181 431 200 -1 -1 -1 -1000 -1000 -1000 -10 0.917594
294 11 car -1 -1 -10 582 181 612 208 -1 -1 -1 -1000 -1000 -1000 -10 0.996839
294 13 car -1 -1 -10 534 180 560 205 -1 -1 -1 -1000 -1000 -1000 -10 0.997418
294 25 car -1 -1 -10 394 179 425 200 -1 -1 -1 -1000 -1000 -1000 -10 0.989128
295 11 car -1 -1 -10 582 181 614 208 -1 -1 -1 -1000 -1000 -1000 -10 0.997327
295 13 car -1 -1 -10 533 180 561 204 -1 -1 -1 -1000 -1000 -1000 -10 0.993091
295 25 car -1 -1 -10 382 179 417 200 -1 -1 -1 -1000 -1000 -1000 -10 0.971884
296 11 car -1 -1 -10 582 181 614 209 -1 -1 -1 -1000 -1000 -1000 -10 0.990397
296 13 car -1 -1 -10 534 181 562 204 -1 -1 -1 -1000 -1000 -1000 -10 0.994733
296 25 car -1 -1 -10 370 180 405 203 -1 -1 -1 -1000 -1000 -1000 -10 0.998423
297 11 car -1 -1 -10 582 185 614 213 -1 -1 -1 -1000 -1000 -1000 -10 0.989404
297 13 car -1 -1 -10 533 183 561 208 -1 -1 -1 -1000 -1000 -1000 -10 0.990326
297 25 car -1 -1 -10 357 183 394 207 -1 -1 -1 -1000 -1000 -1000 -10 0.999785
298 11 car -1 -1 -10 583 188 615 216 -1 -1 -1 -1000 -1000 -1000 -10 0.984864
298 13 car -1 -1 -10 534 187 562 210 -1 -1 -1 -1000 -1000 -1000 -10 0.990616
298 25 car -1 -1 -10 340 186 381 211 -1 -1 -1 -1000 -1000 -1000 -10 0.999561
299 11 car -1 -1 -10 583 187 614 215 -1 -1 -1 -1000 -1000 -1000 -10 0.984945
299 13 car -1 -1 -10 534 184 560 209 -1 -1 -1 -1000 -1000 -1000 -10 0.983272
299 25 car -1 -1 -10 318 184 366 212 -1 -1 -1 -1000 -1000 -1000 -10 0.999507
300 11 car -1 -1 -10 583 186 614 213 -1 -1 -1 -1000 -1000 -1000 -10 0.978563
300 13 car -1 -1 -10 533 183 560 207 -1 -1 -1 -1000 -1000 -1000 -10 0.997782
300 25 car -1 -1 -10 296 179 346 211 -1 -1 -1 -1000 -1000 -1000 -10 0.999965
301 11 car -1 -1 -10 582 185 615 211 -1 -1 -1 -1000 -1000 -1000 -10 0.959535
301 13 car -1 -1 -10 532 181 559 205 -1 -1 -1 -1000 -1000 -1000 -10 0.998581
301 25 car -1 -1 -10 266 179 326 210 -1 -1 -1 -1000 -1000 -1000 -10 0.999438
302 11 car -1 -1 -10 582 184 616 211 -1 -1 -1 -1000 -1000 -1000 -10 0.829662
302 13 car -1 -1 -10 531 181 559 204 -1 -1 -1 -1000 -1000 -1000 -10 0.998682
302 25 car -1 -1 -10 237 178 301 212 -1 -1 -1 -1000 -1000 -1000 -10 0.999978
303 11 car -1 -1 -10 585 185 616 211 -1 -1 -1 -1000 -1000 -1000 -10 0.771712
303 13 car -1 -1 -10 532 181 559 205 -1 -1 -1 -1000 -1000 -1000 -10 0.997439
303 25 car -1 -1 -10 198 180 274 217 -1 -1 -1 -1000 -1000 -1000 -10 0.999716
304 11 car -1 -1 -10 587 179 616 208 -1 -1 -1 -1000 -1000 -1000 -10 0.988803
304 13 car -1 -1 -10 531 179 560 203 -1 -1 -1 -1000 -1000 -1000 -10 0.998533
304 25 car -1 -1 -10 148 179 241 219 -1 -1 -1 -1000 -1000 -1000 -10 0.999861
304 26 car -1 -1 -10 598 166 623 198 -1 -1 -1 -1000 -1000 -1000 -10 0.939914
305 11 car -1 -1 -10 586 178 617 205 -1 -1 -1 -1000 -1000 -1000 -10 0.997773
305 13 car -1 -1 -10 530 176 560 200 -1 -1 -1 -1000 -1000 -1000 -10 0.996246
305 25 car -1 -1 -10 87 177 191 222 -1 -1 -1 -1000 -1000 -1000 -10 0.999819
306 11 car -1 -1 -10 586 177 618 203 -1 -1 -1 -1000 -1000 -1000 -10 0.995974
306 13 car -1 -1 -10 531 174 559 198 -1 -1 -1 -1000 -1000 -1000 -10 0.993928
306 25 car -1 -1 -10 7 177 141 230 -1 -1 -1 -1000 -1000 -1000 -10 0.999976
307 11 car -1 -1 -10 586 178 618 207 -1 -1 -1 -1000 -1000 -1000 -10 0.998371
307 13 car -1 -1 -10 529 177 561 201 -1 -1 -1 -1000 -1000 -1000 -10 0.997631
307 25 car -1 -1 -10 0 179 71 243 -1 -1 -1 -1000 -1000 -1000 -10 0.920299
308 11 car -1 -1 -10 586 180 619 208 -1 -1 -1 -1000 -1000 -1000 -10 0.99857
308 13 car -1 -1 -10 528 179 560 202 -1 -1 -1 -1000 -1000 -1000 -10 0.994912
309 11 car -1 -1 -10 586 181 617 208 -1 -1 -1 -1000 -1000 -1000 -10 0.997626
309 13 car -1 -1 -10 528 180 559 203 -1 -1 -1 -1000 -1000 -1000 -10 0.993626
310 11 car -1 -1 -10 586 182 616 207 -1 -1 -1 -1000 -1000 -1000 -10 0.995678
310 13 car -1 -1 -10 528 180 558 203 -1 -1 -1 -1000 -1000 -1000 -10 0.995248
311 11 car -1 -1 -10 586 181 617 206 -1 -1 -1 -1000 -1000 -1000 -10 0.996634
311 13 car -1 -1 -10 529 180 557 201 -1 -1 -1 -1000 -1000 -1000 -10 0.995925
311 26 car -1 -1 -10 599 166 624 196 -1 -1 -1 -1000 -1000 -1000 -10 0.992835
312 11 car -1 -1 -10 586 180 616 206 -1 -1 -1 -1000 -1000 -1000 -10 0.994433
312 13 car -1 -1 -10 528 180 557 202 -1 -1 -1 -1000 -1000 -1000 -10 0.995232
313 11 car -1 -1 -10 589 183 614 207 -1 -1 -1 -1000 -1000 -1000 -10 0.883609
313 13 car -1 -1 -10 527 182 555 205 -1 -1 -1 -1000 -1000 -1000 -10 0.99831
314 11 car -1 -1 -10 585 186 616 211 -1 -1 -1 -1000 -1000 -1000 -10 0.962728
314 13 car -1 -1 -10 525 183 553 207 -1 -1 -1 -1000 -1000 -1000 -10 0.999254
315 11 car -1 -1 -10 584 183 614 208 -1 -1 -1 -1000 -1000 -1000 -10 0.904527
315 13 car -1 -1 -10 524 181 553 205 -1 -1 -1 -1000 -1000 -1000 -10 0.999082
316 11 car -1 -1 -10 584 181 614 206 -1 -1 -1 -1000 -1000 -1000 -10 0.950367
316 13 car -1 -1 -10 524 179 553 202 -1 -1 -1 -1000 -1000 -1000 -10 0.997649
317 11 car -1 -1 -10 584 179 614 205 -1 -1 -1 -1000 -1000 -1000 -10 0.958557
317 13 car -1 -1 -10 521 178 552 201 -1 -1 -1 -1000 -1000 -1000 -10 0.993864
318 11 car -1 -1 -10 584 178 614 204 -1 -1 -1 -1000 -1000 -1000 -10 0.937196
318 13 car -1 -1 -10 520 177 552 201 -1 -1 -1 -1000 -1000 -1000 -10 0.99848
319 11 car -1 -1 -10 587 177 615 203 -1 -1 -1 -1000 -1000 -1000 -10 0.979374
319 13 car -1 -1 -10 520 176 552 200 -1 -1 -1 -1000 -1000 -1000 -10 0.997685
319 27 car -1 -1 -10 0 177 113 375 -1 -1 -1 -1000 -1000 -1000 -10 0.578592
320 11 car -1 -1 -10 586 179 617 205 -1 -1 -1 -1000 -1000 -1000 -10 0.995971
320 13 car -1 -1 -10 520 177 552 201 -1 -1 -1 -1000 -1000 -1000 -10 0.997114
320 27 car -1 -1 -10 0 176 158 375 -1 -1 -1 -1000 -1000 -1000 -10 0.925759
321 11 car -1 -1 -10 588 181 617 208 -1 -1 -1 -1000 -1000 -1000 -10 0.994987
321 13 car -1 -1 -10 521 181 550 204 -1 -1 -1 -1000 -1000 -1000 -10 0.998378
321 27 car -1 -1 -10 0 179 192 375 -1 -1 -1 -1000 -1000 -1000 -10 0.979097
322 11 car -1 -1 -10 588 181 618 208 -1 -1 -1 -1000 -1000 -1000 -10 0.997609
322 13 car -1 -1 -10 520 180 550 203 -1 -1 -1 -1000 -1000 -1000 -10 0.998524
322 27 car -1 -1 -10 0 179 223 375 -1 -1 -1 -1000 -1000 -1000 -10 0.995836
323 11 car -1 -1 -10 587 179 619 205 -1 -1 -1 -1000 -1000 -1000 -10 0.99857
323 13 car -1 -1 -10 520 178 552 200 -1 -1 -1 -1000 -1000 -1000 -10 0.997994
323 27 car -1 -1 -10 0 199 254 367 -1 -1 -1 -1000 -1000 -1000 -10 0.99963
324 11 car -1 -1 -10 587 177 619 202 -1 -1 -1 -1000 -1000 -1000 -10 0.997379
324 13 car -1 -1 -10 519 176 551 200 -1 -1 -1 -1000 -1000 -1000 -10 0.998484
324 27 car -1 -1 -10 0 195 279 365 -1 -1 -1 -1000 -1000 -1000 -10 0.997256
325 11 car -1 -1 -10 588 179 620 204 -1 -1 -1 -1000 -1000 -1000 -10 0.998488
325 13 car -1 -1 -10 519 178 549 201 -1 -1 -1 -1000 -1000 -1000 -10 0.999121
325 27 car -1 -1 -10 0 194 294 365 -1 -1 -1 -1000 -1000 -1000 -10 0.997909
326 11 car -1 -1 -10 588 180 620 206 -1 -1 -1 -1000 -1000 -1000 -10 0.998784
326 13 car -1 -1 -10 519 179 548 203 -1 -1 -1 -1000 -1000 -1000 -10 0.99963
326 27 car -1 -1 -10 0 179 310 375 -1 -1 -1 -1000 -1000 -1000 -10 0.999289
327 11 car -1 -1 -10 589 181 619 207 -1 -1 -1 -1000 -1000 -1000 -10 0.998045
327 13 car -1 -1 -10 517 182 546 206 -1 -1 -1 -1000 -1000 -1000 -10 0.999583
327 27 car -1 -1 -10 0 176 339 375 -1 -1 -1 -1000 -1000 -1000 -10 0.999789
328 11 car -1 -1 -10 590 181 618 208 -1 -1 -1 -1000 -1000 -1000 -10 0.996715
328 13 car -1 -1 -10 514 183 544 208 -1 -1 -1 -1000 -1000 -1000 -10 0.999428
328 27 car -1 -1 -10 0 187 343 372 -1 -1 -1 -1000 -1000 -1000 -10 0.999145
329 11 car -1 -1 -10 588 179 616 207 -1 -1 -1 -1000 -1000 -1000 -10 0.989462
329 13 car -1 -1 -10 511 183 541 207 -1 -1 -1 -1000 -1000 -1000 -10 0.993928
329 27 car -1 -1 -10 0 181 365 375 -1 -1 -1 -1000 -1000 -1000 -10 0.99979
330 11 car -1 -1 -10 584 181 613 206 -1 -1 -1 -1000 -1000 -1000 -10 0.980885
330 13 car -1 -1 -10 508 183 538 207 -1 -1 -1 -1000 -1000 -1000 -10 0.999253
330 27 car -1 -1 -10 0 183 376 375 -1 -1 -1 -1000 -1000 -1000 -10 0.999852
331 11 car -1 -1 -10 581 182 612 206 -1 -1 -1 -1000 -1000 -1000 -10 0.997932
331 13 car -1 -1 -10 505 181 536 208 -1 -1 -1 -1000 -1000 -1000 -10 0.999411
331 27 car -1 -1 -10 0 185 387 375 -1 -1 -1 -1000 -1000 -1000 -10 0.99995
332 11 car -1 -1 -10 579 180 611 206 -1 -1 -1 -1000 -1000 -1000 -10 0.99804
332 13 car -1 -1 -10 502 181 533 206 -1 -1 -1 -1000 -1000 -1000 -10 0.999056
332 27 car -1 -1 -10 0 187 393 375 -1 -1 -1 -1000 -1000 -1000 -10 0.999978
333 11 car -1 -1 -10 577 179 609 204 -1 -1 -1 -1000 -1000 -1000 -10 0.998138
333 13 car -1 -1 -10 498 179 530 204 -1 -1 -1 -1000 -1000 -1000 -10 0.998685
333 27 car -1 -1 -10 13 186 399 375 -1 -1 -1 -1000 -1000 -1000 -10 0.999984
334 11 car -1 -1 -10 577 177 606 202 -1 -1 -1 -1000 -1000 -1000 -10 0.995982
334 13 car -1 -1 -10 494 178 528 203 -1 -1 -1 -1000 -1000 -1000 -10 0.998273
334 27 car -1 -1 -10 34 176 399 375 -1 -1 -1 -1000 -1000 -1000 -10 0.999988
335 11 car -1 -1 -10 573 176 603 201 -1 -1 -1 -1000 -1000 -1000 -10 0.956501
335 13 car -1 -1 -10 491 176 524 202 -1 -1 -1 -1000 -1000 -1000 -10 0.999299
335 27 car -1 -1 -10 74 188 404 358 -1 -1 -1 -1000 -1000 -1000 -10 0.999887
335 28 car -1 -1 -10 445 170 475 186 -1 -1 -1 -1000 -1000 -1000 -10 0.340225
336 11 car -1 -1 -10 571 177 601 200 -1 -1 -1 -1000 -1000 -1000 -10 0.991028
336 13 car -1 -1 -10 486 176 522 202 -1 -1 -1 -1000 -1000 -1000 -10 0.997461
336 27 car -1 -1 -10 102 182 406 350 -1 -1 -1 -1000 -1000 -1000 -10 0.999996
336 28 car -1 -1 -10 435 171 468 188 -1 -1 -1 -1000 -1000 -1000 -10 0.879611
337 11 car -1 -1 -10 569 177 600 200 -1 -1 -1 -1000 -1000 -1000 -10 0.995563
337 13 car -1 -1 -10 485 178 519 203 -1 -1 -1 -1000 -1000 -1000 -10 0.997816
337 27 car -1 -1 -10 126 185 414 340 -1 -1 -1 -1000 -1000 -1000 -10 0.999997
337 28 car -1 -1 -10 429 173 460 192 -1 -1 -1 -1000 -1000 -1000 -10 0.687047
338 11 car -1 -1 -10 567 178 598 202 -1 -1 -1 -1000 -1000 -1000 -10 0.995854
338 13 car -1 -1 -10 483 179 517 206 -1 -1 -1 -1000 -1000 -1000 -10 0.997608
338 27 car -1 -1 -10 147 185 421 339 -1 -1 -1 -1000 -1000 -1000 -10 0.999933
338 28 car -1 -1 -10 419 175 449 195 -1 -1 -1 -1000 -1000 -1000 -10 0.882598
339 11 car -1 -1 -10 566 180 597 203 -1 -1 -1 -1000 -1000 -1000 -10 0.995607
339 13 car -1 -1 -10 481 181 514 209 -1 -1 -1 -1000 -1000 -1000 -10 0.999527
339 27 car -1 -1 -10 167 177 428 340 -1 -1 -1 -1000 -1000 -1000 -10 0.999983
339 28 car -1 -1 -10 407 178 441 200 -1 -1 -1 -1000 -1000 -1000 -10 0.993321
340 11 car -1 -1 -10 566 180 594 202 -1 -1 -1 -1000 -1000 -1000 -10 0.951031
340 13 car -1 -1 -10 479 182 511 209 -1 -1 -1 -1000 -1000 -1000 -10 0.997436
340 27 car -1 -1 -10 192 181 435 330 -1 -1 -1 -1000 -1000 -1000 -10 0.999988
340 28 car -1 -1 -10 395 177 431 203 -1 -1 -1 -1000 -1000 -1000 -10 0.996705
341 11 car -1 -1 -10 563 181 591 202 -1 -1 -1 -1000 -1000 -1000 -10 0.988652
341 13 car -1 -1 -10 476 183 510 209 -1 -1 -1 -1000 -1000 -1000 -10 0.998651
341 27 car -1 -1 -10 208 185 441 323 -1 -1 -1 -1000 -1000 -1000 -10 0.999977
341 28 car -1 -1 -10 379 178 418 205 -1 -1 -1 -1000 -1000 -1000 -10 0.995668
342 11 car -1 -1 -10 561 183 590 205 -1 -1 -1 -1000 -1000 -1000 -10 0.992937
342 13 car -1 -1 -10 474 185 509 212 -1 -1 -1 -1000 -1000 -1000 -10 0.997978
342 27 car -1 -1 -10 220 185 449 319 -1 -1 -1 -1000 -1000 -1000 -10 0.999848
342 28 car -1 -1 -10 361 180 412 208 -1 -1 -1 -1000 -1000 -1000 -10 0.969808
343 11 car -1 -1 -10 560 185 589 207 -1 -1 -1 -1000 -1000 -1000 -10 0.93162
343 13 car -1 -1 -10 471 187 508 216 -1 -1 -1 -1000 -1000 -1000 -10 0.998836
343 27 car -1 -1 -10 238 186 453 309 -1 -1 -1 -1000 -1000 -1000 -10 0.999708
343 28 car -1 -1 -10 337 184 410 223 -1 -1 -1 -1000 -1000 -1000 -10 0.678406
344 11 car -1 -1 -10 558 185 588 207 -1 -1 -1 -1000 -1000 -1000 -10 0.989226
344 13 car -1 -1 -10 468 187 506 215 -1 -1 -1 -1000 -1000 -1000 -10 0.997445
344 27 car -1 -1 -10 252 187 457 305 -1 -1 -1 -1000 -1000 -1000 -10 0.99991
344 28 car -1 -1 -10 324 183 403 221 -1 -1 -1 -1000 -1000 -1000 -10 0.429012
345 11 car -1 -1 -10 555 181 588 204 -1 -1 -1 -1000 -1000 -1000 -10 0.993712
345 13 car -1 -1 -10 467 185 505 211 -1 -1 -1 -1000 -1000 -1000 -10 0.989241
345 27 car -1 -1 -10 271 183 456 301 -1 -1 -1 -1000 -1000 -1000 -10 0.999982
345 28 car -1 -1 -10 291 181 375 227 -1 -1 -1 -1000 -1000 -1000 -10 0.507485
346 11 car -1 -1 -10 553 180 586 201 -1 -1 -1 -1000 -1000 -1000 -10 0.97166
346 13 car -1 -1 -10 465 183 501 209 -1 -1 -1 -1000 -1000 -1000 -10 0.991114
346 27 car -1 -1 -10 278 186 459 292 -1 -1 -1 -1000 -1000 -1000 -10 0.999955
346 28 car -1 -1 -10 254 180 329 222 -1 -1 -1 -1000 -1000 -1000 -10 0.999846
347 11 car -1 -1 -10 552 181 581 202 -1 -1 -1 -1000 -1000 -1000 -10 0.890021
347 13 car -1 -1 -10 461 184 499 212 -1 -1 -1 -1000 -1000 -1000 -10 0.991636
347 27 car -1 -1 -10 296 185 464 292 -1 -1 -1 -1000 -1000 -1000 -10 0.999981
347 28 car -1 -1 -10 211 181 295 232 -1 -1 -1 -1000 -1000 -1000 -10 0.99993
347 29 car -1 -1 -10 281 183 340 214 -1 -1 -1 -1000 -1000 -1000 -10 0.982692
348 11 car -1 -1 -10 550 185 579 206 -1 -1 -1 -1000 -1000 -1000 -10 0.936197
348 13 car -1 -1 -10 456 186 498 217 -1 -1 -1 -1000 -1000 -1000 -10 0.998861
348 27 car -1 -1 -10 304 189 468 291 -1 -1 -1 -1000 -1000 -1000 -10 0.999962
348 28 car -1 -1 -10 145 187 258 241 -1 -1 -1 -1000 -1000 -1000 -10 0.999869
348 30 car -1 -1 -10 245 187 315 221 -1 -1 -1 -1000 -1000 -1000 -10 0.999918
349 11 car -1 -1 -10 549 189 577 208 -1 -1 -1 -1000 -1000 -1000 -10 0.88419
349 13 car -1 -1 -10 452 189 494 218 -1 -1 -1 -1000 -1000 -1000 -10 0.988479
349 27 car -1 -1 -10 315 195 471 287 -1 -1 -1 -1000 -1000 -1000 -10 0.999646
349 28 car -1 -1 -10 64 190 202 256 -1 -1 -1 -1000 -1000 -1000 -10 0.999964
349 31 car -1 -1 -10 205 192 288 227 -1 -1 -1 -1000 -1000 -1000 -10 0.999864
349 32 car -1 -1 -10 571 176 596 202 -1 -1 -1 -1000 -1000 -1000 -10 0.963914
350 11 car -1 -1 -10 545 186 575 207 -1 -1 -1 -1000 -1000 -1000 -10 0.961375
350 13 car -1 -1 -10 448 187 491 218 -1 -1 -1 -1000 -1000 -1000 -10 0.994991
350 27 car -1 -1 -10 329 194 469 283 -1 -1 -1 -1000 -1000 -1000 -10 0.999755
350 28 car -1 -1 -10 0 185 132 275 -1 -1 -1 -1000 -1000 -1000 -10 0.999319
350 32 car -1 -1 -10 570 174 595 202 -1 -1 -1 -1000 -1000 -1000 -10 0.913668
350 33 car -1 -1 -10 156 191 254 230 -1 -1 -1 -1000 -1000 -1000 -10 0.999914
351 11 car -1 -1 -10 544 182 570 203 -1 -1 -1 -1000 -1000 -1000 -10 0.949174
351 13 car -1 -1 -10 442 185 489 214 -1 -1 -1 -1000 -1000 -1000 -10 0.942853
351 27 car -1 -1 -10 335 190 472 277 -1 -1 -1 -1000 -1000 -1000 -10 0.999747
351 33 car -1 -1 -10 94 188 213 234 -1 -1 -1 -1000 -1000 -1000 -10 0.99984
352 11 car -1 -1 -10 541 181 568 201 -1 -1 -1 -1000 -1000 -1000 -10 0.943423
352 13 car -1 -1 -10 438 183 485 214 -1 -1 -1 -1000 -1000 -1000 -10 0.966196
352 27 car -1 -1 -10 344 186 472 274 -1 -1 -1 -1000 -1000 -1000 -10 0.999831
352 33 car -1 -1 -10 12 185 159 238 -1 -1 -1 -1000 -1000 -1000 -10 0.999972
353 11 car -1 -1 -10 538 181 565 201 -1 -1 -1 -1000 -1000 -1000 -10 0.920195
353 13 car -1 -1 -10 437 181 481 211 -1 -1 -1 -1000 -1000 -1000 -10 0.967516
353 27 car -1 -1 -10 347 187 482 264 -1 -1 -1 -1000 -1000 -1000 -10 0.999842
353 33 car -1 -1 -10 0 179 92 246 -1 -1 -1 -1000 -1000 -1000 -10 0.99
353 34 car -1 -1 -10 337 178 378 198 -1 -1 -1 -1000 -1000 -1000 -10 0.970171
354 11 car -1 -1 -10 535 183 563 201 -1 -1 -1 -1000 -1000 -1000 -10 0.758964
354 13 car -1 -1 -10 432 184 480 213 -1 -1 -1 -1000 -1000 -1000 -10 0.82203
354 27 car -1 -1 -10 355 187 482 263 -1 -1 -1 -1000 -1000 -1000 -10 0.999944
354 32 car -1 -1 -10 564 170 589 197 -1 -1 -1 -1000 -1000 -1000 -10 0.837362
354 34 car -1 -1 -10 319 178 361 201 -1 -1 -1 -1000 -1000 -1000 -10 0.989769
355 11 car -1 -1 -10 533 183 560 203 -1 -1 -1 -1000 -1000 -1000 -10 0.814519
355 27 car -1 -1 -10 359 188 486 262 -1 -1 -1 -1000 -1000 -1000 -10 0.999973
355 34 car -1 -1 -10 297 181 344 206 -1 -1 -1 -1000 -1000 -1000 -10 0.996911
356 11 car -1 -1 -10 533 185 558 204 -1 -1 -1 -1000 -1000 -1000 -10 0.934775
356 27 car -1 -1 -10 367 187 487 264 -1 -1 -1 -1000 -1000 -1000 -10 0.999977
356 34 car -1 -1 -10 272 182 325 211 -1 -1 -1 -1000 -1000 -1000 -10 0.998459
356 35 car -1 -1 -10 413 187 478 221 -1 -1 -1 -1000 -1000 -1000 -10 0.322072
357 11 car -1 -1 -10 532 184 558 204 -1 -1 -1 -1000 -1000 -1000 -10 0.938827
357 27 car -1 -1 -10 375 186 487 264 -1 -1 -1 -1000 -1000 -1000 -10 0.999951
357 34 car -1 -1 -10 240 184 304 213 -1 -1 -1 -1000 -1000 -1000 -10 0.998164
358 11 car -1 -1 -10 531 184 557 204 -1 -1 -1 -1000 -1000 -1000 -10 0.951985
358 27 car -1 -1 -10 380 187 492 258 -1 -1 -1 -1000 -1000 -1000 -10 0.99996
358 34 car -1 -1 -10 205 184 276 216 -1 -1 -1 -1000 -1000 -1000 -10 0.999887
359 11 car -1 -1 -10 530 181 556 202 -1 -1 -1 -1000 -1000 -1000 -10 0.968266
359 27 car -1 -1 -10 385 185 495 254 -1 -1 -1 -1000 -1000 -1000 -10 0.999987
359 34 car -1 -1 -10 158 183 243 218 -1 -1 -1 -1000 -1000 -1000 -10 0.999773
360 27 car -1 -1 -10 391 182 497 251 -1 -1 -1 -1000 -1000 -1000 -10 0.999978
360 34 car -1 -1 -10 105 179 201 223 -1 -1 -1 -1000 -1000 -1000 -10 0.999892
360 35 car -1 -1 -10 395 184 463 221 -1 -1 -1 -1000 -1000 -1000 -10 0.374932
361 11 car -1 -1 -10 531 182 556 202 -1 -1 -1 -1000 -1000 -1000 -10 0.958506
361 27 car -1 -1 -10 397 183 500 251 -1 -1 -1 -1000 -1000 -1000 -10 0.99993
361 34 car -1 -1 -10 30 183 147 230 -1 -1 -1 -1000 -1000 -1000 -10 0.999365
361 35 car -1 -1 -10 404 185 470 223 -1 -1 -1 -1000 -1000 -1000 -10 0.521992
362 27 car -1 -1 -10 403 183 507 249 -1 -1 -1 -1000 -1000 -1000 -10 0.999795
362 34 car -1 -1 -10 0 183 90 239 -1 -1 -1 -1000 -1000 -1000 -10 0.968593
362 35 car -1 -1 -10 402 185 469 221 -1 -1 -1 -1000 -1000 -1000 -10 0.449423
363 27 car -1 -1 -10 409 182 509 247 -1 -1 -1 -1000 -1000 -1000 -10 0.999913
363 35 car -1 -1 -10 398 182 461 220 -1 -1 -1 -1000 -1000 -1000 -10 0.995628
364 11 car -1 -1 -10 533 179 558 200 -1 -1 -1 -1000 -1000 -1000 -10 0.9239
364 27 car -1 -1 -10 414 182 514 244 -1 -1 -1 -1000 -1000 -1000 -10 0.999905
364 35 car -1 -1 -10 394 182 459 220 -1 -1 -1 -1000 -1000 -1000 -10 0.992979
365 11 car -1 -1 -10 534 181 559 200 -1 -1 -1 -1000 -1000 -1000 -10 0.960976
365 27 car -1 -1 -10 417 183 517 246 -1 -1 -1 -1000 -1000 -1000 -10 0.999927
365 35 car -1 -1 -10 391 183 463 224 -1 -1 -1 -1000 -1000 -1000 -10 0.998778
366 11 car -1 -1 -10 535 182 561 201 -1 -1 -1 -1000 -1000 -1000 -10 0.942638
366 27 car -1 -1 -10 421 184 521 246 -1 -1 -1 -1000 -1000 -1000 -10 0.999818
366 35 car -1 -1 -10 387 184 463 225 -1 -1 -1 -1000 -1000 -1000 -10 0.993963
367 11 car -1 -1 -10 536 184 561 202 -1 -1 -1 -1000 -1000 -1000 -10 0.941499
367 27 car -1 -1 -10 425 185 521 246 -1 -1 -1 -1000 -1000 -1000 -10 0.998258
367 35 car -1 -1 -10 382 186 452 228 -1 -1 -1 -1000 -1000 -1000 -10 0.998339
368 27 car -1 -1 -10 430 184 524 247 -1 -1 -1 -1000 -1000 -1000 -10 0.999164
368 35 car -1 -1 -10 378 187 450 231 -1 -1 -1 -1000 -1000 -1000 -10 0.998168
369 27 car -1 -1 -10 436 187 520 245 -1 -1 -1 -1000 -1000 -1000 -10 0.999362
369 35 car -1 -1 -10 370 188 446 232 -1 -1 -1 -1000 -1000 -1000 -10 0.999794
370 27 car -1 -1 -10 441 187 521 244 -1 -1 -1 -1000 -1000 -1000 -10 0.999758
370 35 car -1 -1 -10 363 188 443 233 -1 -1 -1 -1000 -1000 -1000 -10 0.999839
371 27 car -1 -1 -10 446 188 526 243 -1 -1 -1 -1000 -1000 -1000 -10 0.999464
371 35 car -1 -1 -10 357 188 439 235 -1 -1 -1 -1000 -1000 -1000 -10 0.999921
372 27 car -1 -1 -10 447 187 527 242 -1 -1 -1 -1000 -1000 -1000 -10 0.999886
372 35 car -1 -1 -10 348 188 436 236 -1 -1 -1 -1000 -1000 -1000 -10 0.999785
373 27 car -1 -1 -10 450 189 529 242 -1 -1 -1 -1000 -1000 -1000 -10 0.999833
373 35 car -1 -1 -10 339 190 431 239 -1 -1 -1 -1000 -1000 -1000 -10 0.999922
374 27 car -1 -1 -10 452 184 530 239 -1 -1 -1 -1000 -1000 -1000 -10 0.99995
374 35 car -1 -1 -10 332 185 423 237 -1 -1 -1 -1000 -1000 -1000 -10 0.999819
375 27 car -1 -1 -10 455 179 532 230 -1 -1 -1 -1000 -1000 -1000 -10 0.999688
375 35 car -1 -1 -10 322 181 421 230 -1 -1 -1 -1000 -1000 -1000 -10 0.998386
376 27 car -1 -1 -10 459 175 535 228 -1 -1 -1 -1000 -1000 -1000 -10 0.999859
376 35 car -1 -1 -10 309 177 417 230 -1 -1 -1 -1000 -1000 -1000 -10 0.999955
377 27 car -1 -1 -10 462 175 537 226 -1 -1 -1 -1000 -1000 -1000 -10 0.999937
377 35 car -1 -1 -10 297 178 411 233 -1 -1 -1 -1000 -1000 -1000 -10 0.999942
378 27 car -1 -1 -10 466 177 537 228 -1 -1 -1 -1000 -1000 -1000 -10 0.999927
378 35 car -1 -1 -10 286 181 405 241 -1 -1 -1 -1000 -1000 -1000 -10 0.999981
379 27 car -1 -1 -10 469 179 539 229 -1 -1 -1 -1000 -1000 -1000 -10 0.999898
379 35 car -1 -1 -10 273 184 399 246 -1 -1 -1 -1000 -1000 -1000 -10 0.999981
380 27 car -1 -1 -10 471 178 544 228 -1 -1 -1 -1000 -1000 -1000 -10 0.999916
380 35 car -1 -1 -10 257 184 389 251 -1 -1 -1 -1000 -1000 -1000 -10 0.999979
381 27 car -1 -1 -10 475 175 545 226 -1 -1 -1 -1000 -1000 -1000 -10 0.999929
381 35 car -1 -1 -10 237 182 376 259 -1 -1 -1 -1000 -1000 -1000 -10 0.999881
382 27 car -1 -1 -10 479 175 547 224 -1 -1 -1 -1000 -1000 -1000 -10 0.999891
382 35 car -1 -1 -10 218 185 369 259 -1 -1 -1 -1000 -1000 -1000 -10 0.999827
382 36 car -1 -1 -10 511 171 540 192 -1 -1 -1 -1000 -1000 -1000 -10 0.393896
383 27 car -1 -1 -10 483 175 552 224 -1 -1 -1 -1000 -1000 -1000 -10 0.999503
383 35 car -1 -1 -10 193 181 359 268 -1 -1 -1 -1000 -1000 -1000 -10 0.999682
383 36 car -1 -1 -10 511 169 540 191 -1 -1 -1 -1000 -1000 -1000 -10 0.393608
384 27 car -1 -1 -10 486 175 552 223 -1 -1 -1 -1000 -1000 -1000 -10 0.99971
384 35 car -1 -1 -10 164 181 348 279 -1 -1 -1 -1000 -1000 -1000 -10 0.999875
384 36 car -1 -1 -10 511 170 539 191 -1 -1 -1 -1000 -1000 -1000 -10 0.563273
385 27 car -1 -1 -10 487 176 554 222 -1 -1 -1 -1000 -1000 -1000 -10 0.999693
385 35 car -1 -1 -10 130 183 332 285 -1 -1 -1 -1000 -1000 -1000 -10 0.999978
386 27 car -1 -1 -10 490 177 554 222 -1 -1 -1 -1000 -1000 -1000 -10 0.999722
386 35 car -1 -1 -10 83 189 316 293 -1 -1 -1 -1000 -1000 -1000 -10 0.999947
386 36 car -1 -1 -10 507 176 532 195 -1 -1 -1 -1000 -1000 -1000 -10 0.403371
387 27 car -1 -1 -10 493 177 556 223 -1 -1 -1 -1000 -1000 -1000 -10 0.999822
387 35 car -1 -1 -10 39 189 297 304 -1 -1 -1 -1000 -1000 -1000 -10 0.99767
387 36 car -1 -1 -10 503 174 528 197 -1 -1 -1 -1000 -1000 -1000 -10 0.362372
388 27 car -1 -1 -10 494 179 556 224 -1 -1 -1 -1000 -1000 -1000 -10 0.999929
388 35 car -1 -1 -10 0 190 275 325 -1 -1 -1 -1000 -1000 -1000 -10 0.999921
388 36 car -1 -1 -10 499 176 529 201 -1 -1 -1 -1000 -1000 -1000 -10 0.939735
389 27 car -1 -1 -10 496 182 555 225 -1 -1 -1 -1000 -1000 -1000 -10 0.999927
389 35 car -1 -1 -10 0 194 255 347 -1 -1 -1 -1000 -1000 -1000 -10 0.999716
389 36 car -1 -1 -10 491 178 525 205 -1 -1 -1 -1000 -1000 -1000 -10 0.984561
