0 0 car -1 -1 -10 869 191 1242 375 -1 -1 -1 -1000 -1000 -1000 -10 0.999728
1 0 car -1 -1 -10 903 222 1236 369 -1 -1 -1 -1000 -1000 -1000 -10 0.996707
2 0 car -1 -1 -10 925 220 1242 371 -1 -1 -1 -1000 -1000 -1000 -10 0.998871
3 0 car -1 -1 -10 971 228 1242 366 -1 -1 -1 -1000 -1000 -1000 -10 0.999067
4 0 car -1 -1 -10 1017 230 1242 375 -1 -1 -1 -1000 -1000 -1000 -10 0.77765
5 0 car -1 -1 -10 1089 229 1242 375 -1 -1 -1 -1000 -1000 -1000 -10 0.977684
11 1 pedestrian -1 -1 -10 771 158 796 221 -1 -1 -1 -1000 -1000 -1000 -10 0.780555
12 2 pedestrian -1 -1 -10 195 164 224 221 -1 -1 -1 -1000 -1000 -1000 -10 0.566441
13 1 pedestrian -1 -1 -10 786 156 812 227 -1 -1 -1 -1000 -1000 -1000 -10 0.795687
13 2 pedestrian -1 -1 -10 183 166 209 224 -1 -1 -1 -1000 -1000 -1000 -10 0.698208
14 1 pedestrian -1 -1 -10 793 156 818 236 -1 -1 -1 -1000 -1000 -1000 -10 0.906493
14 2 pedestrian -1 -1 -10 165 172 197 227 -1 -1 -1 -1000 -1000 -1000 -10 0.738146
14 3 pedestrian -1 -1 -10 822 163 848 231 -1 -1 -1 -1000 -1000 -1000 -10 0.737939
15 1 pedestrian -1 -1 -10 802 162 830 237 -1 -1 -1 -1000 -1000 -1000 -10 0.93632
15 2 pedestrian -1 -1 -10 152 178 187 230 -1 -1 -1 -1000 -1000 -1000 -10 0.845078
15 3 pedestrian -1 -1 -10 834 164 861 236 -1 -1 -1 -1000 -1000 -1000 -10 0.942844
16 1 pedestrian -1 -1 -10 810 160 842 241 -1 -1 -1 -1000 -1000 -1000 -10 0.983339
16 2 pedestrian -1 -1 -10 138 175 171 233 -1 -1 -1 -1000 -1000 -1000 -10 0.890079
16 3 pedestrian -1 -1 -10 846 163 878 242 -1 -1 -1 -1000 -1000 -1000 -10 0.933019
17 1 pedestrian -1 -1 -10 825 162 857 245 -1 -1 -1 -1000 -1000 -1000 -10 0.971497
17 2 pedestrian -1 -1 -10 121 168 153 233 -1 -1 -1 -1000 -1000 -1000 -10 0.94862
17 3 pedestrian -1 -1 -10 861 166 888 246 -1 -1 -1 -1000 -1000 -1000 -10 0.923172
18 1 pedestrian -1 -1 -10 837 156 869 250 -1 -1 -1 -1000 -1000 -1000 -10 0.987657
18 2 pedestrian -1 -1 -10 103 169 132 235 -1 -1 -1 -1000 -1000 -1000 -10 0.974019
18 3 pedestrian -1 -1 -10 873 167 903 245 -1 -1 -1 -1000 -1000 -1000 -10 0.687543
19 1 pedestrian -1 -1 -10 849 158 888 251 -1 -1 -1 -1000 -1000 -1000 -10 0.97443
19 2 pedestrian -1 -1 -10 83 162 112 236 -1 -1 -1 -1000 -1000 -1000 -10 0.961873
19 3 pedestrian -1 -1 -10 891 162 925 248 -1 -1 -1 -1000 -1000 -1000 -10 0.932544
20 1 pedestrian -1 -1 -10 865 147 906 254 -1 -1 -1 -1000 -1000 -1000 -10 0.990621
20 2 pedestrian -1 -1 -10 60 157 93 235 -1 -1 -1 -1000 -1000 -1000 -10 0.987869
20 3 pedestrian -1 -1 -10 912 153 947 250 -1 -1 -1 -1000 -1000 -1000 -10 0.872955
21 1 pedestrian -1 -1 -10 878 146 924 254 -1 -1 -1 -1000 -1000 -1000 -10 0.973152
21 2 pedestrian -1 -1 -10 38 156 69 235 -1 -1 -1 -1000 -1000 -1000 -10 0.985038
21 3 pedestrian -1 -1 -10 937 146 976 254 -1 -1 -1 -1000 -1000 -1000 -10 0.8626
22 1 pedestrian -1 -1 -10 894 147 945 261 -1 -1 -1 -1000 -1000 -1000 -10 0.992721
22 2 pedestrian -1 -1 -10 8 154 48 245 -1 -1 -1 -1000 -1000 -1000 -10 0.754009
22 3 pedestrian -1 -1 -10 960 147 997 264 -1 -1 -1 -1000 -1000 -1000 -10 0.831804
23 1 pedestrian -1 -1 -10 912 153 968 269 -1 -1 -1 -1000 -1000 -1000 -10 0.991961
23 3 pedestrian -1 -1 -10 980 155 1023 269 -1 -1 -1 -1000 -1000 -1000 -10 0.948312
24 1 pedestrian -1 -1 -10 942 156 995 276 -1 -1 -1 -1000 -1000 -1000 -10 0.949114
24 3 pedestrian -1 -1 -10 1010 155 1051 277 -1 -1 -1 -1000 -1000 -1000 -10 0.77329
25 1 pedestrian -1 -1 -10 971 157 1036 290 -1 -1 -1 -1000 -1000 -1000 -10 0.966263
25 3 pedestrian -1 -1 -10 1040 156 1090 292 -1 -1 -1 -1000 -1000 -1000 -10 0.8662
26 1 pedestrian -1 -1 -10 997 156 1068 294 -1 -1 -1 -1000 -1000 -1000 -10 0.974308
26 3 pedestrian -1 -1 -10 1077 152 1138 300 -1 -1 -1 -1000 -1000 -1000 -10 0.890612
27 1 pedestrian -1 -1 -10 1036 146 1114 302 -1 -1 -1 -1000 -1000 -1000 -10 0.981903
27 3 pedestrian -1 -1 -10 1115 141 1196 313 -1 -1 -1 -1000 -1000 -1000 -10 0.867823
28 1 pedestrian -1 -1 -10 1089 136 1172 315 -1 -1 -1 -1000 -1000 -1000 -10 0.982905
28 3 pedestrian -1 -1 -10 1173 135 1242 329 -1 -1 -1 -1000 -1000 -1000 -10 0.508583
29 1 pedestrian -1 -1 -10 1147 126 1242 351 -1 -1 -1 -1000 -1000 -1000 -10 0.965824
34 4 pedestrian -1 -1 -10 313 164 338 218 -1 -1 -1 -1000 -1000 -1000 -10 0.728034
35 4 pedestrian -1 -1 -10 301 165 328 220 -1 -1 -1 -1000 -1000 -1000 -10 0.88298
36 4 pedestrian -1 -1 -10 289 168 317 220 -1 -1 -1 -1000 -1000 -1000 -10 0.966515
37 4 pedestrian -1 -1 -10 277 168 302 223 -1 -1 -1 -1000 -1000 -1000 -10 0.820767
37 5 pedestrian -1 -1 -10 356 178 383 235 -1 -1 -1 -1000 -1000 -1000 -10 0.517088
38 4 pedestrian -1 -1 -10 262 168 288 224 -1 -1 -1 -1000 -1000 -1000 -10 0.344799
38 5 pedestrian -1 -1 -10 349 177 374 242 -1 -1 -1 -1000 -1000 -1000 -10 0.892541
39 4 pedestrian -1 -1 -10 249 169 277 229 -1 -1 -1 -1000 -1000 -1000 -10 0.637345
40 4 pedestrian -1 -1 -10 233 168 262 230 -1 -1 -1 -1000 -1000 -1000 -10 0.879534
40 5 pedestrian -1 -1 -10 325 177 352 243 -1 -1 -1 -1000 -1000 -1000 -10 0.941394
41 4 pedestrian -1 -1 -10 214 165 246 232 -1 -1 -1 -1000 -1000 -1000 -10 0.864142
41 5 pedestrian -1 -1 -10 311 177 343 248 -1 -1 -1 -1000 -1000 -1000 -10 0.991489
42 4 pedestrian -1 -1 -10 194 166 228 233 -1 -1 -1 -1000 -1000 -1000 -10 0.956423
42 5 pedestrian -1 -1 -10 295 177 327 253 -1 -1 -1 -1000 -1000 -1000 -10 0.989361
43 4 pedestrian -1 -1 -10 171 168 209 237 -1 -1 -1 -1000 -1000 -1000 -10 0.981613
43 5 pedestrian -1 -1 -10 279 174 312 260 -1 -1 -1 -1000 -1000 -1000 -10 0.96871
44 4 pedestrian -1 -1 -10 148 167 190 244 -1 -1 -1 -1000 -1000 -1000 -10 0.984522
44 5 pedestrian -1 -1 -10 263 174 296 265 -1 -1 -1 -1000 -1000 -1000 -10 0.979274
45 4 pedestrian -1 -1 -10 124 170 171 247 -1 -1 -1 -1000 -1000 -1000 -10 0.961153
45 5 pedestrian -1 -1 -10 240 178 278 268 -1 -1 -1 -1000 -1000 -1000 -10 0.995155
46 4 pedestrian -1 -1 -10 100 168 149 251 -1 -1 -1 -1000 -1000 -1000 -10 0.989921
46 5 pedestrian -1 -1 -10 218 177 260 274 -1 -1 -1 -1000 -1000 -1000 -10 0.993603
47 4 pedestrian -1 -1 -10 71 169 120 253 -1 -1 -1 -1000 -1000 -1000 -10 0.992592
47 5 pedestrian -1 -1 -10 196 178 238 282 -1 -1 -1 -1000 -1000 -1000 -10 0.969828
48 4 pedestrian -1 -1 -10 38 166 90 254 -1 -1 -1 -1000 -1000 -1000 -10 0.978265
48 5 pedestrian -1 -1 -10 163 175 213 286 -1 -1 -1 -1000 -1000 -1000 -10 0.968386
49 4 pedestrian -1 -1 -10 3 161 62 259 -1 -1 -1 -1000 -1000 -1000 -10 0.728087
49 5 pedestrian -1 -1 -10 130 179 183 290 -1 -1 -1 -1000 -1000 -1000 -10 0.9873
50 5 pedestrian -1 -1 -10 91 178 156 305 -1 -1 -1 -1000 -1000 -1000 -10 0.882715
50 6 pedestrian -1 -1 -10 391 163 416 235 -1 -1 -1 -1000 -1000 -1000 -10 0.739872
51 5 pedestrian -1 -1 -10 53 176 114 316 -1 -1 -1 -1000 -1000 -1000 -10 0.93878
51 6 pedestrian -1 -1 -10 380 164 408 238 -1 -1 -1 -1000 -1000 -1000 -10 0.963923
51 7 pedestrian -1 -1 -10 1144 188 1215 325 -1 -1 -1 -1000 -1000 -1000 -10 0.397682
52 5 pedestrian -1 -1 -10 5 169 77 336 -1 -1 -1 -1000 -1000 -1000 -10 0.527825
52 6 pedestrian -1 -1 -10 372 166 400 241 -1 -1 -1 -1000 -1000 -1000 -10 0.97186
53 6 pedestrian -1 -1 -10 361 163 387 245 -1 -1 -1 -1000 -1000 -1000 -10 0.958776
54 6 pedestrian -1 -1 -10 350 162 377 247 -1 -1 -1 -1000 -1000 -1000 -10 0.940209
55 6 pedestrian -1 -1 -10 337 163 364 249 -1 -1 -1 -1000 -1000 -1000 -10 0.538515
56 6 pedestrian -1 -1 -10 321 163 350 257 -1 -1 -1 -1000 -1000 -1000 -10 0.958799
57 6 pedestrian -1 -1 -10 305 162 337 261 -1 -1 -1 -1000 -1000 -1000 -10 0.968004
58 6 pedestrian -1 -1 -10 287 160 322 261 -1 -1 -1 -1000 -1000 -1000 -10 0.984694
59 6 pedestrian -1 -1 -10 266 154 304 269 -1 -1 -1 -1000 -1000 -1000 -10 0.98817
60 6 pedestrian -1 -1 -10 241 154 284 275 -1 -1 -1 -1000 -1000 -1000 -10 0.989107
61 6 pedestrian -1 -1 -10 217 155 264 286 -1 -1 -1 -1000 -1000 -1000 -10 0.984094
61 8 car -1 -1 -10 572 158 633 199 -1 -1 -1 -1000 -1000 -1000 -10 0.52891
62 6 pedestrian -1 -1 -10 191 158 241 288 -1 -1 -1 -1000 -1000 -1000 -10 0.954623
62 8 car -1 -1 -10 574 157 630 199 -1 -1 -1 -1000 -1000 -1000 -10 0.93589
62 9 pedestrian -1 -1 -10 730 163 755 228 -1 -1 -1 -1000 -1000 -1000 -10 0.491622
63 6 pedestrian -1 -1 -10 155 158 217 293 -1 -1 -1 -1000 -1000 -1000 -10 0.95988
63 8 car -1 -1 -10 574 157 628 200 -1 -1 -1 -1000 -1000 -1000 -10 0.510123
64 6 pedestrian -1 -1 -10 121 148 183 301 -1 -1 -1 -1000 -1000 -1000 -10 0.987131
64 8 car -1 -1 -10 571 154 623 197 -1 -1 -1 -1000 -1000 -1000 -10 0.852751
64 9 pedestrian -1 -1 -10 736 158 761 232 -1 -1 -1 -1000 -1000 -1000 -10 0.564098
65 6 pedestrian -1 -1 -10 85 154 145 309 -1 -1 -1 -1000 -1000 -1000 -10 0.981858
65 8 car -1 -1 -10 567 154 623 196 -1 -1 -1 -1000 -1000 -1000 -10 0.993372
65 10 pedestrian -1 -1 -10 892 153 922 251 -1 -1 -1 -1000 -1000 -1000 -10 0.730641
66 6 pedestrian -1 -1 -10 41 148 104 322 -1 -1 -1 -1000 -1000 -1000 -10 0.986403
66 8 car -1 -1 -10 564 151 621 195 -1 -1 -1 -1000 -1000 -1000 -10 0.983611
66 9 pedestrian -1 -1 -10 739 155 764 232 -1 -1 -1 -1000 -1000 -1000 -10 0.681936
66 10 pedestrian -1 -1 -10 901 151 935 250 -1 -1 -1 -1000 -1000 -1000 -10 0.700427
67 6 pedestrian -1 -1 -10 0 158 69 318 -1 -1 -1 -1000 -1000 -1000 -10 0.890775
67 8 car -1 -1 -10 561 151 620 196 -1 -1 -1 -1000 -1000 -1000 -10 0.984402
67 9 pedestrian -1 -1 -10 740 152 768 238 -1 -1 -1 -1000 -1000 -1000 -10 0.842344
67 10 pedestrian -1 -1 -10 913 156 948 252 -1 -1 -1 -1000 -1000 -1000 -10 0.738212
68 8 car -1 -1 -10 557 152 615 196 -1 -1 -1 -1000 -1000 -1000 -10 0.99926
68 9 pedestrian -1 -1 -10 746 152 775 240 -1 -1 -1 -1000 -1000 -1000 -10 0.881204
68 10 pedestrian -1 -1 -10 925 155 959 256 -1 -1 -1 -1000 -1000 -1000 -10 0.809205
69 8 car -1 -1 -10 554 154 614 198 -1 -1 -1 -1000 -1000 -1000 -10 0.999761
69 9 pedestrian -1 -1 -10 749 153 778 249 -1 -1 -1 -1000 -1000 -1000 -10 0.886831
69 10 pedestrian -1 -1 -10 942 161 975 259 -1 -1 -1 -1000 -1000 -1000 -10 0.890136
69 11 pedestrian -1 -1 -10 916 160 942 252 -1 -1 -1 -1000 -1000 -1000 -10 0.735289
69 12 pedestrian -1 -1 -10 1057 204 1112 307 -1 -1 -1 -1000 -1000 -1000 -10 0.6238
69 13 pedestrian -1 -1 -10 1113 186 1180 328 -1 -1 -1 -1000 -1000 -1000 -10 0.514581
69 14 pedestrian -1 -1 -10 374 169 400 236 -1 -1 -1 -1000 -1000 -1000 -10 0.476328
70 8 car -1 -1 -10 551 156 612 201 -1 -1 -1 -1000 -1000 -1000 -10 0.999623
70 9 pedestrian -1 -1 -10 749 159 781 250 -1 -1 -1 -1000 -1000 -1000 -10 0.752634
70 10 pedestrian -1 -1 -10 955 159 992 268 -1 -1 -1 -1000 -1000 -1000 -10 0.969449
70 11 pedestrian -1 -1 -10 928 158 955 261 -1 -1 -1 -1000 -1000 -1000 -10 0.639798
70 12 pedestrian -1 -1 -10 1086 214 1148 317 -1 -1 -1 -1000 -1000 -1000 -10 0.390786
70 14 pedestrian -1 -1 -10 363 170 390 241 -1 -1 -1 -1000 -1000 -1000 -10 0.764145
70 15 pedestrian -1 -1 -10 1179 155 1240 316 -1 -1 -1 -1000 -1000 -1000 -10 0.337961
71 8 car -1 -1 -10 548 156 607 202 -1 -1 -1 -1000 -1000 -1000 -10 0.999477
71 9 pedestrian -1 -1 -10 755 155 788 257 -1 -1 -1 -1000 -1000 -1000 -10 0.905174
71 10 pedestrian -1 -1 -10 971 155 1008 275 -1 -1 -1 -1000 -1000 -1000 -10 0.956344
71 11 pedestrian -1 -1 -10 943 159 974 263 -1 -1 -1 -1000 -1000 -1000 -10 0.980621
71 14 pedestrian -1 -1 -10 350 170 379 242 -1 -1 -1 -1000 -1000 -1000 -10 0.819507
71 16 pedestrian -1 -1 -10 1134 213 1207 334 -1 -1 -1 -1000 -1000 -1000 -10 0.941554
71 17 pedestrian -1 -1 -10 266 170 302 251 -1 -1 -1 -1000 -1000 -1000 -10 0.897731
72 10 pedestrian -1 -1 -10 991 161 1028 279 -1 -1 -1 -1000 -1000 -1000 -10 0.572373
72 11 pedestrian -1 -1 -10 957 164 988 263 -1 -1 -1 -1000 -1000 -1000 -10 0.921975
72 14 pedestrian -1 -1 -10 338 169 368 244 -1 -1 -1 -1000 -1000 -1000 -10 0.84993
72 15 pedestrian -1 -1 -10 1175 211 1242 352 -1 -1 -1 -1000 -1000 -1000 -10 0.818081
72 17 pedestrian -1 -1 -10 253 168 290 253 -1 -1 -1 -1000 -1000 -1000 -10 0.891111
72 18 car -1 -1 -10 543 152 606 199 -1 -1 -1 -1000 -1000 -1000 -10 0.999014
73 9 pedestrian -1 -1 -10 768 151 799 260 -1 -1 -1 -1000 -1000 -1000 -10 0.477036
73 10 pedestrian -1 -1 -10 1011 159 1054 284 -1 -1 -1 -1000 -1000 -1000 -10 0.92364
73 11 pedestrian -1 -1 -10 978 158 1010 272 -1 -1 -1 -1000 -1000 -1000 -10 0.940864
73 14 pedestrian -1 -1 -10 320 170 351 250 -1 -1 -1 -1000 -1000 -1000 -10 0.954966
73 17 pedestrian -1 -1 -10 241 163 280 258 -1 -1 -1 -1000 -1000 -1000 -10 0.978425
73 18 car -1 -1 -10 539 153 604 203 -1 -1 -1 -1000 -1000 -1000 -10 0.997884
74 8 car -1 -1 -10 535 152 598 203 -1 -1 -1 -1000 -1000 -1000 -10 0.997266
74 9 pedestrian -1 -1 -10 774 156 811 257 -1 -1 -1 -1000 -1000 -1000 -10 0.86254
74 10 pedestrian -1 -1 -10 1036 157 1075 295 -1 -1 -1 -1000 -1000 -1000 -10 0.841016
74 11 pedestrian -1 -1 -10 1003 160 1037 281 -1 -1 -1 -1000 -1000 -1000 -10 0.588511
74 14 pedestrian -1 -1 -10 304 169 337 254 -1 -1 -1 -1000 -1000 -1000 -10 0.975015
74 17 pedestrian -1 -1 -10 222 166 263 257 -1 -1 -1 -1000 -1000 -1000 -10 0.957659
75 8 car -1 -1 -10 532 152 599 203 -1 -1 -1 -1000 -1000 -1000 -10 0.996938
75 9 pedestrian -1 -1 -10 781 158 819 264 -1 -1 -1 -1000 -1000 -1000 -10 0.966875
75 10 pedestrian -1 -1 -10 1054 152 1094 300 -1 -1 -1 -1000 -1000 -1000 -10 0.48597
75 11 pedestrian -1 -1 -10 1020 161 1065 285 -1 -1 -1 -1000 -1000 -1000 -10 0.427969
75 14 pedestrian -1 -1 -10 289 165 321 257 -1 -1 -1 -1000 -1000 -1000 -10 0.980433
75 17 pedestrian -1 -1 -10 210 165 249 262 -1 -1 -1 -1000 -1000 -1000 -10 0.971932
76 8 car -1 -1 -10 528 150 595 201 -1 -1 -1 -1000 -1000 -1000 -10 0.997643
76 9 pedestrian -1 -1 -10 792 156 830 265 -1 -1 -1 -1000 -1000 -1000 -10 0.957007
76 14 pedestrian -1 -1 -10 271 164 307 259 -1 -1 -1 -1000 -1000 -1000 -10 0.959892
76 17 pedestrian -1 -1 -10 189 165 231 264 -1 -1 -1 -1000 -1000 -1000 -10 0.991452
77 8 car -1 -1 -10 525 151 595 206 -1 -1 -1 -1000 -1000 -1000 -10 0.996343
77 9 pedestrian -1 -1 -10 797 151 850 270 -1 -1 -1 -1000 -1000 -1000 -10 0.964979
77 14 pedestrian -1 -1 -10 252 166 293 265 -1 -1 -1 -1000 -1000 -1000 -10 0.984767
77 17 pedestrian -1 -1 -10 171 168 213 263 -1 -1 -1 -1000 -1000 -1000 -10 0.94489
77 19 pedestrian -1 -1 -10 135 196 175 244 -1 -1 -1 -1000 -1000 -1000 -10 0.344694
78 8 car -1 -1 -10 521 153 590 207 -1 -1 -1 -1000 -1000 -1000 -10 0.999785
78 9 pedestrian -1 -1 -10 813 152 859 271 -1 -1 -1 -1000 -1000 -1000 -10 0.947875
78 14 pedestrian -1 -1 -10 229 168 278 272 -1 -1 -1 -1000 -1000 -1000 -10 0.934464
78 17 pedestrian -1 -1 -10 152 165 197 276 -1 -1 -1 -1000 -1000 -1000 -10 0.942767
78 19 pedestrian -1 -1 -10 111 195 155 253 -1 -1 -1 -1000 -1000 -1000 -10 0.726196
78 20 pedestrian -1 -1 -10 1122 149 1180 314 -1 -1 -1 -1000 -1000 -1000 -10 0.884167
79 8 car -1 -1 -10 518 154 588 209 -1 -1 -1 -1000 -1000 -1000 -10 0.999956
79 9 pedestrian -1 -1 -10 830 152 876 276 -1 -1 -1 -1000 -1000 -1000 -10 0.82646
79 14 pedestrian -1 -1 -10 203 171 255 276 -1 -1 -1 -1000 -1000 -1000 -10 0.983816
79 17 pedestrian -1 -1 -10 129 173 178 276 -1 -1 -1 -1000 -1000 -1000 -10 0.940493
79 19 pedestrian -1 -1 -10 82 201 131 260 -1 -1 -1 -1000 -1000 -1000 -10 0.670046
79 21 pedestrian -1 -1 -10 1164 147 1223 326 -1 -1 -1 -1000 -1000 -1000 -10 0.979497
80 8 car -1 -1 -10 515 154 587 211 -1 -1 -1 -1000 -1000 -1000 -10 0.999931
80 9 pedestrian -1 -1 -10 838 151 890 294 -1 -1 -1 -1000 -1000 -1000 -10 0.721379
80 14 pedestrian -1 -1 -10 176 169 228 283 -1 -1 -1 -1000 -1000 -1000 -10 0.850419
80 17 pedestrian -1 -1 -10 98 171 157 283 -1 -1 -1 -1000 -1000 -1000 -10 0.93807
80 19 pedestrian -1 -1 -10 57 201 108 264 -1 -1 -1 -1000 -1000 -1000 -10 0.856946
80 22 pedestrian -1 -1 -10 1205 137 1242 352 -1 -1 -1 -1000 -1000 -1000 -10 0.93116
81 8 car -1 -1 -10 510 153 587 209 -1 -1 -1 -1000 -1000 -1000 -10 0.99951
81 9 pedestrian -1 -1 -10 865 159 942 293 -1 -1 -1 -1000 -1000 -1000 -10 0.733339
81 14 pedestrian -1 -1 -10 145 172 205 290 -1 -1 -1 -1000 -1000 -1000 -10 0.818216
81 17 pedestrian -1 -1 -10 69 175 141 288 -1 -1 -1 -1000 -1000 -1000 -10 0.872436
81 19 pedestrian -1 -1 -10 25 205 81 264 -1 -1 -1 -1000 -1000 -1000 -10 0.84518
82 8 car -1 -1 -10 506 150 582 208 -1 -1 -1 -1000 -1000 -1000 -10 0.999762
82 9 pedestrian -1 -1 -10 876 167 966 305 -1 -1 -1 -1000 -1000 -1000 -10 0.952649
82 14 pedestrian -1 -1 -10 109 166 180 300 -1 -1 -1 -1000 -1000 -1000 -10 0.945981
82 17 pedestrian -1 -1 -10 39 173 110 293 -1 -1 -1 -1000 -1000 -1000 -10 0.904827
82 23 car -1 -1 -10 432 176 503 200 -1 -1 -1 -1000 -1000 -1000 -10 0.720611
82 24 pedestrian -1 -1 -10 845 183 882 288 -1 -1 -1 -1000 -1000 -1000 -10 0.402841
83 8 car -1 -1 -10 501 148 581 210 -1 -1 -1 -1000 -1000 -1000 -10 0.999652
83 9 pedestrian -1 -1 -10 902 160 985 316 -1 -1 -1 -1000 -1000 -1000 -10 0.973796
83 14 pedestrian -1 -1 -10 64 161 145 308 -1 -1 -1 -1000 -1000 -1000 -10 0.989934
83 17 pedestrian -1 -1 -10 9 163 79 305 -1 -1 -1 -1000 -1000 -1000 -10 0.919286
83 23 car -1 -1 -10 430 173 502 199 -1 -1 -1 -1000 -1000 -1000 -10 0.917615
83 24 pedestrian -1 -1 -10 866 195 900 293 -1 -1 -1 -1000 -1000 -1000 -10 0.891228
83 25 pedestrian -1 -1 -10 174 176 227 243 -1 -1 -1 -1000 -1000 -1000 -10 0.825209
83 26 pedestrian -1 -1 -10 843 196 883 296 -1 -1 -1 -1000 -1000 -1000 -10 0.799541
83 27 pedestrian -1 -1 -10 145 180 195 245 -1 -1 -1 -1000 -1000 -1000 -10 0.736676
84 8 car -1 -1 -10 497 149 581 211 -1 -1 -1 -1000 -1000 -1000 -10 0.999725
84 9 pedestrian -1 -1 -10 936 146 1032 336 -1 -1 -1 -1000 -1000 -1000 -10 0.995434
84 14 pedestrian -1 -1 -10 19 163 109 321 -1 -1 -1 -1000 -1000 -1000 -10 0.991411
84 23 car -1 -1 -10 421 176 499 200 -1 -1 -1 -1000 -1000 -1000 -10 0.983049
84 24 pedestrian -1 -1 -10 886 202 924 302 -1 -1 -1 -1000 -1000 -1000 -10 0.912059
84 25 pedestrian -1 -1 -10 149 175 209 247 -1 -1 -1 -1000 -1000 -1000 -10 0.894679
84 26 pedestrian -1 -1 -10 858 204 902 306 -1 -1 -1 -1000 -1000 -1000 -10 0.96404
85 8 car -1 -1 -10 492 151 576 212 -1 -1 -1 -1000 -1000 -1000 -10 0.999358
85 9 pedestrian -1 -1 -10 971 136 1070 354 -1 -1 -1 -1000 -1000 -1000 -10 0.989199
85 23 car -1 -1 -10 416 176 495 202 -1 -1 -1 -1000 -1000 -1000 -10 0.992048
85 24 pedestrian -1 -1 -10 917 201 955 312 -1 -1 -1 -1000 -1000 -1000 -10 0.946116
85 25 pedestrian -1 -1 -10 126 176 189 251 -1 -1 -1 -1000 -1000 -1000 -10 0.819911
85 26 pedestrian -1 -1 -10 878 204 935 313 -1 -1 -1 -1000 -1000 -1000 -10 0.956028
85 28 pedestrian -1 -1 -10 100 192 153 251 -1 -1 -1 -1000 -1000 -1000 -10 0.750677
86 8 car -1 -1 -10 486 153 576 214 -1 -1 -1 -1000 -1000 -1000 -10 0.999267
86 9 pedestrian -1 -1 -10 1017 124 1121 367 -1 -1 -1 -1000 -1000 -1000 -10 0.917577
86 23 car -1 -1 -10 411 177 487 202 -1 -1 -1 -1000 -1000 -1000 -10 0.998186
86 24 pedestrian -1 -1 -10 942 202 997 328 -1 -1 -1 -1000 -1000 -1000 -10 0.581047
86 25 pedestrian -1 -1 -10 104 174 169 255 -1 -1 -1 -1000 -1000 -1000 -10 0.674799
86 26 pedestrian -1 -1 -10 909 207 971 329 -1 -1 -1 -1000 -1000 -1000 -10 0.880108
86 28 pedestrian -1 -1 -10 76 188 134 256 -1 -1 -1 -1000 -1000 -1000 -10 0.471824
87 8 car -1 -1 -10 483 152 573 215 -1 -1 -1 -1000 -1000 -1000 -10 0.999516
87 9 pedestrian -1 -1 -10 1063 108 1240 375 -1 -1 -1 -1000 -1000 -1000 -10 0.944868
87 23 car -1 -1 -10 406 177 485 202 -1 -1 -1 -1000 -1000 -1000 -10 0.998952
87 24 pedestrian -1 -1 -10 980 204 1045 349 -1 -1 -1 -1000 -1000 -1000 -10 0.795099
87 25 pedestrian -1 -1 -10 85 175 145 257 -1 -1 -1 -1000 -1000 -1000 -10 0.935021
87 26 pedestrian -1 -1 -10 936 212 1004 347 -1 -1 -1 -1000 -1000 -1000 -10 0.993931
87 28 pedestrian -1 -1 -10 44 193 102 259 -1 -1 -1 -1000 -1000 -1000 -10 0.910412
87 29 pedestrian -1 -1 -10 252 183 291 237 -1 -1 -1 -1000 -1000 -1000 -10 0.381461
88 8 car -1 -1 -10 480 150 571 216 -1 -1 -1 -1000 -1000 -1000 -10 0.999718
88 9 pedestrian -1 -1 -10 1123 82 1242 375 -1 -1 -1 -1000 -1000 -1000 -10 0.581277
88 23 car -1 -1 -10 399 176 482 201 -1 -1 -1 -1000 -1000 -1000 -10 0.998001
88 24 pedestrian -1 -1 -10 1028 222 1106 365 -1 -1 -1 -1000 -1000 -1000 -10 0.789686
88 25 pedestrian -1 -1 -10 58 177 116 256 -1 -1 -1 -1000 -1000 -1000 -10 0.780337
88 26 pedestrian -1 -1 -10 973 226 1055 363 -1 -1 -1 -1000 -1000 -1000 -10 0.984447
88 28 pedestrian -1 -1 -10 21 198 81 263 -1 -1 -1 -1000 -1000 -1000 -10 0.519379
88 29 pedestrian -1 -1 -10 237 185 281 238 -1 -1 -1 -1000 -1000 -1000 -10 0.515038
89 8 car -1 -1 -10 472 150 569 214 -1 -1 -1 -1000 -1000 -1000 -10 0.999551
89 23 car -1 -1 -10 392 176 480 201 -1 -1 -1 -1000 -1000 -1000 -10 0.998018
89 24 pedestrian -1 -1 -10 1083 220 1181 372 -1 -1 -1 -1000 -1000 -1000 -10 0.779499
89 25 pedestrian -1 -1 -10 24 176 86 266 -1 -1 -1 -1000 -1000 -1000 -10 0.667581
89 26 pedestrian -1 -1 -10 1025 222 1127 373 -1 -1 -1 -1000 -1000 -1000 -10 0.944283
89 29 pedestrian -1 -1 -10 221 182 263 240 -1 -1 -1 -1000 -1000 -1000 -10 0.785606
89 30 pedestrian -1 -1 -10 797 173 836 218 -1 -1 -1 -1000 -1000 -1000 -10 0.622645
90 8 car -1 -1 -10 468 149 560 218 -1 -1 -1 -1000 -1000 -1000 -10 0.999469
90 23 car -1 -1 -10 388 176 474 202 -1 -1 -1 -1000 -1000 -1000 -10 0.9953
90 24 pedestrian -1 -1 -10 1100 224 1242 375 -1 -1 -1 -1000 -1000 -1000 -10 0.364773
90 25 pedestrian -1 -1 -10 4 175 57 270 -1 -1 -1 -1000 -1000 -1000 -10 0.709224
90 29 pedestrian -1 -1 -10 202 183 252 241 -1 -1 -1 -1000 -1000 -1000 -10 0.696336
90 30 pedestrian -1 -1 -10 801 176 843 221 -1 -1 -1 -1000 -1000 -1000 -10 0.657776
91 8 car -1 -1 -10 461 148 560 221 -1 -1 -1 -1000 -1000 -1000 -10 0.999811
91 23 car -1 -1 -10 386 177 468 204 -1 -1 -1 -1000 -1000 -1000 -10 0.998916
91 29 pedestrian -1 -1 -10 184 184 231 246 -1 -1 -1 -1000 -1000 -1000 -10 0.867405
91 30 pedestrian -1 -1 -10 801 176 848 222 -1 -1 -1 -1000 -1000 -1000 -10 0.871813
91 31 pedestrian -1 -1 -10 945 157 971 234 -1 -1 -1 -1000 -1000 -1000 -10 0.869019
92 8 car -1 -1 -10 456 148 560 223 -1 -1 -1 -1000 -1000 -1000 -10 0.999794
92 23 car -1 -1 -10 378 179 463 205 -1 -1 -1 -1000 -1000 -1000 -10 0.997591
92 29 pedestrian -1 -1 -10 163 190 215 250 -1 -1 -1 -1000 -1000 -1000 -10 0.720158
92 30 pedestrian -1 -1 -10 802 176 851 222 -1 -1 -1 -1000 -1000 -1000 -10 0.935301
92 31 pedestrian -1 -1 -10 956 160 983 238 -1 -1 -1 -1000 -1000 -1000 -10 0.92233
93 8 car -1 -1 -10 450 149 553 228 -1 -1 -1 -1000 -1000 -1000 -10 0.999819
93 23 car -1 -1 -10 371 179 461 207 -1 -1 -1 -1000 -1000 -1000 -10 0.999029
93 29 pedestrian -1 -1 -10 145 189 192 252 -1 -1 -1 -1000 -1000 -1000 -10 0.721257
93 30 pedestrian -1 -1 -10 809 180 858 223 -1 -1 -1 -1000 -1000 -1000 -10 0.829195
93 31 pedestrian -1 -1 -10 968 158 993 241 -1 -1 -1 -1000 -1000 -1000 -10 0.969374
93 32 pedestrian -1 -1 -10 899 165 924 233 -1 -1 -1 -1000 -1000 -1000 -10 0.655322
94 8 car -1 -1 -10 437 151 552 226 -1 -1 -1 -1000 -1000 -1000 -10 0.999137
94 23 car -1 -1 -10 365 181 453 208 -1 -1 -1 -1000 -1000 -1000 -10 0.998781
94 30 pedestrian -1 -1 -10 811 178 859 225 -1 -1 -1 -1000 -1000 -1000 -10 0.909922
94 31 pedestrian -1 -1 -10 977 161 1007 243 -1 -1 -1 -1000 -1000 -1000 -10 0.982341
94 32 pedestrian -1 -1 -10 906 163 934 237 -1 -1 -1 -1000 -1000 -1000 -10 0.961423
95 8 car -1 -1 -10 432 151 547 228 -1 -1 -1 -1000 -1000 -1000 -10 0.999884
95 23 car -1 -1 -10 359 180 449 209 -1 -1 -1 -1000 -1000 -1000 -10 0.999429
95 30 pedestrian -1 -1 -10 818 178 870 227 -1 -1 -1 -1000 -1000 -1000 -10 0.936801
95 31 pedestrian -1 -1 -10 990 158 1020 245 -1 -1 -1 -1000 -1000 -1000 -10 0.954726
95 32 pedestrian -1 -1 -10 914 160 942 238 -1 -1 -1 -1000 -1000 -1000 -10 0.968685
96 8 car -1 -1 -10 430 149 543 231 -1 -1 -1 -1000 -1000 -1000 -10 0.999868
96 23 car -1 -1 -10 353 180 441 209 -1 -1 -1 -1000 -1000 -1000 -10 0.999713
96 30 pedestrian -1 -1 -10 817 178 873 229 -1 -1 -1 -1000 -1000 -1000 -10 0.984193
96 31 pedestrian -1 -1 -10 1007 161 1035 247 -1 -1 -1 -1000 -1000 -1000 -10 0.94756
96 32 pedestrian -1 -1 -10 920 163 948 236 -1 -1 -1 -1000 -1000 -1000 -10 0.923582
97 8 car -1 -1 -10 422 146 538 235 -1 -1 -1 -1000 -1000 -1000 -10 0.999764
97 23 car -1 -1 -10 346 179 440 210 -1 -1 -1 -1000 -1000 -1000 -10 0.997708
97 30 pedestrian -1 -1 -10 826 180 883 230 -1 -1 -1 -1000 -1000 -1000 -10 0.981862
97 31 pedestrian -1 -1 -10 1019 159 1050 252 -1 -1 -1 -1000 -1000 -1000 -10 0.976556
97 32 pedestrian -1 -1 -10 927 161 957 239 -1 -1 -1 -1000 -1000 -1000 -10 0.975359
98 8 car -1 -1 -10 412 148 534 232 -1 -1 -1 -1000 -1000 -1000 -10 0.999618
98 23 car -1 -1 -10 338 180 429 210 -1 -1 -1 -1000 -1000 -1000 -10 0.999618
98 30 pedestrian -1 -1 -10 834 177 893 233 -1 -1 -1 -1000 -1000 -1000 -10 0.984547
98 31 pedestrian -1 -1 -10 1036 159 1065 255 -1 -1 -1 -1000 -1000 -1000 -10 0.891749
98 32 pedestrian -1 -1 -10 937 161 966 239 -1 -1 -1 -1000 -1000 -1000 -10 0.991742
99 8 car -1 -1 -10 408 146 529 234 -1 -1 -1 -1000 -1000 -1000 -10 0.999898
99 23 car -1 -1 -10 329 180 426 211 -1 -1 -1 -1000 -1000 -1000 -10 0.99882
99 30 pedestrian -1 -1 -10 834 180 895 231 -1 -1 -1 -1000 -1000 -1000 -10 0.984651
99 31 pedestrian -1 -1 -10 1055 160 1086 258 -1 -1 -1 -1000 -1000 -1000 -10 0.916615
99 32 pedestrian -1 -1 -10 947 160 977 240 -1 -1 -1 -1000 -1000 -1000 -10 0.987521
100 8 car -1 -1 -10 399 145 525 237 -1 -1 -1 -1000 -1000 -1000 -10 0.999742
100 23 car -1 -1 -10 322 178 422 211 -1 -1 -1 -1000 -1000 -1000 -10 0.998605
100 30 pedestrian -1 -1 -10 837 176 895 235 -1 -1 -1 -1000 -1000 -1000 -10 0.987434
100 31 pedestrian -1 -1 -10 1067 160 1108 260 -1 -1 -1 -1000 -1000 -1000 -10 0.97275
100 32 pedestrian -1 -1 -10 957 159 990 243 -1 -1 -1 -1000 -1000 -1000 -10 0.990745
101 8 car -1 -1 -10 383 143 521 236 -1 -1 -1 -1000 -1000 -1000 -10 0.999161
101 23 car -1 -1 -10 315 178 412 211 -1 -1 -1 -1000 -1000 -1000 -10 0.99979
101 30 pedestrian -1 -1 -10 845 177 905 235 -1 -1 -1 -1000 -1000 -1000 -10 0.959393
101 31 pedestrian -1 -1 -10 1083 160 1131 262 -1 -1 -1 -1000 -1000 -1000 -10 0.991211
101 32 pedestrian -1 -1 -10 967 157 1001 246 -1 -1 -1 -1000 -1000 -1000 -10 0.982992
102 8 car -1 -1 -10 378 133 515 244 -1 -1 -1 -1000 -1000 -1000 -10 0.999361
102 23 car -1 -1 -10 304 175 404 210 -1 -1 -1 -1000 -1000 -1000 -10 0.999738
102 30 pedestrian -1 -1 -10 854 177 914 235 -1 -1 -1 -1000 -1000 -1000 -10 0.943153
102 31 pedestrian -1 -1 -10 1111 160 1156 265 -1 -1 -1 -1000 -1000 -1000 -10 0.98445
102 32 pedestrian -1 -1 -10 981 157 1014 245 -1 -1 -1 -1000 -1000 -1000 -10 0.976917
103 8 car -1 -1 -10 369 132 511 238 -1 -1 -1 -1000 -1000 -1000 -10 0.999385
103 23 car -1 -1 -10 297 175 394 211 -1 -1 -1 -1000 -1000 -1000 -10 0.998868
103 30 pedestrian -1 -1 -10 856 177 918 236 -1 -1 -1 -1000 -1000 -1000 -10 0.935046
103 31 pedestrian -1 -1 -10 1136 155 1184 273 -1 -1 -1 -1000 -1000 -1000 -10 0.976363
103 32 pedestrian -1 -1 -10 991 151 1027 250 -1 -1 -1 -1000 -1000 -1000 -10 0.991622
104 8 car -1 -1 -10 352 132 508 246 -1 -1 -1 -1000 -1000 -1000 -10 0.999664
104 23 car -1 -1 -10 288 175 394 213 -1 -1 -1 -1000 -1000 -1000 -10 0.996905
104 30 pedestrian -1 -1 -10 864 176 929 237 -1 -1 -1 -1000 -1000 -1000 -10 0.942756
104 31 pedestrian -1 -1 -10 1161 154 1215 272 -1 -1 -1 -1000 -1000 -1000 -10 0.972184
104 32 pedestrian -1 -1 -10 1003 146 1042 253 -1 -1 -1 -1000 -1000 -1000 -10 0.995697
104 33 pedestrian -1 -1 -10 217 155 248 226 -1 -1 -1 -1000 -1000 -1000 -10 0.489116
105 8 car -1 -1 -10 341 133 500 251 -1 -1 -1 -1000 -1000 -1000 -10 0.999937
105 23 car -1 -1 -10 280 178 384 214 -1 -1 -1 -1000 -1000 -1000 -10 0.997038
105 30 pedestrian -1 -1 -10 870 180 931 239 -1 -1 -1 -1000 -1000 -1000 -10 0.394666
105 31 pedestrian -1 -1 -10 1182 153 1242 278 -1 -1 -1 -1000 -1000 -1000 -10 0.861162
105 32 pedestrian -1 -1 -10 1015 154 1057 255 -1 -1 -1 -1000 -1000 -1000 -10 0.990403
105 33 pedestrian -1 -1 -10 203 158 233 228 -1 -1 -1 -1000 -1000 -1000 -10 0.927553
105 34 pedestrian -1 -1 -10 894 180 962 245 -1 -1 -1 -1000 -1000 -1000 -10 0.930435
106 8 car -1 -1 -10 326 132 495 254 -1 -1 -1 -1000 -1000 -1000 -10 0.999833
106 23 car -1 -1 -10 267 180 375 217 -1 -1 -1 -1000 -1000 -1000 -10 0.97629
106 30 pedestrian -1 -1 -10 880 184 950 243 -1 -1 -1 -1000 -1000 -1000 -10 0.923233
106 32 pedestrian -1 -1 -10 1032 157 1076 260 -1 -1 -1 -1000 -1000 -1000 -10 0.981345
106 33 pedestrian -1 -1 -10 186 154 216 232 -1 -1 -1 -1000 -1000 -1000 -10 0.967828
106 34 pedestrian -1 -1 -10 907 179 984 252 -1 -1 -1 -1000 -1000 -1000 -10 0.76074
106 35 pedestrian -1 -1 -10 202 163 231 235 -1 -1 -1 -1000 -1000 -1000 -10 0.845394
107 8 car -1 -1 -10 315 129 491 260 -1 -1 -1 -1000 -1000 -1000 -10 0.999686
107 23 car -1 -1 -10 255 181 369 217 -1 -1 -1 -1000 -1000 -1000 -10 0.952138
107 30 pedestrian -1 -1 -10 889 187 962 245 -1 -1 -1 -1000 -1000 -1000 -10 0.901765
107 32 pedestrian -1 -1 -10 1043 156 1091 264 -1 -1 -1 -1000 -1000 -1000 -10 0.929624
107 33 pedestrian -1 -1 -10 170 155 204 234 -1 -1 -1 -1000 -1000 -1000 -10 0.959097
107 34 pedestrian -1 -1 -10 914 185 1003 258 -1 -1 -1 -1000 -1000 -1000 -10 0.888197
108 8 car -1 -1 -10 301 124 482 270 -1 -1 -1 -1000 -1000 -1000 -10 0.996605
108 23 car -1 -1 -10 243 176 364 222 -1 -1 -1 -1000 -1000 -1000 -10 0.915328
108 30 pedestrian -1 -1 -10 897 186 977 247 -1 -1 -1 -1000 -1000 -1000 -10 0.540022
108 32 pedestrian -1 -1 -10 1061 153 1111 268 -1 -1 -1 -1000 -1000 -1000 -10 0.990724
108 33 pedestrian -1 -1 -10 153 153 186 233 -1 -1 -1 -1000 -1000 -1000 -10 0.828912
108 34 pedestrian -1 -1 -10 925 180 1015 265 -1 -1 -1 -1000 -1000 -1000 -10 0.926905
109 8 car -1 -1 -10 278 122 481 270 -1 -1 -1 -1000 -1000 -1000 -10 0.997956
109 23 car -1 -1 -10 228 177 363 219 -1 -1 -1 -1000 -1000 -1000 -10 0.75486
109 30 pedestrian -1 -1 -10 907 184 983 256 -1 -1 -1 -1000 -1000 -1000 -10 0.884971
109 32 pedestrian -1 -1 -10 1079 154 1128 268 -1 -1 -1 -1000 -1000 -1000 -10 0.99018
109 33 pedestrian -1 -1 -10 137 154 176 236 -1 -1 -1 -1000 -1000 -1000 -10 0.864317
109 34 pedestrian -1 -1 -10 944 183 1032 266 -1 -1 -1 -1000 -1000 -1000 -10 0.979151
110 8 car -1 -1 -10 258 119 469 279 -1 -1 -1 -1000 -1000 -1000 -10 0.998625
110 23 car -1 -1 -10 228 175 362 222 -1 -1 -1 -1000 -1000 -1000 -10 0.573324
110 30 pedestrian -1 -1 -10 924 188 1006 256 -1 -1 -1 -1000 -1000 -1000 -10 0.717861
110 32 pedestrian -1 -1 -10 1098 152 1156 272 -1 -1 -1 -1000 -1000 -1000 -10 0.990192
110 33 pedestrian -1 -1 -10 115 153 159 237 -1 -1 -1 -1000 -1000 -1000 -10 0.90366
110 34 pedestrian -1 -1 -10 958 186 1052 265 -1 -1 -1 -1000 -1000 -1000 -10 0.98719
111 8 car -1 -1 -10 233 117 461 283 -1 -1 -1 -1000 -1000 -1000 -10 0.999349
111 23 car -1 -1 -10 212 178 343 224 -1 -1 -1 -1000 -1000 -1000 -10 0.863159
111 30 pedestrian -1 -1 -10 934 188 1024 260 -1 -1 -1 -1000 -1000 -1000 -10 0.78962
111 32 pedestrian -1 -1 -10 1119 153 1177 277 -1 -1 -1 -1000 -1000 -1000 -10 0.970186
111 33 pedestrian -1 -1 -10 92 151 137 238 -1 -1 -1 -1000 -1000 -1000 -10 0.867735
111 34 pedestrian -1 -1 -10 977 184 1075 276 -1 -1 -1 -1000 -1000 -1000 -10 0.976615
111 36 pedestrian -1 -1 -10 114 157 152 242 -1 -1 -1 -1000 -1000 -1000 -10 0.835319
111 37 pedestrian -1 -1 -10 466 164 495 241 -1 -1 -1 -1000 -1000 -1000 -10 0.346886
112 8 car -1 -1 -10 214 111 453 292 -1 -1 -1 -1000 -1000 -1000 -10 0.973226
112 23 car -1 -1 -10 191 181 323 225 -1 -1 -1 -1000 -1000 -1000 -10 0.762158
112 30 pedestrian -1 -1 -10 947 188 1038 262 -1 -1 -1 -1000 -1000 -1000 -10 0.458322
112 32 pedestrian -1 -1 -10 1138 156 1204 281 -1 -1 -1 -1000 -1000 -1000 -10 0.966984
112 33 pedestrian -1 -1 -10 65 149 109 241 -1 -1 -1 -1000 -1000 -1000 -10 0.792265
112 34 pedestrian -1 -1 -10 992 183 1101 280 -1 -1 -1 -1000 -1000 -1000 -10 0.981154
112 36 pedestrian -1 -1 -10 92 159 131 242 -1 -1 -1 -1000 -1000 -1000 -10 0.773202
112 37 pedestrian -1 -1 -10 463 160 494 249 -1 -1 -1 -1000 -1000 -1000 -10 0.341642
113 8 car -1 -1 -10 169 125 450 298 -1 -1 -1 -1000 -1000 -1000 -10 0.986641
113 23 car -1 -1 -10 184 180 318 229 -1 -1 -1 -1000 -1000 -1000 -10 0.702519
113 30 pedestrian -1 -1 -10 956 196 1063 267 -1 -1 -1 -1000 -1000 -1000 -10 0.702141
113 32 pedestrian -1 -1 -10 1164 154 1231 289 -1 -1 -1 -1000 -1000 -1000 -10 0.982548
113 33 pedestrian -1 -1 -10 40 146 88 253 -1 -1 -1 -1000 -1000 -1000 -10 0.957165
113 34 pedestrian -1 -1 -10 1011 191 1132 278 -1 -1 -1 -1000 -1000 -1000 -10 0.967869
113 36 pedestrian -1 -1 -10 70 159 112 249 -1 -1 -1 -1000 -1000 -1000 -10 0.902007
113 37 pedestrian -1 -1 -10 456 172 487 246 -1 -1 -1 -1000 -1000 -1000 -10 0.787795
114 8 car -1 -1 -10 138 128 445 298 -1 -1 -1 -1000 -1000 -1000 -10 0.983529
114 23 car -1 -1 -10 155 187 307 235 -1 -1 -1 -1000 -1000 -1000 -10 0.607702
114 32 pedestrian -1 -1 -10 1191 147 1242 297 -1 -1 -1 -1000 -1000 -1000 -10 0.895385
114 33 pedestrian -1 -1 -10 9 146 58 260 -1 -1 -1 -1000 -1000 -1000 -10 0.946328
114 34 pedestrian -1 -1 -10 1009 189 1130 277 -1 -1 -1 -1000 -1000 -1000 -10 0.687179
114 36 pedestrian -1 -1 -10 35 163 87 251 -1 -1 -1 -1000 -1000 -1000 -10 0.763592
114 37 pedestrian -1 -1 -10 451 172 481 251 -1 -1 -1 -1000 -1000 -1000 -10 0.827112
115 8 car -1 -1 -10 90 114 447 319 -1 -1 -1 -1000 -1000 -1000 -10 0.997512
115 23 car -1 -1 -10 120 188 271 237 -1 -1 -1 -1000 -1000 -1000 -10 0.666541
115 30 pedestrian -1 -1 -10 997 195 1107 279 -1 -1 -1 -1000 -1000 -1000 -10 0.920757
115 32 pedestrian -1 -1 -10 1204 132 1242 317 -1 -1 -1 -1000 -1000 -1000 -10 0.478539
115 34 pedestrian -1 -1 -10 1034 188 1192 293 -1 -1 -1 -1000 -1000 -1000 -10 0.91632
115 36 pedestrian -1 -1 -10 9 158 57 261 -1 -1 -1 -1000 -1000 -1000 -10 0.855308
115 37 pedestrian -1 -1 -10 443 171 476 256 -1 -1 -1 -1000 -1000 -1000 -10 0.99073
116 8 car -1 -1 -10 58 95 438 334 -1 -1 -1 -1000 -1000 -1000 -10 0.99388
116 23 car -1 -1 -10 86 188 254 239 -1 -1 -1 -1000 -1000 -1000 -10 0.407747
116 30 pedestrian -1 -1 -10 1012 194 1130 284 -1 -1 -1 -1000 -1000 -1000 -10 0.784333
116 33 pedestrian -1 -1 -10 0 151 28 259 -1 -1 -1 -1000 -1000 -1000 -10 0.33371
116 34 pedestrian -1 -1 -10 1065 191 1238 302 -1 -1 -1 -1000 -1000 -1000 -10 0.800921
116 37 pedestrian -1 -1 -10 436 171 469 259 -1 -1 -1 -1000 -1000 -1000 -10 0.979185
117 8 car -1 -1 -10 23 89 402 337 -1 -1 -1 -1000 -1000 -1000 -10 0.999643
117 23 car -1 -1 -10 44 188 220 242 -1 -1 -1 -1000 -1000 -1000 -10 0.375821
117 30 pedestrian -1 -1 -10 1046 191 1167 284 -1 -1 -1 -1000 -1000 -1000 -10 0.532236
117 34 pedestrian -1 -1 -10 1118 193 1242 317 -1 -1 -1 -1000 -1000 -1000 -10 0.808059
117 37 pedestrian -1 -1 -10 429 169 461 261 -1 -1 -1 -1000 -1000 -1000 -10 0.936675
118 8 car -1 -1 -10 0 78 401 347 -1 -1 -1 -1000 -1000 -1000 -10 0.999228
118 23 car -1 -1 -10 0 181 190 254 -1 -1 -1 -1000 -1000 -1000 -10 0.387252
118 37 pedestrian -1 -1 -10 418 168 452 263 -1 -1 -1 -1000 -1000 -1000 -10 0.978178
119 8 car -1 -1 -10 0 81 390 347 -1 -1 -1 -1000 -1000 -1000 -10 0.999637
119 37 pedestrian -1 -1 -10 401 167 442 266 -1 -1 -1 -1000 -1000 -1000 -10 0.874871
120 8 car -1 -1 -10 0 79 361 350 -1 -1 -1 -1000 -1000 -1000 -10 0.997237
120 37 pedestrian -1 -1 -10 389 173 432 275 -1 -1 -1 -1000 -1000 -1000 -10 0.992202
121 8 car -1 -1 -10 0 72 337 360 -1 -1 -1 -1000 -1000 -1000 -10 0.998229
121 23 car -1 -1 -10 0 182 175 251 -1 -1 -1 -1000 -1000 -1000 -10 0.683948
121 37 pedestrian -1 -1 -10 375 175 418 285 -1 -1 -1 -1000 -1000 -1000 -10 0.982923
122 8 car -1 -1 -10 0 53 331 375 -1 -1 -1 -1000 -1000 -1000 -10 0.99966
122 37 pedestrian -1 -1 -10 356 181 403 284 -1 -1 -1 -1000 -1000 -1000 -10 0.988482
123 8 car -1 -1 -10 0 26 312 375 -1 -1 -1 -1000 -1000 -1000 -10 0.999792
123 23 car -1 -1 -10 0 176 160 250 -1 -1 -1 -1000 -1000 -1000 -10 0.537731
123 37 pedestrian -1 -1 -10 342 178 389 296 -1 -1 -1 -1000 -1000 -1000 -10 0.989381
124 8 car -1 -1 -10 0 9 285 375 -1 -1 -1 -1000 -1000 -1000 -10 0.998935
124 37 pedestrian -1 -1 -10 319 177 373 298 -1 -1 -1 -1000 -1000 -1000 -10 0.986136
125 8 car -1 -1 -10 0 6 265 375 -1 -1 -1 -1000 -1000 -1000 -10 0.990382
125 23 car -1 -1 -10 0 180 152 245 -1 -1 -1 -1000 -1000 -1000 -10 0.318212
125 37 pedestrian -1 -1 -10 302 174 360 311 -1 -1 -1 -1000 -1000 -1000 -10 0.93062
126 8 car -1 -1 -10 0 28 237 375 -1 -1 -1 -1000 -1000 -1000 -10 0.786266
126 23 car -1 -1 -10 0 184 108 241 -1 -1 -1 -1000 -1000 -1000 -10 0.445351
126 37 pedestrian -1 -1 -10 276 171 344 323 -1 -1 -1 -1000 -1000 -1000 -10 0.986302
127 8 car -1 -1 -10 0 19 176 375 -1 -1 -1 -1000 -1000 -1000 -10 0.948303
127 37 pedestrian -1 -1 -10 249 176 314 330 -1 -1 -1 -1000 -1000 -1000 -10 0.998455
128 8 car -1 -1 -10 0 98 135 349 -1 -1 -1 -1000 -1000 -1000 -10 0.850375
128 37 pedestrian -1 -1 -10 217 175 290 346 -1 -1 -1 -1000 -1000 -1000 -10 0.999489
129 37 pedestrian -1 -1 -10 174 180 258 357 -1 -1 -1 -1000 -1000 -1000 -10 0.99794
130 37 pedestrian -1 -1 -10 130 178 215 375 -1 -1 -1 -1000 -1000 -1000 -10 0.998942
131 37 pedestrian -1 -1 -10 76 183 169 373 -1 -1 -1 -1000 -1000 -1000 -10 0.992919
132 37 pedestrian -1 -1 -10 1 185 103 368 -1 -1 -1 -1000 -1000 -1000 -10 0.922541
164 38 car -1 -1 -10 1173 161 1242 313 -1 -1 -1 -1000 -1000 -1000 -10 0.326306
165 38 car -1 -1 -10 1195 158 1242 308 -1 -1 -1 -1000 -1000 -1000 -10 0.82662
169 39 pedestrian -1 -1 -10 786 163 820 237 -1 -1 -1 -1000 -1000 -1000 -10 0.761388
170 39 pedestrian -1 -1 -10 787 162 821 239 -1 -1 -1 -1000 -1000 -1000 -10 0.77985
171 39 pedestrian -1 -1 -10 790 162 823 241 -1 -1 -1 -1000 -1000 -1000 -10 0.893374
172 39 pedestrian -1 -1 -10 790 163 824 241 -1 -1 -1 -1000 -1000 -1000 -10 0.900952
173 39 pedestrian -1 -1 -10 791 161 822 242 -1 -1 -1 -1000 -1000 -1000 -10 0.784992
174 39 pedestrian -1 -1 -10 790 160 822 240 -1 -1 -1 -1000 -1000 -1000 -10 0.8707
175 39 pedestrian -1 -1 -10 789 160 822 245 -1 -1 -1 -1000 -1000 -1000 -10 0.93911
176 39 pedestrian -1 -1 -10 788 164 817 245 -1 -1 -1 -1000 -1000 -1000 -10 0.781498
178 39 pedestrian -1 -1 -10 779 166 809 246 -1 -1 -1 -1000 -1000 -1000 -10 0.775899
179 39 pedestrian -1 -1 -10 775 169 805 250 -1 -1 -1 -1000 -1000 -1000 -10 0.61726
180 39 pedestrian -1 -1 -10 770 169 801 251 -1 -1 -1 -1000 -1000 -1000 -10 0.400023
182 39 pedestrian -1 -1 -10 756 168 787 251 -1 -1 -1 -1000 -1000 -1000 -10 0.403698
183 39 pedestrian -1 -1 -10 747 169 783 253 -1 -1 -1 -1000 -1000 -1000 -10 0.313034
184 39 pedestrian -1 -1 -10 745 174 778 252 -1 -1 -1 -1000 -1000 -1000 -10 0.60627
187 40 pedestrian -1 -1 -10 563 159 588 231 -1 -1 -1 -1000 -1000 -1000 -10 0.710893
191 41 pedestrian -1 -1 -10 578 165 608 226 -1 -1 -1 -1000 -1000 -1000 -10 0.385178
193 42 pedestrian -1 -1 -10 598 167 631 234 -1 -1 -1 -1000 -1000 -1000 -10 0.34855
201 43 pedestrian -1 -1 -10 680 166 714 238 -1 -1 -1 -1000 -1000 -1000 -10 0.537921
202 43 pedestrian -1 -1 -10 692 168 723 237 -1 -1 -1 -1000 -1000 -1000 -10 0.712915
203 43 pedestrian -1 -1 -10 702 166 737 240 -1 -1 -1 -1000 -1000 -1000 -10 0.649113
204 43 pedestrian -1 -1 -10 710 170 745 240 -1 -1 -1 -1000 -1000 -1000 -10 0.430869
205 43 pedestrian -1 -1 -10 721 171 758 242 -1 -1 -1 -1000 -1000 -1000 -10 0.645295
206 43 pedestrian -1 -1 -10 733 172 766 247 -1 -1 -1 -1000 -1000 -1000 -10 0.924531
207 43 pedestrian -1 -1 -10 743 172 778 251 -1 -1 -1 -1000 -1000 -1000 -10 0.981374
208 43 pedestrian -1 -1 -10 751 174 788 254 -1 -1 -1 -1000 -1000 -1000 -10 0.980867
209 43 pedestrian -1 -1 -10 758 173 794 255 -1 -1 -1 -1000 -1000 -1000 -10 0.90428
210 43 pedestrian -1 -1 -10 767 175 798 258 -1 -1 -1 -1000 -1000 -1000 -10 0.918502
211 43 pedestrian -1 -1 -10 774 176 805 259 -1 -1 -1 -1000 -1000 -1000 -10 0.883879
212 43 pedestrian -1 -1 -10 777 178 814 261 -1 -1 -1 -1000 -1000 -1000 -10 0.962472
212 44 pedestrian -1 -1 -10 1099 215 1204 346 -1 -1 -1 -1000 -1000 -1000 -10 0.706368
213 43 pedestrian -1 -1 -10 780 177 821 264 -1 -1 -1 -1000 -1000 -1000 -10 0.990959
213 44 pedestrian -1 -1 -10 1124 216 1230 346 -1 -1 -1 -1000 -1000 -1000 -10 0.918051
214 43 pedestrian -1 -1 -10 782 173 823 259 -1 -1 -1 -1000 -1000 -1000 -10 0.986743
214 44 pedestrian -1 -1 -10 1158 220 1242 345 -1 -1 -1 -1000 -1000 -1000 -10 0.668382
215 43 pedestrian -1 -1 -10 789 171 831 261 -1 -1 -1 -1000 -1000 -1000 -10 0.962933
216 43 pedestrian -1 -1 -10 790 166 839 262 -1 -1 -1 -1000 -1000 -1000 -10 0.996874
216 45 pedestrian -1 -1 -10 735 173 766 251 -1 -1 -1 -1000 -1000 -1000 -10 0.966771
217 43 pedestrian -1 -1 -10 797 163 846 263 -1 -1 -1 -1000 -1000 -1000 -10 0.993255
217 45 pedestrian -1 -1 -10 736 174 768 253 -1 -1 -1 -1000 -1000 -1000 -10 0.955339
218 43 pedestrian -1 -1 -10 798 159 852 265 -1 -1 -1 -1000 -1000 -1000 -10 0.995969
218 45 pedestrian -1 -1 -10 738 172 772 254 -1 -1 -1 -1000 -1000 -1000 -10 0.933882
219 43 pedestrian -1 -1 -10 807 159 855 266 -1 -1 -1 -1000 -1000 -1000 -10 0.970447
219 45 pedestrian -1 -1 -10 744 171 777 257 -1 -1 -1 -1000 -1000 -1000 -10 0.978269
220 43 pedestrian -1 -1 -10 812 159 862 267 -1 -1 -1 -1000 -1000 -1000 -10 0.990592
220 45 pedestrian -1 -1 -10 744 170 778 260 -1 -1 -1 -1000 -1000 -1000 -10 0.985433
221 43 pedestrian -1 -1 -10 816 163 868 269 -1 -1 -1 -1000 -1000 -1000 -10 0.970088
221 45 pedestrian -1 -1 -10 752 166 786 265 -1 -1 -1 -1000 -1000 -1000 -10 0.923903
222 43 pedestrian -1 -1 -10 823 164 874 279 -1 -1 -1 -1000 -1000 -1000 -10 0.957398
222 45 pedestrian -1 -1 -10 757 172 787 273 -1 -1 -1 -1000 -1000 -1000 -10 0.965262
223 43 pedestrian -1 -1 -10 831 165 887 283 -1 -1 -1 -1000 -1000 -1000 -10 0.943414
223 45 pedestrian -1 -1 -10 755 177 794 276 -1 -1 -1 -1000 -1000 -1000 -10 0.963724
224 43 pedestrian -1 -1 -10 845 160 900 292 -1 -1 -1 -1000 -1000 -1000 -10 0.941391
224 45 pedestrian -1 -1 -10 764 180 799 284 -1 -1 -1 -1000 -1000 -1000 -10 0.9848
225 43 pedestrian -1 -1 -10 854 161 910 293 -1 -1 -1 -1000 -1000 -1000 -10 0.928346
225 45 pedestrian -1 -1 -10 769 177 815 285 -1 -1 -1 -1000 -1000 -1000 -10 0.989761
226 43 pedestrian -1 -1 -10 867 154 927 308 -1 -1 -1 -1000 -1000 -1000 -10 0.983981
226 45 pedestrian -1 -1 -10 775 174 825 292 -1 -1 -1 -1000 -1000 -1000 -10 0.955103
227 43 pedestrian -1 -1 -10 885 151 949 317 -1 -1 -1 -1000 -1000 -1000 -10 0.996322
227 45 pedestrian -1 -1 -10 784 175 841 295 -1 -1 -1 -1000 -1000 -1000 -10 0.956312
228 43 pedestrian -1 -1 -10 902 157 970 320 -1 -1 -1 -1000 -1000 -1000 -10 0.897956
228 45 pedestrian -1 -1 -10 793 176 859 308 -1 -1 -1 -1000 -1000 -1000 -10 0.975895
229 43 pedestrian -1 -1 -10 924 156 994 329 -1 -1 -1 -1000 -1000 -1000 -10 0.982043
229 45 pedestrian -1 -1 -10 809 181 873 325 -1 -1 -1 -1000 -1000 -1000 -10 0.98436
230 43 pedestrian -1 -1 -10 940 152 1020 354 -1 -1 -1 -1000 -1000 -1000 -10 0.880027
230 45 pedestrian -1 -1 -10 826 183 893 337 -1 -1 -1 -1000 -1000 -1000 -10 0.992684
231 43 pedestrian -1 -1 -10 961 144 1051 367 -1 -1 -1 -1000 -1000 -1000 -10 0.973907
231 45 pedestrian -1 -1 -10 834 182 917 348 -1 -1 -1 -1000 -1000 -1000 -10 0.90877
232 43 pedestrian -1 -1 -10 991 146 1092 369 -1 -1 -1 -1000 -1000 -1000 -10 0.756422
232 45 pedestrian -1 -1 -10 857 185 939 362 -1 -1 -1 -1000 -1000 -1000 -10 0.792562
233 43 pedestrian -1 -1 -10 1013 147 1134 366 -1 -1 -1 -1000 -1000 -1000 -10 0.734962
233 45 pedestrian -1 -1 -10 884 192 972 371 -1 -1 -1 -1000 -1000 -1000 -10 0.900535
234 43 pedestrian -1 -1 -10 1049 144 1174 370 -1 -1 -1 -1000 -1000 -1000 -10 0.782354
235 43 pedestrian -1 -1 -10 1082 131 1242 375 -1 -1 -1 -1000 -1000 -1000 -10 0.781298
235 46 pedestrian -1 -1 -10 920 180 1102 375 -1 -1 -1 -1000 -1000 -1000 -10 0.364259
236 43 pedestrian -1 -1 -10 1154 122 1242 375 -1 -1 -1 -1000 -1000 -1000 -10 0.787323
236 47 pedestrian -1 -1 -10 987 172 1193 375 -1 -1 -1 -1000 -1000 -1000 -10 0.883777
237 47 pedestrian -1 -1 -10 1068 169 1242 373 -1 -1 -1 -1000 -1000 -1000 -10 0.832723
237 48 pedestrian -1 -1 -10 1042 160 1082 262 -1 -1 -1 -1000 -1000 -1000 -10 0.911731
237 49 pedestrian -1 -1 -10 1067 151 1120 270 -1 -1 -1 -1000 -1000 -1000 -10 0.706149
238 48 pedestrian -1 -1 -10 1052 156 1093 266 -1 -1 -1 -1000 -1000 -1000 -10 0.914503
238 49 pedestrian -1 -1 -10 1080 145 1129 275 -1 -1 -1 -1000 -1000 -1000 -10 0.903071
238 50 pedestrian -1 -1 -10 541 171 567 234 -1 -1 -1 -1000 -1000 -1000 -10 0.935661
239 48 pedestrian -1 -1 -10 1066 156 1105 267 -1 -1 -1 -1000 -1000 -1000 -10 0.891031
239 49 pedestrian -1 -1 -10 1090 145 1141 275 -1 -1 -1 -1000 -1000 -1000 -10 0.940096
239 50 pedestrian -1 -1 -10 532 170 557 235 -1 -1 -1 -1000 -1000 -1000 -10 0.976051
240 48 pedestrian -1 -1 -10 1076 155 1119 270 -1 -1 -1 -1000 -1000 -1000 -10 0.930401
240 49 pedestrian -1 -1 -10 1111 146 1158 280 -1 -1 -1 -1000 -1000 -1000 -10 0.862297
240 50 pedestrian -1 -1 -10 521 170 549 236 -1 -1 -1 -1000 -1000 -1000 -10 0.967126
241 48 pedestrian -1 -1 -10 1095 156 1139 276 -1 -1 -1 -1000 -1000 -1000 -10 0.817447
241 49 pedestrian -1 -1 -10 1124 145 1174 285 -1 -1 -1 -1000 -1000 -1000 -10 0.757963
241 50 pedestrian -1 -1 -10 511 169 539 242 -1 -1 -1 -1000 -1000 -1000 -10 0.961504
242 48 pedestrian -1 -1 -10 1115 156 1157 284 -1 -1 -1 -1000 -1000 -1000 -10 0.595895
242 49 pedestrian -1 -1 -10 1145 140 1201 297 -1 -1 -1 -1000 -1000 -1000 -10 0.939274
242 50 pedestrian -1 -1 -10 500 167 528 245 -1 -1 -1 -1000 -1000 -1000 -10 0.960004
243 48 pedestrian -1 -1 -10 1134 154 1180 289 -1 -1 -1 -1000 -1000 -1000 -10 0.563771
243 49 pedestrian -1 -1 -10 1162 142 1217 302 -1 -1 -1 -1000 -1000 -1000 -10 0.969589
243 50 pedestrian -1 -1 -10 492 167 518 246 -1 -1 -1 -1000 -1000 -1000 -10 0.86778
244 48 pedestrian -1 -1 -10 1156 151 1203 297 -1 -1 -1 -1000 -1000 -1000 -10 0.301168
244 49 pedestrian -1 -1 -10 1180 138 1242 311 -1 -1 -1 -1000 -1000 -1000 -10 0.847808
244 50 pedestrian -1 -1 -10 479 168 507 251 -1 -1 -1 -1000 -1000 -1000 -10 0.963121
245 48 pedestrian -1 -1 -10 1174 158 1225 304 -1 -1 -1 -1000 -1000 -1000 -10 0.547526
245 50 pedestrian -1 -1 -10 467 167 498 253 -1 -1 -1 -1000 -1000 -1000 -10 0.990645
246 48 pedestrian -1 -1 -10 1201 163 1242 299 -1 -1 -1 -1000 -1000 -1000 -10 0.331207
246 50 pedestrian -1 -1 -10 454 168 487 258 -1 -1 -1 -1000 -1000 -1000 -10 0.990789
247 50 pedestrian -1 -1 -10 439 168 476 258 -1 -1 -1 -1000 -1000 -1000 -10 0.995247
247 51 pedestrian -1 -1 -10 500 173 525 237 -1 -1 -1 -1000 -1000 -1000 -10 0.920226
248 50 pedestrian -1 -1 -10 426 167 464 261 -1 -1 -1 -1000 -1000 -1000 -10 0.990532
249 50 pedestrian -1 -1 -10 409 163 451 268 -1 -1 -1 -1000 -1000 -1000 -10 0.997568
249 52 pedestrian -1 -1 -10 456 166 485 255 -1 -1 -1 -1000 -1000 -1000 -10 0.638606
250 50 pedestrian -1 -1 -10 389 164 433 270 -1 -1 -1 -1000 -1000 -1000 -10 0.969984
250 52 pedestrian -1 -1 -10 446 162 476 259 -1 -1 -1 -1000 -1000 -1000 -10 0.921359
250 53 pedestrian -1 -1 -10 717 164 743 234 -1 -1 -1 -1000 -1000 -1000 -10 0.915001
250 54 pedestrian -1 -1 -10 477 168 502 245 -1 -1 -1 -1000 -1000 -1000 -10 0.720755
251 50 pedestrian -1 -1 -10 372 165 421 277 -1 -1 -1 -1000 -1000 -1000 -10 0.991554
251 52 pedestrian -1 -1 -10 437 167 468 261 -1 -1 -1 -1000 -1000 -1000 -10 0.953494
251 53 pedestrian -1 -1 -10 718 162 746 236 -1 -1 -1 -1000 -1000 -1000 -10 0.906532
251 54 pedestrian -1 -1 -10 467 174 496 246 -1 -1 -1 -1000 -1000 -1000 -10 0.816447
252 50 pedestrian -1 -1 -10 358 169 408 282 -1 -1 -1 -1000 -1000 -1000 -10 0.974256
252 52 pedestrian -1 -1 -10 429 173 461 267 -1 -1 -1 -1000 -1000 -1000 -10 0.860824
252 53 pedestrian -1 -1 -10 723 163 750 241 -1 -1 -1 -1000 -1000 -1000 -10 0.924319
252 54 pedestrian -1 -1 -10 461 173 487 253 -1 -1 -1 -1000 -1000 -1000 -10 0.711904
252 55 pedestrian -1 -1 -10 706 165 731 238 -1 -1 -1 -1000 -1000 -1000 -10 0.856997
253 50 pedestrian -1 -1 -10 331 166 385 296 -1 -1 -1 -1000 -1000 -1000 -10 0.962414
253 52 pedestrian -1 -1 -10 421 170 454 271 -1 -1 -1 -1000 -1000 -1000 -10 0.98332
253 53 pedestrian -1 -1 -10 725 167 754 244 -1 -1 -1 -1000 -1000 -1000 -10 0.979977
253 54 pedestrian -1 -1 -10 453 177 480 251 -1 -1 -1 -1000 -1000 -1000 -10 0.947001
253 55 pedestrian -1 -1 -10 709 168 736 242 -1 -1 -1 -1000 -1000 -1000 -10 0.962686
254 50 pedestrian -1 -1 -10 310 170 365 299 -1 -1 -1 -1000 -1000 -1000 -10 0.970365
254 52 pedestrian -1 -1 -10 412 168 449 278 -1 -1 -1 -1000 -1000 -1000 -10 0.987691
254 53 pedestrian -1 -1 -10 728 166 758 246 -1 -1 -1 -1000 -1000 -1000 -10 0.734025
254 54 pedestrian -1 -1 -10 448 172 477 256 -1 -1 -1 -1000 -1000 -1000 -10 0.873183
254 55 pedestrian -1 -1 -10 715 165 743 244 -1 -1 -1 -1000 -1000 -1000 -10 0.911173
255 50 pedestrian -1 -1 -10 286 169 346 314 -1 -1 -1 -1000 -1000 -1000 -10 0.996879
255 52 pedestrian -1 -1 -10 402 173 439 280 -1 -1 -1 -1000 -1000 -1000 -10 0.957415
255 53 pedestrian -1 -1 -10 737 168 769 250 -1 -1 -1 -1000 -1000 -1000 -10 0.933856
255 54 pedestrian -1 -1 -10 444 174 471 256 -1 -1 -1 -1000 -1000 -1000 -10 0.949163
255 55 pedestrian -1 -1 -10 719 165 747 248 -1 -1 -1 -1000 -1000 -1000 -10 0.967679
255 56 pedestrian -1 -1 -10 342 174 375 279 -1 -1 -1 -1000 -1000 -1000 -10 0.689604
256 50 pedestrian -1 -1 -10 265 164 326 330 -1 -1 -1 -1000 -1000 -1000 -10 0.993774
256 52 pedestrian -1 -1 -10 387 170 428 291 -1 -1 -1 -1000 -1000 -1000 -10 0.953103
256 53 pedestrian -1 -1 -10 745 164 780 255 -1 -1 -1 -1000 -1000 -1000 -10 0.988185
256 54 pedestrian -1 -1 -10 440 177 469 255 -1 -1 -1 -1000 -1000 -1000 -10 0.855591
256 55 pedestrian -1 -1 -10 724 163 754 251 -1 -1 -1 -1000 -1000 -1000 -10 0.92008
256 56 pedestrian -1 -1 -10 337 173 367 287 -1 -1 -1 -1000 -1000 -1000 -10 0.699725
257 50 pedestrian -1 -1 -10 233 168 303 345 -1 -1 -1 -1000 -1000 -1000 -10 0.995856
257 52 pedestrian -1 -1 -10 374 174 420 291 -1 -1 -1 -1000 -1000 -1000 -10 0.924034
257 53 pedestrian -1 -1 -10 756 164 791 257 -1 -1 -1 -1000 -1000 -1000 -10 0.993132
257 54 pedestrian -1 -1 -10 437 170 466 264 -1 -1 -1 -1000 -1000 -1000 -10 0.878399
257 55 pedestrian -1 -1 -10 733 162 765 258 -1 -1 -1 -1000 -1000 -1000 -10 0.917163
257 56 pedestrian -1 -1 -10 323 176 358 286 -1 -1 -1 -1000 -1000 -1000 -10 0.941143
257 57 pedestrian -1 -1 -10 395 176 433 270 -1 -1 -1 -1000 -1000 -1000 -10 0.69672
258 50 pedestrian -1 -1 -10 197 159 270 372 -1 -1 -1 -1000 -1000 -1000 -10 0.997812
258 52 pedestrian -1 -1 -10 354 177 404 297 -1 -1 -1 -1000 -1000 -1000 -10 0.931231
258 53 pedestrian -1 -1 -10 766 164 806 261 -1 -1 -1 -1000 -1000 -1000 -10 0.995372
258 54 pedestrian -1 -1 -10 434 177 462 261 -1 -1 -1 -1000 -1000 -1000 -10 0.921389
258 55 pedestrian -1 -1 -10 740 165 774 259 -1 -1 -1 -1000 -1000 -1000 -10 0.936993
258 56 pedestrian -1 -1 -10 311 178 349 292 -1 -1 -1 -1000 -1000 -1000 -10 0.922611
258 57 pedestrian -1 -1 -10 390 178 429 274 -1 -1 -1 -1000 -1000 -1000 -10 0.927193
259 50 pedestrian -1 -1 -10 150 166 238 367 -1 -1 -1 -1000 -1000 -1000 -10 0.995237
259 52 pedestrian -1 -1 -10 341 166 395 321 -1 -1 -1 -1000 -1000 -1000 -10 0.953148
259 53 pedestrian -1 -1 -10 779 165 819 260 -1 -1 -1 -1000 -1000 -1000 -10 0.98307
259 54 pedestrian -1 -1 -10 430 169 461 265 -1 -1 -1 -1000 -1000 -1000 -10 0.818149
259 55 pedestrian -1 -1 -10 751 161 788 260 -1 -1 -1 -1000 -1000 -1000 -10 0.982672
259 56 pedestrian -1 -1 -10 296 175 339 297 -1 -1 -1 -1000 -1000 -1000 -10 0.942016
259 57 pedestrian -1 -1 -10 388 176 429 274 -1 -1 -1 -1000 -1000 -1000 -10 0.957791
260 50 pedestrian -1 -1 -10 87 164 183 368 -1 -1 -1 -1000 -1000 -1000 -10 0.991478
260 52 pedestrian -1 -1 -10 325 166 380 338 -1 -1 -1 -1000 -1000 -1000 -10 0.952845
260 53 pedestrian -1 -1 -10 792 161 836 262 -1 -1 -1 -1000 -1000 -1000 -10 0.997527
260 54 pedestrian -1 -1 -10 425 175 458 264 -1 -1 -1 -1000 -1000 -1000 -10 0.791708
260 55 pedestrian -1 -1 -10 764 157 801 263 -1 -1 -1 -1000 -1000 -1000 -10 0.989986
260 56 pedestrian -1 -1 -10 284 167 327 317 -1 -1 -1 -1000 -1000 -1000 -10 0.957484
260 57 pedestrian -1 -1 -10 382 173 424 277 -1 -1 -1 -1000 -1000 -1000 -10 0.954393
261 50 pedestrian -1 -1 -10 13 157 126 373 -1 -1 -1 -1000 -1000 -1000 -10 0.961548
261 52 pedestrian -1 -1 -10 304 162 363 349 -1 -1 -1 -1000 -1000 -1000 -10 0.997436
261 53 pedestrian -1 -1 -10 810 160 861 263 -1 -1 -1 -1000 -1000 -1000 -10 0.996646
261 54 pedestrian -1 -1 -10 423 174 457 265 -1 -1 -1 -1000 -1000 -1000 -10 0.923441
261 55 pedestrian -1 -1 -10 777 154 817 266 -1 -1 -1 -1000 -1000 -1000 -10 0.953704
261 56 pedestrian -1 -1 -10 266 165 314 320 -1 -1 -1 -1000 -1000 -1000 -10 0.868534
261 57 pedestrian -1 -1 -10 378 168 421 284 -1 -1 -1 -1000 -1000 -1000 -10 0.987559
262 52 pedestrian -1 -1 -10 278 166 345 361 -1 -1 -1 -1000 -1000 -1000 -10 0.998717
262 53 pedestrian -1 -1 -10 822 157 875 272 -1 -1 -1 -1000 -1000 -1000 -10 0.959089
262 54 pedestrian -1 -1 -10 414 173 450 270 -1 -1 -1 -1000 -1000 -1000 -10 0.851766
262 55 pedestrian -1 -1 -10 795 152 837 271 -1 -1 -1 -1000 -1000 -1000 -10 0.991143
262 56 pedestrian -1 -1 -10 246 167 294 323 -1 -1 -1 -1000 -1000 -1000 -10 0.49655
262 57 pedestrian -1 -1 -10 370 172 417 291 -1 -1 -1 -1000 -1000 -1000 -10 0.940994
263 52 pedestrian -1 -1 -10 247 159 317 372 -1 -1 -1 -1000 -1000 -1000 -10 0.928395
263 53 pedestrian -1 -1 -10 851 161 907 271 -1 -1 -1 -1000 -1000 -1000 -10 0.860449
263 54 pedestrian -1 -1 -10 412 174 449 273 -1 -1 -1 -1000 -1000 -1000 -10 0.935573
263 55 pedestrian -1 -1 -10 810 157 864 275 -1 -1 -1 -1000 -1000 -1000 -10 0.962164
263 56 pedestrian -1 -1 -10 216 168 269 345 -1 -1 -1 -1000 -1000 -1000 -10 0.589058
263 57 pedestrian -1 -1 -10 361 173 411 296 -1 -1 -1 -1000 -1000 -1000 -10 0.980331
264 53 pedestrian -1 -1 -10 874 155 939 291 -1 -1 -1 -1000 -1000 -1000 -10 0.983286
264 54 pedestrian -1 -1 -10 407 176 446 272 -1 -1 -1 -1000 -1000 -1000 -10 0.945168
264 55 pedestrian -1 -1 -10 829 155 888 289 -1 -1 -1 -1000 -1000 -1000 -10 0.97221
264 56 pedestrian -1 -1 -10 198 156 276 370 -1 -1 -1 -1000 -1000 -1000 -10 0.995035
264 57 pedestrian -1 -1 -10 345 171 403 307 -1 -1 -1 -1000 -1000 -1000 -10 0.944781
265 53 pedestrian -1 -1 -10 899 150 973 302 -1 -1 -1 -1000 -1000 -1000 -10 0.969117
265 54 pedestrian -1 -1 -10 400 176 440 277 -1 -1 -1 -1000 -1000 -1000 -10 0.936598
265 55 pedestrian -1 -1 -10 856 153 916 298 -1 -1 -1 -1000 -1000 -1000 -10 0.981066
265 57 pedestrian -1 -1 -10 330 165 387 327 -1 -1 -1 -1000 -1000 -1000 -10 0.989416
265 58 pedestrian -1 -1 -10 133 157 225 368 -1 -1 -1 -1000 -1000 -1000 -10 0.971911
266 53 pedestrian -1 -1 -10 918 151 1015 312 -1 -1 -1 -1000 -1000 -1000 -10 0.98766
266 54 pedestrian -1 -1 -10 396 172 438 282 -1 -1 -1 -1000 -1000 -1000 -10 0.958894
266 55 pedestrian -1 -1 -10 881 151 952 302 -1 -1 -1 -1000 -1000 -1000 -10 0.91803
266 57 pedestrian -1 -1 -10 306 166 373 346 -1 -1 -1 -1000 -1000 -1000 -10 0.997003
266 59 pedestrian -1 -1 -10 49 157 169 363 -1 -1 -1 -1000 -1000 -1000 -10 0.688122
267 53 pedestrian -1 -1 -10 966 146 1058 319 -1 -1 -1 -1000 -1000 -1000 -10 0.993713
267 54 pedestrian -1 -1 -10 391 168 430 293 -1 -1 -1 -1000 -1000 -1000 -10 0.65015
267 55 pedestrian -1 -1 -10 910 146 980 320 -1 -1 -1 -1000 -1000 -1000 -10 0.997128
267 57 pedestrian -1 -1 -10 283 171 355 363 -1 -1 -1 -1000 -1000 -1000 -10 0.996016
267 59 pedestrian -1 -1 -10 36 167 144 375 -1 -1 -1 -1000 -1000 -1000 -10 0.77266
268 53 pedestrian -1 -1 -10 1011 139 1112 337 -1 -1 -1 -1000 -1000 -1000 -10 0.991725
268 54 pedestrian -1 -1 -10 385 167 425 294 -1 -1 -1 -1000 -1000 -1000 -10 0.930815
268 55 pedestrian -1 -1 -10 945 142 1021 338 -1 -1 -1 -1000 -1000 -1000 -10 0.996242
268 57 pedestrian -1 -1 -10 245 178 323 368 -1 -1 -1 -1000 -1000 -1000 -10 0.984607
269 53 pedestrian -1 -1 -10 1059 138 1166 350 -1 -1 -1 -1000 -1000 -1000 -10 0.981493
269 54 pedestrian -1 -1 -10 372 173 420 290 -1 -1 -1 -1000 -1000 -1000 -10 0.987828
269 55 pedestrian -1 -1 -10 987 136 1069 352 -1 -1 -1 -1000 -1000 -1000 -10 0.991484
269 57 pedestrian -1 -1 -10 202 174 295 371 -1 -1 -1 -1000 -1000 -1000 -10 0.941929
270 53 pedestrian -1 -1 -10 1118 137 1230 357 -1 -1 -1 -1000 -1000 -1000 -10 0.948593
270 54 pedestrian -1 -1 -10 363 172 413 299 -1 -1 -1 -1000 -1000 -1000 -10 0.990613
270 55 pedestrian -1 -1 -10 1034 130 1134 375 -1 -1 -1 -1000 -1000 -1000 -10 0.945762
270 57 pedestrian -1 -1 -10 137 162 249 374 -1 -1 -1 -1000 -1000 -1000 -10 0.736898
271 54 pedestrian -1 -1 -10 351 172 404 302 -1 -1 -1 -1000 -1000 -1000 -10 0.984475
271 55 pedestrian -1 -1 -10 1067 118 1226 370 -1 -1 -1 -1000 -1000 -1000 -10 0.824689
271 60 pedestrian -1 -1 -10 4 163 199 371 -1 -1 -1 -1000 -1000 -1000 -10 0.975646
272 53 pedestrian -1 -1 -10 1170 126 1242 357 -1 -1 -1 -1000 -1000 -1000 -10 0.899734
272 54 pedestrian -1 -1 -10 342 174 395 312 -1 -1 -1 -1000 -1000 -1000 -10 0.941902
273 54 pedestrian -1 -1 -10 330 169 386 326 -1 -1 -1 -1000 -1000 -1000 -10 0.983655
274 54 pedestrian -1 -1 -10 316 179 376 330 -1 -1 -1 -1000 -1000 -1000 -10 0.995802
275 54 pedestrian -1 -1 -10 301 180 362 347 -1 -1 -1 -1000 -1000 -1000 -10 0.997988
276 54 pedestrian -1 -1 -10 281 175 346 358 -1 -1 -1 -1000 -1000 -1000 -10 0.998258
277 54 pedestrian -1 -1 -10 257 170 330 367 -1 -1 -1 -1000 -1000 -1000 -10 0.995676
278 54 pedestrian -1 -1 -10 228 173 313 375 -1 -1 -1 -1000 -1000 -1000 -10 0.998342
279 54 pedestrian -1 -1 -10 195 181 288 373 -1 -1 -1 -1000 -1000 -1000 -10 0.99824
279 61 pedestrian -1 -1 -10 428 170 454 253 -1 -1 -1 -1000 -1000 -1000 -10 0.792243
280 54 pedestrian -1 -1 -10 160 171 260 375 -1 -1 -1 -1000 -1000 -1000 -10 0.994989
280 61 pedestrian -1 -1 -10 426 169 451 258 -1 -1 -1 -1000 -1000 -1000 -10 0.74058
281 54 pedestrian -1 -1 -10 102 178 214 370 -1 -1 -1 -1000 -1000 -1000 -10 0.927396
282 54 pedestrian -1 -1 -10 1 159 186 375 -1 -1 -1 -1000 -1000 -1000 -10 0.986435
282 61 pedestrian -1 -1 -10 417 170 444 272 -1 -1 -1 -1000 -1000 -1000 -10 0.715338
282 62 pedestrian -1 -1 -10 391 167 418 266 -1 -1 -1 -1000 -1000 -1000 -10 0.747018
282 63 pedestrian -1 -1 -10 1149 163 1209 304 -1 -1 -1 -1000 -1000 -1000 -10 0.653418
282 64 pedestrian -1 -1 -10 662 168 688 244 -1 -1 -1 -1000 -1000 -1000 -10 0.377551
283 54 pedestrian -1 -1 -10 0 163 142 370 -1 -1 -1 -1000 -1000 -1000 -10 0.892538
283 61 pedestrian -1 -1 -10 414 175 441 274 -1 -1 -1 -1000 -1000 -1000 -10 0.914529
283 62 pedestrian -1 -1 -10 383 167 412 273 -1 -1 -1 -1000 -1000 -1000 -10 0.948416
283 64 pedestrian -1 -1 -10 668 173 693 247 -1 -1 -1 -1000 -1000 -1000 -10 0.380579
284 61 pedestrian -1 -1 -10 406 172 435 273 -1 -1 -1 -1000 -1000 -1000 -10 0.96863
284 62 pedestrian -1 -1 -10 374 167 405 274 -1 -1 -1 -1000 -1000 -1000 -10 0.844697
284 64 pedestrian -1 -1 -10 675 170 700 248 -1 -1 -1 -1000 -1000 -1000 -10 0.673182
285 61 pedestrian -1 -1 -10 399 176 430 278 -1 -1 -1 -1000 -1000 -1000 -10 0.977093
285 62 pedestrian -1 -1 -10 365 169 400 274 -1 -1 -1 -1000 -1000 -1000 -10 0.973931
285 64 pedestrian -1 -1 -10 683 174 709 249 -1 -1 -1 -1000 -1000 -1000 -10 0.841342
286 61 pedestrian -1 -1 -10 390 176 422 286 -1 -1 -1 -1000 -1000 -1000 -10 0.948146
286 62 pedestrian -1 -1 -10 354 171 392 278 -1 -1 -1 -1000 -1000 -1000 -10 0.971753
286 64 pedestrian -1 -1 -10 687 168 716 257 -1 -1 -1 -1000 -1000 -1000 -10 0.952443
287 61 pedestrian -1 -1 -10 375 178 412 290 -1 -1 -1 -1000 -1000 -1000 -10 0.976492
287 62 pedestrian -1 -1 -10 343 165 380 290 -1 -1 -1 -1000 -1000 -1000 -10 0.930143
287 64 pedestrian -1 -1 -10 697 169 724 257 -1 -1 -1 -1000 -1000 -1000 -10 0.975142
288 61 pedestrian -1 -1 -10 359 180 400 294 -1 -1 -1 -1000 -1000 -1000 -10 0.948074
288 62 pedestrian -1 -1 -10 322 166 369 295 -1 -1 -1 -1000 -1000 -1000 -10 0.991183
288 64 pedestrian -1 -1 -10 704 168 733 262 -1 -1 -1 -1000 -1000 -1000 -10 0.987119
289 61 pedestrian -1 -1 -10 344 175 390 308 -1 -1 -1 -1000 -1000 -1000 -10 0.988377
289 62 pedestrian -1 -1 -10 302 163 352 303 -1 -1 -1 -1000 -1000 -1000 -10 0.988926
289 64 pedestrian -1 -1 -10 711 164 744 270 -1 -1 -1 -1000 -1000 -1000 -10 0.977035
290 61 pedestrian -1 -1 -10 321 173 375 316 -1 -1 -1 -1000 -1000 -1000 -10 0.889262
290 62 pedestrian -1 -1 -10 280 160 333 313 -1 -1 -1 -1000 -1000 -1000 -10 0.817885
290 64 pedestrian -1 -1 -10 721 167 753 272 -1 -1 -1 -1000 -1000 -1000 -10 0.805938
291 61 pedestrian -1 -1 -10 301 176 360 327 -1 -1 -1 -1000 -1000 -1000 -10 0.975225
291 62 pedestrian -1 -1 -10 259 155 309 333 -1 -1 -1 -1000 -1000 -1000 -10 0.98591
291 64 pedestrian -1 -1 -10 728 166 767 275 -1 -1 -1 -1000 -1000 -1000 -10 0.940371
292 61 pedestrian -1 -1 -10 271 177 339 341 -1 -1 -1 -1000 -1000 -1000 -10 0.996601
292 62 pedestrian -1 -1 -10 231 162 286 342 -1 -1 -1 -1000 -1000 -1000 -10 0.994301
292 64 pedestrian -1 -1 -10 738 172 779 275 -1 -1 -1 -1000 -1000 -1000 -10 0.977817
293 61 pedestrian -1 -1 -10 232 171 310 364 -1 -1 -1 -1000 -1000 -1000 -10 0.994611
293 62 pedestrian -1 -1 -10 189 157 252 361 -1 -1 -1 -1000 -1000 -1000 -10 0.995935
293 64 pedestrian -1 -1 -10 747 171 794 281 -1 -1 -1 -1000 -1000 -1000 -10 0.977027
294 61 pedestrian -1 -1 -10 188 166 278 375 -1 -1 -1 -1000 -1000 -1000 -10 0.990879
294 62 pedestrian -1 -1 -10 138 155 211 375 -1 -1 -1 -1000 -1000 -1000 -10 0.994255
294 64 pedestrian -1 -1 -10 760 166 809 287 -1 -1 -1 -1000 -1000 -1000 -10 0.920572
295 61 pedestrian -1 -1 -10 137 178 237 372 -1 -1 -1 -1000 -1000 -1000 -10 0.813073
295 62 pedestrian -1 -1 -10 71 155 156 375 -1 -1 -1 -1000 -1000 -1000 -10 0.988862
295 64 pedestrian -1 -1 -10 778 164 829 302 -1 -1 -1 -1000 -1000 -1000 -10 0.925408
296 61 pedestrian -1 -1 -10 48 164 168 370 -1 -1 -1 -1000 -1000 -1000 -10 0.746903
296 64 pedestrian -1 -1 -10 795 154 849 322 -1 -1 -1 -1000 -1000 -1000 -10 0.987427
297 61 pedestrian -1 -1 -10 0 162 95 374 -1 -1 -1 -1000 -1000 -1000 -10 0.862723
297 64 pedestrian -1 -1 -10 820 151 873 342 -1 -1 -1 -1000 -1000 -1000 -10 0.967242
298 64 pedestrian -1 -1 -10 840 158 906 353 -1 -1 -1 -1000 -1000 -1000 -10 0.983481
299 64 pedestrian -1 -1 -10 865 159 941 365 -1 -1 -1 -1000 -1000 -1000 -10 0.976114
300 64 pedestrian -1 -1 -10 903 154 982 368 -1 -1 -1 -1000 -1000 -1000 -10 0.984627
301 64 pedestrian -1 -1 -10 945 153 1039 361 -1 -1 -1 -1000 -1000 -1000 -10 0.953558
302 64 pedestrian -1 -1 -10 1017 145 1121 372 -1 -1 -1 -1000 -1000 -1000 -10 0.976272
303 64 pedestrian -1 -1 -10 1122 142 1221 368 -1 -1 -1 -1000 -1000 -1000 -10 0.590057
311 65 pedestrian -1 -1 -10 890 161 943 260 -1 -1 -1 -1000 -1000 -1000 -10 0.729127
312 65 pedestrian -1 -1 -10 912 165 966 259 -1 -1 -1 -1000 -1000 -1000 -10 0.944555
313 65 pedestrian -1 -1 -10 932 164 985 262 -1 -1 -1 -1000 -1000 -1000 -10 0.927181
313 66 pedestrian -1 -1 -10 509 175 535 243 -1 -1 -1 -1000 -1000 -1000 -10 0.586229
314 65 pedestrian -1 -1 -10 950 163 1011 268 -1 -1 -1 -1000 -1000 -1000 -10 0.604511
314 66 pedestrian -1 -1 -10 509 167 534 246 -1 -1 -1 -1000 -1000 -1000 -10 0.907249
315 65 pedestrian -1 -1 -10 983 163 1039 270 -1 -1 -1 -1000 -1000 -1000 -10 0.741862
315 66 pedestrian -1 -1 -10 505 169 532 244 -1 -1 -1 -1000 -1000 -1000 -10 0.344237
316 65 pedestrian -1 -1 -10 1006 163 1064 278 -1 -1 -1 -1000 -1000 -1000 -10 0.675834
316 66 pedestrian -1 -1 -10 499 167 529 247 -1 -1 -1 -1000 -1000 -1000 -10 0.809852
317 65 pedestrian -1 -1 -10 1038 159 1104 287 -1 -1 -1 -1000 -1000 -1000 -10 0.91447
317 66 pedestrian -1 -1 -10 497 174 525 245 -1 -1 -1 -1000 -1000 -1000 -10 0.959804
317 67 pedestrian -1 -1 -10 476 170 501 248 -1 -1 -1 -1000 -1000 -1000 -10 0.675868
318 65 pedestrian -1 -1 -10 1076 151 1139 298 -1 -1 -1 -1000 -1000 -1000 -10 0.975193
318 66 pedestrian -1 -1 -10 496 172 524 249 -1 -1 -1 -1000 -1000 -1000 -10 0.955949
318 67 pedestrian -1 -1 -10 469 168 495 252 -1 -1 -1 -1000 -1000 -1000 -10 0.958374
319 65 pedestrian -1 -1 -10 1116 158 1187 304 -1 -1 -1 -1000 -1000 -1000 -10 0.956859
319 66 pedestrian -1 -1 -10 488 172 520 259 -1 -1 -1 -1000 -1000 -1000 -10 0.959616
319 67 pedestrian -1 -1 -10 463 168 489 258 -1 -1 -1 -1000 -1000 -1000 -10 0.920113
320 65 pedestrian -1 -1 -10 1154 150 1237 320 -1 -1 -1 -1000 -1000 -1000 -10 0.989484
320 66 pedestrian -1 -1 -10 486 172 516 263 -1 -1 -1 -1000 -1000 -1000 -10 0.975473
320 67 pedestrian -1 -1 -10 457 168 485 264 -1 -1 -1 -1000 -1000 -1000 -10 0.984095
321 66 pedestrian -1 -1 -10 483 175 511 260 -1 -1 -1 -1000 -1000 -1000 -10 0.664155
321 67 pedestrian -1 -1 -10 452 167 480 267 -1 -1 -1 -1000 -1000 -1000 -10 0.849671
322 66 pedestrian -1 -1 -10 474 173 505 266 -1 -1 -1 -1000 -1000 -1000 -10 0.822411
322 67 pedestrian -1 -1 -10 445 161 476 272 -1 -1 -1 -1000 -1000 -1000 -10 0.953673
322 68 pedestrian -1 -1 -10 710 160 736 231 -1 -1 -1 -1000 -1000 -1000 -10 0.943413
323 66 pedestrian -1 -1 -10 468 170 500 270 -1 -1 -1 -1000 -1000 -1000 -10 0.817593
323 67 pedestrian -1 -1 -10 442 168 472 272 -1 -1 -1 -1000 -1000 -1000 -10 0.896827
323 68 pedestrian -1 -1 -10 716 158 743 233 -1 -1 -1 -1000 -1000 -1000 -10 0.979222
324 66 pedestrian -1 -1 -10 465 173 499 270 -1 -1 -1 -1000 -1000 -1000 -10 0.984254
324 67 pedestrian -1 -1 -10 434 166 466 276 -1 -1 -1 -1000 -1000 -1000 -10 0.98617
324 68 pedestrian -1 -1 -10 723 155 752 236 -1 -1 -1 -1000 -1000 -1000 -10 0.932724
324 69 pedestrian -1 -1 -10 692 159 718 233 -1 -1 -1 -1000 -1000 -1000 -10 0.823466
325 66 pedestrian -1 -1 -10 461 177 495 276 -1 -1 -1 -1000 -1000 -1000 -10 0.963769
325 67 pedestrian -1 -1 -10 426 166 463 281 -1 -1 -1 -1000 -1000 -1000 -10 0.964039
325 68 pedestrian -1 -1 -10 730 159 764 238 -1 -1 -1 -1000 -1000 -1000 -10 0.852076
325 69 pedestrian -1 -1 -10 697 160 725 238 -1 -1 -1 -1000 -1000 -1000 -10 0.972419
326 66 pedestrian -1 -1 -10 453 179 490 282 -1 -1 -1 -1000 -1000 -1000 -10 0.945069
326 67 pedestrian -1 -1 -10 417 168 456 286 -1 -1 -1 -1000 -1000 -1000 -10 0.988398
326 68 pedestrian -1 -1 -10 738 161 766 241 -1 -1 -1 -1000 -1000 -1000 -10 0.982812
326 69 pedestrian -1 -1 -10 704 158 733 243 -1 -1 -1 -1000 -1000 -1000 -10 0.993525
327 66 pedestrian -1 -1 -10 442 178 484 287 -1 -1 -1 -1000 -1000 -1000 -10 0.888236
327 67 pedestrian -1 -1 -10 407 169 448 294 -1 -1 -1 -1000 -1000 -1000 -10 0.991432
327 68 pedestrian -1 -1 -10 744 155 776 246 -1 -1 -1 -1000 -1000 -1000 -10 0.982682
327 69 pedestrian -1 -1 -10 709 157 739 243 -1 -1 -1 -1000 -1000 -1000 -10 0.987243
328 66 pedestrian -1 -1 -10 436 180 480 290 -1 -1 -1 -1000 -1000 -1000 -10 0.983289
328 67 pedestrian -1 -1 -10 396 169 437 299 -1 -1 -1 -1000 -1000 -1000 -10 0.991593
328 68 pedestrian -1 -1 -10 753 155 782 247 -1 -1 -1 -1000 -1000 -1000 -10 0.886443
328 69 pedestrian -1 -1 -10 716 157 746 246 -1 -1 -1 -1000 -1000 -1000 -10 0.996394
328 70 pedestrian -1 -1 -10 361 157 390 256 -1 -1 -1 -1000 -1000 -1000 -10 0.4889
329 66 pedestrian -1 -1 -10 426 182 470 299 -1 -1 -1 -1000 -1000 -1000 -10 0.963344
329 67 pedestrian -1 -1 -10 381 170 428 303 -1 -1 -1 -1000 -1000 -1000 -10 0.977888
329 68 pedestrian -1 -1 -10 759 157 791 250 -1 -1 -1 -1000 -1000 -1000 -10 0.925949
329 69 pedestrian -1 -1 -10 721 158 754 249 -1 -1 -1 -1000 -1000 -1000 -10 0.994791
329 70 pedestrian -1 -1 -10 352 167 383 254 -1 -1 -1 -1000 -1000 -1000 -10 0.874376
330 66 pedestrian -1 -1 -10 411 185 459 304 -1 -1 -1 -1000 -1000 -1000 -10 0.947473
330 67 pedestrian -1 -1 -10 365 174 413 308 -1 -1 -1 -1000 -1000 -1000 -10 0.953979
330 68 pedestrian -1 -1 -10 768 155 803 254 -1 -1 -1 -1000 -1000 -1000 -10 0.967973
330 69 pedestrian -1 -1 -10 725 160 763 252 -1 -1 -1 -1000 -1000 -1000 -10 0.979832
330 70 pedestrian -1 -1 -10 340 169 369 253 -1 -1 -1 -1000 -1000 -1000 -10 0.948315
331 66 pedestrian -1 -1 -10 391 174 445 331 -1 -1 -1 -1000 -1000 -1000 -10 0.705306
331 67 pedestrian -1 -1 -10 347 170 401 321 -1 -1 -1 -1000 -1000 -1000 -10 0.943772
331 68 pedestrian -1 -1 -10 778 157 813 254 -1 -1 -1 -1000 -1000 -1000 -10 0.943214
331 69 pedestrian -1 -1 -10 732 159 771 254 -1 -1 -1 -1000 -1000 -1000 -10 0.978902
331 70 pedestrian -1 -1 -10 323 167 358 261 -1 -1 -1 -1000 -1000 -1000 -10 0.780165
332 66 pedestrian -1 -1 -10 376 176 429 335 -1 -1 -1 -1000 -1000 -1000 -10 0.930781
332 67 pedestrian -1 -1 -10 327 175 379 329 -1 -1 -1 -1000 -1000 -1000 -10 0.973963
332 68 pedestrian -1 -1 -10 786 154 825 259 -1 -1 -1 -1000 -1000 -1000 -10 0.966673
332 69 pedestrian -1 -1 -10 740 157 777 255 -1 -1 -1 -1000 -1000 -1000 -10 0.917403
332 70 pedestrian -1 -1 -10 306 164 341 268 -1 -1 -1 -1000 -1000 -1000 -10 0.923868
333 66 pedestrian -1 -1 -10 358 176 412 340 -1 -1 -1 -1000 -1000 -1000 -10 0.995097
333 67 pedestrian -1 -1 -10 307 170 360 344 -1 -1 -1 -1000 -1000 -1000 -10 0.997742
333 68 pedestrian -1 -1 -10 793 156 838 270 -1 -1 -1 -1000 -1000 -1000 -10 0.993378
333 69 pedestrian -1 -1 -10 744 157 784 265 -1 -1 -1 -1000 -1000 -1000 -10 0.979534
333 70 pedestrian -1 -1 -10 288 163 323 268 -1 -1 -1 -1000 -1000 -1000 -10 0.842971
334 66 pedestrian -1 -1 -10 335 176 393 352 -1 -1 -1 -1000 -1000 -1000 -10 0.995738
334 67 pedestrian -1 -1 -10 286 166 338 358 -1 -1 -1 -1000 -1000 -1000 -10 0.998678
334 68 pedestrian -1 -1 -10 805 155 849 271 -1 -1 -1 -1000 -1000 -1000 -10 0.972145
334 69 pedestrian -1 -1 -10 754 157 796 269 -1 -1 -1 -1000 -1000 -1000 -10 0.969101
334 70 pedestrian -1 -1 -10 267 173 305 269 -1 -1 -1 -1000 -1000 -1000 -10 0.624421
335 66 pedestrian -1 -1 -10 308 181 378 369 -1 -1 -1 -1000 -1000 -1000 -10 0.997409
335 67 pedestrian -1 -1 -10 253 176 317 371 -1 -1 -1 -1000 -1000 -1000 -10 0.994835
335 68 pedestrian -1 -1 -10 815 153 861 273 -1 -1 -1 -1000 -1000 -1000 -10 0.976603
335 69 pedestrian -1 -1 -10 763 154 805 277 -1 -1 -1 -1000 -1000 -1000 -10 0.983742
335 70 pedestrian -1 -1 -10 246 173 295 276 -1 -1 -1 -1000 -1000 -1000 -10 0.621438
336 66 pedestrian -1 -1 -10 276 179 349 375 -1 -1 -1 -1000 -1000 -1000 -10 0.996933
336 67 pedestrian -1 -1 -10 223 175 288 375 -1 -1 -1 -1000 -1000 -1000 -10 0.999256
336 68 pedestrian -1 -1 -10 829 149 881 273 -1 -1 -1 -1000 -1000 -1000 -10 0.965257
336 69 pedestrian -1 -1 -10 774 157 818 272 -1 -1 -1 -1000 -1000 -1000 -10 0.98178
336 70 pedestrian -1 -1 -10 219 164 266 286 -1 -1 -1 -1000 -1000 -1000 -10 0.486137
337 66 pedestrian -1 -1 -10 242 182 321 373 -1 -1 -1 -1000 -1000 -1000 -10 0.996324
337 67 pedestrian -1 -1 -10 183 173 258 375 -1 -1 -1 -1000 -1000 -1000 -10 0.992254
337 68 pedestrian -1 -1 -10 849 142 903 289 -1 -1 -1 -1000 -1000 -1000 -10 0.846293
337 69 pedestrian -1 -1 -10 781 149 840 289 -1 -1 -1 -1000 -1000 -1000 -10 0.811937
338 66 pedestrian -1 -1 -10 204 170 295 375 -1 -1 -1 -1000 -1000 -1000 -10 0.988787
338 67 pedestrian -1 -1 -10 131 179 228 367 -1 -1 -1 -1000 -1000 -1000 -10 0.869448
338 68 pedestrian -1 -1 -10 864 143 926 293 -1 -1 -1 -1000 -1000 -1000 -10 0.983021
338 69 pedestrian -1 -1 -10 790 146 856 292 -1 -1 -1 -1000 -1000 -1000 -10 0.99684
339 66 pedestrian -1 -1 -10 156 171 261 375 -1 -1 -1 -1000 -1000 -1000 -10 0.963269
339 67 pedestrian -1 -1 -10 75 152 187 375 -1 -1 -1 -1000 -1000 -1000 -10 0.843997
339 68 pedestrian -1 -1 -10 879 140 951 301 -1 -1 -1 -1000 -1000 -1000 -10 0.984346
339 69 pedestrian -1 -1 -10 802 140 875 304 -1 -1 -1 -1000 -1000 -1000 -10 0.998785
