0 0 car -1 -1 -10 1042 153 1189 207 -1 -1 -1 -1000 -1000 -1000 -10 0.998523
0 1 car -1 -1 -10 478 164 524 191 -1 -1 -1 -1000 -1000 -1000 -10 0.965135
0 2 car -1 -1 -10 504 165 546 183 -1 -1 -1 -1000 -1000 -1000 -10 0.306422
1 0 car -1 -1 -10 1044 154 1187 207 -1 -1 -1 -1000 -1000 -1000 -10 0.999383
1 1 car -1 -1 -10 478 164 523 191 -1 -1 -1 -1000 -1000 -1000 -10 0.941698
2 0 car -1 -1 -10 1044 154 1186 207 -1 -1 -1 -1000 -1000 -1000 -10 0.999673
2 1 car -1 -1 -10 479 164 522 192 -1 -1 -1 -1000 -1000 -1000 -10 0.982836
3 0 car -1 -1 -10 1045 153 1185 206 -1 -1 -1 -1000 -1000 -1000 -10 0.999323
3 1 car -1 -1 -10 479 164 523 192 -1 -1 -1 -1000 -1000 -1000 -10 0.986063
4 0 car -1 -1 -10 1045 153 1188 207 -1 -1 -1 -1000 -1000 -1000 -10 0.999489
4 1 car -1 -1 -10 481 163 522 192 -1 -1 -1 -1000 -1000 -1000 -10 0.97915
5 0 car -1 -1 -10 1046 153 1187 207 -1 -1 -1 -1000 -1000 -1000 -10 0.999737
5 1 car -1 -1 -10 480 164 524 192 -1 -1 -1 -1000 -1000 -1000 -10 0.995947
5 2 car -1 -1 -10 518 165 554 182 -1 -1 -1 -1000 -1000 -1000 -10 0.702719
5 3 pedestrian -1 -1 -10 954 156 980 219 -1 -1 -1 -1000 -1000 -1000 -10 0.622168
6 0 car -1 -1 -10 1047 154 1186 207 -1 -1 -1 -1000 -1000 -1000 -10 0.999533
6 1 car -1 -1 -10 481 165 520 192 -1 -1 -1 -1000 -1000 -1000 -10 0.934787
6 2 car -1 -1 -10 520 166 555 184 -1 -1 -1 -1000 -1000 -1000 -10 0.680867
6 3 pedestrian -1 -1 -10 954 158 980 216 -1 -1 -1 -1000 -1000 -1000 -10 0.569598
7 0 car -1 -1 -10 1048 155 1188 209 -1 -1 -1 -1000 -1000 -1000 -10 0.999721
7 1 car -1 -1 -10 481 165 522 194 -1 -1 -1 -1000 -1000 -1000 -10 0.984719
7 2 car -1 -1 -10 520 166 555 185 -1 -1 -1 -1000 -1000 -1000 -10 0.612527
8 0 car -1 -1 -10 1043 157 1193 208 -1 -1 -1 -1000 -1000 -1000 -10 0.999663
8 1 car -1 -1 -10 483 166 521 194 -1 -1 -1 -1000 -1000 -1000 -10 0.920389
8 2 car -1 -1 -10 523 168 558 187 -1 -1 -1 -1000 -1000 -1000 -10 0.633322
8 4 pedestrian -1 -1 -10 931 158 959 217 -1 -1 -1 -1000 -1000 -1000 -10 0.593028
8 5 pedestrian -1 -1 -10 942 160 973 216 -1 -1 -1 -1000 -1000 -1000 -10 0.315867
9 0 car -1 -1 -10 1044 157 1196 208 -1 -1 -1 -1000 -1000 -1000 -10 0.999133
9 1 car -1 -1 -10 483 167 520 196 -1 -1 -1 -1000 -1000 -1000 -10 0.978532
9 2 car -1 -1 -10 524 168 558 187 -1 -1 -1 -1000 -1000 -1000 -10 0.866952
9 3 pedestrian -1 -1 -10 948 161 979 217 -1 -1 -1 -1000 -1000 -1000 -10 0.424721
9 4 pedestrian -1 -1 -10 932 158 959 217 -1 -1 -1 -1000 -1000 -1000 -10 0.683559
10 0 car -1 -1 -10 1046 157 1199 208 -1 -1 -1 -1000 -1000 -1000 -10 0.998164
10 1 car -1 -1 -10 483 167 519 195 -1 -1 -1 -1000 -1000 -1000 -10 0.969278
10 2 car -1 -1 -10 523 168 560 187 -1 -1 -1 -1000 -1000 -1000 -10 0.924459
10 4 pedestrian -1 -1 -10 933 158 958 215 -1 -1 -1 -1000 -1000 -1000 -10 0.540802
10 6 car -1 -1 -10 494 168 528 189 -1 -1 -1 -1000 -1000 -1000 -10 0.796108
11 0 car -1 -1 -10 1056 155 1209 210 -1 -1 -1 -1000 -1000 -1000 -10 0.999701
11 1 car -1 -1 -10 483 167 520 195 -1 -1 -1 -1000 -1000 -1000 -10 0.969895
11 2 car -1 -1 -10 527 168 560 186 -1 -1 -1 -1000 -1000 -1000 -10 0.945367
11 4 pedestrian -1 -1 -10 933 158 959 215 -1 -1 -1 -1000 -1000 -1000 -10 0.793676
11 5 pedestrian -1 -1 -10 944 158 970 217 -1 -1 -1 -1000 -1000 -1000 -10 0.300082
12 0 car -1 -1 -10 1059 154 1214 211 -1 -1 -1 -1000 -1000 -1000 -10 0.999589
12 1 car -1 -1 -10 484 165 523 195 -1 -1 -1 -1000 -1000 -1000 -10 0.978271
12 2 car -1 -1 -10 527 167 563 186 -1 -1 -1 -1000 -1000 -1000 -10 0.959957
12 4 pedestrian -1 -1 -10 933 159 959 215 -1 -1 -1 -1000 -1000 -1000 -10 0.81028
13 0 car -1 -1 -10 1062 154 1223 211 -1 -1 -1 -1000 -1000 -1000 -10 0.998831
13 1 car -1 -1 -10 485 167 521 196 -1 -1 -1 -1000 -1000 -1000 -10 0.982604
13 2 car -1 -1 -10 530 169 563 185 -1 -1 -1 -1000 -1000 -1000 -10 0.74566
14 0 car -1 -1 -10 1068 152 1224 211 -1 -1 -1 -1000 -1000 -1000 -10 0.990948
14 1 car -1 -1 -10 487 168 522 195 -1 -1 -1 -1000 -1000 -1000 -10 0.981367
14 2 car -1 -1 -10 535 169 568 186 -1 -1 -1 -1000 -1000 -1000 -10 0.866865
14 6 car -1 -1 -10 498 166 535 191 -1 -1 -1 -1000 -1000 -1000 -10 0.836497
15 0 car -1 -1 -10 1081 152 1224 212 -1 -1 -1 -1000 -1000 -1000 -10 0.999644
15 1 car -1 -1 -10 488 168 525 195 -1 -1 -1 -1000 -1000 -1000 -10 0.958081
15 2 car -1 -1 -10 540 169 567 185 -1 -1 -1 -1000 -1000 -1000 -10 0.582148
15 6 car -1 -1 -10 503 168 538 189 -1 -1 -1 -1000 -1000 -1000 -10 0.917411
16 0 car -1 -1 -10 1085 150 1224 210 -1 -1 -1 -1000 -1000 -1000 -10 0.987783
16 1 car -1 -1 -10 493 167 527 196 -1 -1 -1 -1000 -1000 -1000 -10 0.983218
16 6 car -1 -1 -10 506 166 540 191 -1 -1 -1 -1000 -1000 -1000 -10 0.965823
17 0 car -1 -1 -10 1096 151 1224 213 -1 -1 -1 -1000 -1000 -1000 -10 0.993145
17 1 car -1 -1 -10 495 167 530 197 -1 -1 -1 -1000 -1000 -1000 -10 0.997225
17 2 car -1 -1 -10 546 167 572 185 -1 -1 -1 -1000 -1000 -1000 -10 0.730024
17 6 car -1 -1 -10 511 166 545 191 -1 -1 -1 -1000 -1000 -1000 -10 0.88011
18 0 car -1 -1 -10 1096 154 1224 211 -1 -1 -1 -1000 -1000 -1000 -10 0.9943
18 1 car -1 -1 -10 498 167 533 196 -1 -1 -1 -1000 -1000 -1000 -10 0.995761
18 4 pedestrian -1 -1 -10 954 158 981 215 -1 -1 -1 -1000 -1000 -1000 -10 0.908305
18 6 car -1 -1 -10 513 167 547 190 -1 -1 -1 -1000 -1000 -1000 -10 0.876761
19 0 car -1 -1 -10 1104 154 1224 211 -1 -1 -1 -1000 -1000 -1000 -10 0.958722
19 1 car -1 -1 -10 502 166 538 196 -1 -1 -1 -1000 -1000 -1000 -10 0.972649
19 2 car -1 -1 -10 554 167 580 184 -1 -1 -1 -1000 -1000 -1000 -10 0.836871
19 6 car -1 -1 -10 517 166 550 191 -1 -1 -1 -1000 -1000 -1000 -10 0.979275
20 0 car -1 -1 -10 1112 162 1224 211 -1 -1 -1 -1000 -1000 -1000 -10 0.956901
20 1 car -1 -1 -10 504 164 544 195 -1 -1 -1 -1000 -1000 -1000 -10 0.994959
20 4 pedestrian -1 -1 -10 962 156 989 219 -1 -1 -1 -1000 -1000 -1000 -10 0.945316
20 6 car -1 -1 -10 518 163 555 190 -1 -1 -1 -1000 -1000 -1000 -10 0.917295
21 0 car -1 -1 -10 1122 159 1224 215 -1 -1 -1 -1000 -1000 -1000 -10 0.963765
21 1 car -1 -1 -10 506 164 545 194 -1 -1 -1 -1000 -1000 -1000 -10 0.998097
21 4 pedestrian -1 -1 -10 969 156 1001 220 -1 -1 -1 -1000 -1000 -1000 -10 0.87074
21 6 car -1 -1 -10 526 164 557 187 -1 -1 -1 -1000 -1000 -1000 -10 0.976617
22 0 car -1 -1 -10 1135 156 1224 217 -1 -1 -1 -1000 -1000 -1000 -10 0.963368
22 1 car -1 -1 -10 511 163 551 194 -1 -1 -1 -1000 -1000 -1000 -10 0.987714
22 7 car -1 -1 -10 525 162 563 189 -1 -1 -1 -1000 -1000 -1000 -10 0.969688
23 0 car -1 -1 -10 1153 155 1224 219 -1 -1 -1 -1000 -1000 -1000 -10 0.961182
23 1 car -1 -1 -10 514 163 555 194 -1 -1 -1 -1000 -1000 -1000 -10 0.997914
23 7 car -1 -1 -10 533 164 569 188 -1 -1 -1 -1000 -1000 -1000 -10 0.782973
24 0 car -1 -1 -10 1163 154 1224 221 -1 -1 -1 -1000 -1000 -1000 -10 0.996605
24 1 car -1 -1 -10 518 163 557 195 -1 -1 -1 -1000 -1000 -1000 -10 0.99795
24 7 car -1 -1 -10 534 163 570 190 -1 -1 -1 -1000 -1000 -1000 -10 0.947437
25 0 car -1 -1 -10 1173 156 1224 219 -1 -1 -1 -1000 -1000 -1000 -10 0.989848
25 1 car -1 -1 -10 522 164 560 197 -1 -1 -1 -1000 -1000 -1000 -10 0.995614
25 7 car -1 -1 -10 541 163 573 190 -1 -1 -1 -1000 -1000 -1000 -10 0.976706
25 8 pedestrian -1 -1 -10 987 155 1013 223 -1 -1 -1 -1000 -1000 -1000 -10 0.84422
26 0 car -1 -1 -10 1195 148 1224 216 -1 -1 -1 -1000 -1000 -1000 -10 0.412294
26 1 car -1 -1 -10 523 162 566 196 -1 -1 -1 -1000 -1000 -1000 -10 0.998826
26 4 pedestrian -1 -1 -10 993 154 1023 220 -1 -1 -1 -1000 -1000 -1000 -10 0.941484
26 7 car -1 -1 -10 544 163 578 189 -1 -1 -1 -1000 -1000 -1000 -10 0.721305
27 1 car -1 -1 -10 526 162 567 196 -1 -1 -1 -1000 -1000 -1000 -10 0.99852
27 4 pedestrian -1 -1 -10 996 156 1024 221 -1 -1 -1 -1000 -1000 -1000 -10 0.886414
27 7 car -1 -1 -10 545 163 580 190 -1 -1 -1 -1000 -1000 -1000 -10 0.980685
27 9 car -1 -1 -10 582 165 608 181 -1 -1 -1 -1000 -1000 -1000 -10 0.962568
28 1 car -1 -1 -10 526 162 569 197 -1 -1 -1 -1000 -1000 -1000 -10 0.996151
28 7 car -1 -1 -10 544 163 581 190 -1 -1 -1 -1000 -1000 -1000 -10 0.975925
28 9 car -1 -1 -10 582 165 609 181 -1 -1 -1 -1000 -1000 -1000 -10 0.957794
28 10 pedestrian -1 -1 -10 996 154 1026 221 -1 -1 -1 -1000 -1000 -1000 -10 0.727692
29 1 car -1 -1 -10 526 163 568 199 -1 -1 -1 -1000 -1000 -1000 -10 0.997388
29 4 pedestrian -1 -1 -10 1003 153 1031 223 -1 -1 -1 -1000 -1000 -1000 -10 0.919817
29 7 car -1 -1 -10 545 164 581 192 -1 -1 -1 -1000 -1000 -1000 -10 0.983193
29 9 car -1 -1 -10 579 167 609 183 -1 -1 -1 -1000 -1000 -1000 -10 0.878232
30 1 car -1 -1 -10 524 165 566 201 -1 -1 -1 -1000 -1000 -1000 -10 0.988446
30 7 car -1 -1 -10 540 165 577 194 -1 -1 -1 -1000 -1000 -1000 -10 0.771747
30 9 car -1 -1 -10 572 167 607 187 -1 -1 -1 -1000 -1000 -1000 -10 0.885072
30 11 pedestrian -1 -1 -10 999 155 1035 228 -1 -1 -1 -1000 -1000 -1000 -10 0.942313
31 1 car -1 -1 -10 519 167 565 204 -1 -1 -1 -1000 -1000 -1000 -10 0.995819
31 9 car -1 -1 -10 570 169 602 188 -1 -1 -1 -1000 -1000 -1000 -10 0.983478
31 11 pedestrian -1 -1 -10 992 155 1025 231 -1 -1 -1 -1000 -1000 -1000 -10 0.858375
32 1 car -1 -1 -10 511 167 557 205 -1 -1 -1 -1000 -1000 -1000 -10 0.996965
32 7 car -1 -1 -10 530 166 567 197 -1 -1 -1 -1000 -1000 -1000 -10 0.958606
32 9 car -1 -1 -10 560 168 597 188 -1 -1 -1 -1000 -1000 -1000 -10 0.949935
32 11 pedestrian -1 -1 -10 988 160 1014 224 -1 -1 -1 -1000 -1000 -1000 -10 0.735788
33 1 car -1 -1 -10 503 166 548 205 -1 -1 -1 -1000 -1000 -1000 -10 0.99186
33 7 car -1 -1 -10 522 166 560 196 -1 -1 -1 -1000 -1000 -1000 -10 0.97421
33 9 car -1 -1 -10 552 167 585 187 -1 -1 -1 -1000 -1000 -1000 -10 0.853892
33 12 pedestrian -1 -1 -10 978 156 1003 226 -1 -1 -1 -1000 -1000 -1000 -10 0.664994
34 1 car -1 -1 -10 492 162 540 204 -1 -1 -1 -1000 -1000 -1000 -10 0.953204
34 7 car -1 -1 -10 513 164 551 196 -1 -1 -1 -1000 -1000 -1000 -10 0.992766
34 9 car -1 -1 -10 547 168 577 184 -1 -1 -1 -1000 -1000 -1000 -10 0.671318
34 13 pedestrian -1 -1 -10 968 156 992 224 -1 -1 -1 -1000 -1000 -1000 -10 0.937286
35 1 car -1 -1 -10 479 164 531 206 -1 -1 -1 -1000 -1000 -1000 -10 0.991043
35 7 car -1 -1 -10 501 166 541 197 -1 -1 -1 -1000 -1000 -1000 -10 0.963854
35 14 car -1 -1 -10 530 167 565 186 -1 -1 -1 -1000 -1000 -1000 -10 0.85669
35 15 pedestrian -1 -1 -10 954 155 984 222 -1 -1 -1 -1000 -1000 -1000 -10 0.971949
36 1 car -1 -1 -10 466 164 516 210 -1 -1 -1 -1000 -1000 -1000 -10 0.998863
36 7 car -1 -1 -10 491 167 529 198 -1 -1 -1 -1000 -1000 -1000 -10 0.951724
36 14 car -1 -1 -10 519 168 553 187 -1 -1 -1 -1000 -1000 -1000 -10 0.838452
36 16 pedestrian -1 -1 -10 940 155 972 224 -1 -1 -1 -1000 -1000 -1000 -10 0.982073
37 1 car -1 -1 -10 450 164 502 212 -1 -1 -1 -1000 -1000 -1000 -10 0.999175
37 7 car -1 -1 -10 472 166 515 200 -1 -1 -1 -1000 -1000 -1000 -10 0.99199
37 14 car -1 -1 -10 500 169 535 187 -1 -1 -1 -1000 -1000 -1000 -10 0.567683
37 17 car -1 -1 -10 1178 155 1224 226 -1 -1 -1 -1000 -1000 -1000 -10 0.836978
37 18 pedestrian -1 -1 -10 926 155 953 223 -1 -1 -1 -1000 -1000 -1000 -10 0.926674
38 1 car -1 -1 -10 433 163 488 211 -1 -1 -1 -1000 -1000 -1000 -10 0.999459
38 7 car -1 -1 -10 458 167 501 199 -1 -1 -1 -1000 -1000 -1000 -10 0.922232
38 14 car -1 -1 -10 484 168 519 186 -1 -1 -1 -1000 -1000 -1000 -10 0.550744
38 17 car -1 -1 -10 1168 155 1224 227 -1 -1 -1 -1000 -1000 -1000 -10 0.988258
38 19 pedestrian -1 -1 -10 913 152 942 222 -1 -1 -1 -1000 -1000 -1000 -10 0.958387
39 1 car -1 -1 -10 415 161 471 212 -1 -1 -1 -1000 -1000 -1000 -10 0.999078
39 7 car -1 -1 -10 437 164 484 198 -1 -1 -1 -1000 -1000 -1000 -10 0.978241
39 14 car -1 -1 -10 461 164 503 183 -1 -1 -1 -1000 -1000 -1000 -10 0.699112
39 17 car -1 -1 -10 1156 151 1224 228 -1 -1 -1 -1000 -1000 -1000 -10 0.992232
39 20 pedestrian -1 -1 -10 894 153 920 220 -1 -1 -1 -1000 -1000 -1000 -10 0.960032
39 21 pedestrian -1 -1 -10 908 154 939 220 -1 -1 -1 -1000 -1000 -1000 -10 0.721921
40 1 car -1 -1 -10 394 159 453 213 -1 -1 -1 -1000 -1000 -1000 -10 0.999287
40 7 car -1 -1 -10 416 163 467 198 -1 -1 -1 -1000 -1000 -1000 -10 0.972365
40 17 car -1 -1 -10 1139 149 1224 231 -1 -1 -1 -1000 -1000 -1000 -10 0.990622
40 21 pedestrian -1 -1 -10 890 155 920 220 -1 -1 -1 -1000 -1000 -1000 -10 0.846852
40 22 car -1 -1 -10 437 162 484 183 -1 -1 -1 -1000 -1000 -1000 -10 0.905619
40 23 pedestrian -1 -1 -10 873 155 902 220 -1 -1 -1 -1000 -1000 -1000 -10 0.812843
41 1 car -1 -1 -10 371 161 435 216 -1 -1 -1 -1000 -1000 -1000 -10 0.999754
41 7 car -1 -1 -10 395 163 449 202 -1 -1 -1 -1000 -1000 -1000 -10 0.957761
41 17 car -1 -1 -10 1119 156 1224 230 -1 -1 -1 -1000 -1000 -1000 -10 0.987767
41 21 pedestrian -1 -1 -10 868 157 900 222 -1 -1 -1 -1000 -1000 -1000 -10 0.69704
41 22 car -1 -1 -10 418 162 466 184 -1 -1 -1 -1000 -1000 -1000 -10 0.835633
41 23 pedestrian -1 -1 -10 853 156 881 224 -1 -1 -1 -1000 -1000 -1000 -10 0.878141
42 1 car -1 -1 -10 347 162 413 221 -1 -1 -1 -1000 -1000 -1000 -10 0.999815
42 7 car -1 -1 -10 373 164 427 203 -1 -1 -1 -1000 -1000 -1000 -10 0.992336
42 17 car -1 -1 -10 1095 157 1224 232 -1 -1 -1 -1000 -1000 -1000 -10 0.996942
42 21 pedestrian -1 -1 -10 850 155 880 227 -1 -1 -1 -1000 -1000 -1000 -10 0.911731
42 22 car -1 -1 -10 401 166 442 187 -1 -1 -1 -1000 -1000 -1000 -10 0.968992
42 23 pedestrian -1 -1 -10 838 155 864 225 -1 -1 -1 -1000 -1000 -1000 -10 0.837919
43 1 car -1 -1 -10 316 167 387 225 -1 -1 -1 -1000 -1000 -1000 -10 0.998583
43 7 car -1 -1 -10 343 167 401 207 -1 -1 -1 -1000 -1000 -1000 -10 0.98432
43 17 car -1 -1 -10 1081 158 1224 232 -1 -1 -1 -1000 -1000 -1000 -10 0.999775
43 22 car -1 -1 -10 371 168 416 189 -1 -1 -1 -1000 -1000 -1000 -10 0.585464
43 24 pedestrian -1 -1 -10 812 157 839 227 -1 -1 -1 -1000 -1000 -1000 -10 0.913207
43 25 pedestrian -1 -1 -10 824 161 856 224 -1 -1 -1 -1000 -1000 -1000 -10 0.764506
44 1 car -1 -1 -10 282 166 359 229 -1 -1 -1 -1000 -1000 -1000 -10 0.999795
44 7 car -1 -1 -10 311 167 371 208 -1 -1 -1 -1000 -1000 -1000 -10 0.992354
44 17 car -1 -1 -10 1057 161 1224 234 -1 -1 -1 -1000 -1000 -1000 -10 0.99988
44 22 car -1 -1 -10 341 168 385 190 -1 -1 -1 -1000 -1000 -1000 -10 0.341334
44 26 pedestrian -1 -1 -10 788 156 813 231 -1 -1 -1 -1000 -1000 -1000 -10 0.774268
44 27 pedestrian -1 -1 -10 799 157 825 230 -1 -1 -1 -1000 -1000 -1000 -10 0.766321
45 1 car -1 -1 -10 241 166 330 235 -1 -1 -1 -1000 -1000 -1000 -10 0.995998
45 7 car -1 -1 -10 272 171 340 210 -1 -1 -1 -1000 -1000 -1000 -10 0.94224
45 17 car -1 -1 -10 1026 163 1216 235 -1 -1 -1 -1000 -1000 -1000 -10 0.999913
45 22 car -1 -1 -10 302 169 354 192 -1 -1 -1 -1000 -1000 -1000 -10 0.957048
45 28 pedestrian -1 -1 -10 753 162 786 229 -1 -1 -1 -1000 -1000 -1000 -10 0.952568
46 1 car -1 -1 -10 196 169 293 246 -1 -1 -1 -1000 -1000 -1000 -10 0.996679
46 7 car -1 -1 -10 227 172 303 213 -1 -1 -1 -1000 -1000 -1000 -10 0.980096
46 17 car -1 -1 -10 996 163 1178 235 -1 -1 -1 -1000 -1000 -1000 -10 0.999876
46 22 car -1 -1 -10 265 172 316 195 -1 -1 -1 -1000 -1000 -1000 -10 0.775596
46 28 pedestrian -1 -1 -10 723 161 753 231 -1 -1 -1 -1000 -1000 -1000 -10 0.855478
46 29 pedestrian -1 -1 -10 735 163 764 232 -1 -1 -1 -1000 -1000 -1000 -10 0.437393
47 1 car -1 -1 -10 142 171 250 252 -1 -1 -1 -1000 -1000 -1000 -10 0.999599
47 7 car -1 -1 -10 176 172 258 215 -1 -1 -1 -1000 -1000 -1000 -10 0.82845
47 17 car -1 -1 -10 961 166 1137 237 -1 -1 -1 -1000 -1000 -1000 -10 0.999878
47 22 car -1 -1 -10 228 175 277 196 -1 -1 -1 -1000 -1000 -1000 -10 0.591185
47 28 pedestrian -1 -1 -10 688 162 716 232 -1 -1 -1 -1000 -1000 -1000 -10 0.974474
48 1 car -1 -1 -10 79 174 204 258 -1 -1 -1 -1000 -1000 -1000 -10 0.997096
48 7 car -1 -1 -10 116 176 208 219 -1 -1 -1 -1000 -1000 -1000 -10 0.816621
48 17 car -1 -1 -10 926 167 1095 236 -1 -1 -1 -1000 -1000 -1000 -10 0.999872
48 28 pedestrian -1 -1 -10 653 163 682 236 -1 -1 -1 -1000 -1000 -1000 -10 0.978328
48 30 car -1 -1 -10 167 175 228 199 -1 -1 -1 -1000 -1000 -1000 -10 0.771837
49 1 car -1 -1 -10 0 170 156 271 -1 -1 -1 -1000 -1000 -1000 -10 0.999322
49 7 car -1 -1 -10 49 175 153 218 -1 -1 -1 -1000 -1000 -1000 -10 0.360023
49 17 car -1 -1 -10 888 166 1053 234 -1 -1 -1 -1000 -1000 -1000 -10 0.999946
49 28 pedestrian -1 -1 -10 611 160 639 235 -1 -1 -1 -1000 -1000 -1000 -10 0.876363
49 31 car -1 -1 -10 110 176 178 198 -1 -1 -1 -1000 -1000 -1000 -10 0.556848
49 32 pedestrian -1 -1 -10 622 161 652 235 -1 -1 -1 -1000 -1000 -1000 -10 0.769268
50 1 car -1 -1 -10 0 166 104 280 -1 -1 -1 -1000 -1000 -1000 -10 0.913309
50 7 car -1 -1 -10 0 174 87 222 -1 -1 -1 -1000 -1000 -1000 -10 0.590196
50 17 car -1 -1 -10 851 165 1012 231 -1 -1 -1 -1000 -1000 -1000 -10 0.99997
50 28 pedestrian -1 -1 -10 564 157 596 237 -1 -1 -1 -1000 -1000 -1000 -10 0.534976
50 33 car -1 -1 -10 43 175 121 198 -1 -1 -1 -1000 -1000 -1000 -10 0.493485
50 34 pedestrian -1 -1 -10 580 156 611 237 -1 -1 -1 -1000 -1000 -1000 -10 0.888744
51 17 car -1 -1 -10 815 162 972 230 -1 -1 -1 -1000 -1000 -1000 -10 0.999957
51 28 pedestrian -1 -1 -10 522 156 553 237 -1 -1 -1 -1000 -1000 -1000 -10 0.813083
51 35 car -1 -1 -10 0 167 33 301 -1 -1 -1 -1000 -1000 -1000 -10 0.454824
51 36 pedestrian -1 -1 -10 538 154 568 238 -1 -1 -1 -1000 -1000 -1000 -10 0.700949
52 17 car -1 -1 -10 778 160 932 228 -1 -1 -1 -1000 -1000 -1000 -10 0.999954
52 28 pedestrian -1 -1 -10 482 153 510 235 -1 -1 -1 -1000 -1000 -1000 -10 0.660896
52 37 pedestrian -1 -1 -10 495 151 527 242 -1 -1 -1 -1000 -1000 -1000 -10 0.50903
53 17 car -1 -1 -10 738 159 894 226 -1 -1 -1 -1000 -1000 -1000 -10 0.999891
53 28 pedestrian -1 -1 -10 447 149 482 238 -1 -1 -1 -1000 -1000 -1000 -10 0.809397
53 38 pedestrian -1 -1 -10 436 151 465 236 -1 -1 -1 -1000 -1000 -1000 -10 0.403443
54 17 car -1 -1 -10 702 159 857 227 -1 -1 -1 -1000 -1000 -1000 -10 0.999952
54 28 pedestrian -1 -1 -10 402 151 436 241 -1 -1 -1 -1000 -1000 -1000 -10 0.857614
54 39 pedestrian -1 -1 -10 385 154 414 238 -1 -1 -1 -1000 -1000 -1000 -10 0.864755
55 17 car -1 -1 -10 667 160 819 226 -1 -1 -1 -1000 -1000 -1000 -10 0.999969
55 40 car -1 -1 -10 1167 166 1224 195 -1 -1 -1 -1000 -1000 -1000 -10 0.963284
55 41 pedestrian -1 -1 -10 329 150 366 242 -1 -1 -1 -1000 -1000 -1000 -10 0.8619
56 17 car -1 -1 -10 630 161 781 229 -1 -1 -1 -1000 -1000 -1000 -10 0.999969
56 42 car -1 -1 -10 1107 169 1159 197 -1 -1 -1 -1000 -1000 -1000 -10 0.99839
56 43 pedestrian -1 -1 -10 268 156 310 246 -1 -1 -1 -1000 -1000 -1000 -10 0.972818
56 44 pedestrian -1 -1 -10 290 154 326 245 -1 -1 -1 -1000 -1000 -1000 -10 0.513835
57 17 car -1 -1 -10 588 163 744 233 -1 -1 -1 -1000 -1000 -1000 -10 0.999958
57 45 car -1 -1 -10 1051 172 1103 199 -1 -1 -1 -1000 -1000 -1000 -10 0.996208
57 46 pedestrian -1 -1 -10 225 154 269 249 -1 -1 -1 -1000 -1000 -1000 -10 0.892139
57 47 pedestrian -1 -1 -10 207 155 247 248 -1 -1 -1 -1000 -1000 -1000 -10 0.841669
58 17 car -1 -1 -10 550 164 705 235 -1 -1 -1 -1000 -1000 -1000 -10 0.999967
58 48 car -1 -1 -10 999 176 1051 202 -1 -1 -1 -1000 -1000 -1000 -10 0.979377
58 49 pedestrian -1 -1 -10 130 154 175 252 -1 -1 -1 -1000 -1000 -1000 -10 0.787231
58 50 pedestrian -1 -1 -10 159 154 208 254 -1 -1 -1 -1000 -1000 -1000 -10 0.501696
59 17 car -1 -1 -10 509 165 666 239 -1 -1 -1 -1000 -1000 -1000 -10 0.999904
59 51 car -1 -1 -10 946 177 992 205 -1 -1 -1 -1000 -1000 -1000 -10 0.995473
59 52 pedestrian -1 -1 -10 47 150 96 263 -1 -1 -1 -1000 -1000 -1000 -10 0.592775
60 17 car -1 -1 -10 462 162 628 243 -1 -1 -1 -1000 -1000 -1000 -10 0.999841
60 53 car -1 -1 -10 1166 181 1224 302 -1 -1 -1 -1000 -1000 -1000 -10 0.994264
60 54 car -1 -1 -10 897 178 941 206 -1 -1 -1 -1000 -1000 -1000 -10 0.990654
61 17 car -1 -1 -10 415 159 584 244 -1 -1 -1 -1000 -1000 -1000 -10 0.999952
61 53 car -1 -1 -10 1117 186 1224 297 -1 -1 -1 -1000 -1000 -1000 -10 0.998749
61 55 car -1 -1 -10 850 175 895 202 -1 -1 -1 -1000 -1000 -1000 -10 0.998037
62 17 car -1 -1 -10 357 159 544 246 -1 -1 -1 -1000 -1000 -1000 -10 0.999959
62 53 car -1 -1 -10 1078 188 1224 292 -1 -1 -1 -1000 -1000 -1000 -10 0.997122
62 56 car -1 -1 -10 802 174 847 201 -1 -1 -1 -1000 -1000 -1000 -10 0.998973
62 57 car -1 -1 -10 1072 183 1177 258 -1 -1 -1 -1000 -1000 -1000 -10 0.584106
63 17 car -1 -1 -10 298 158 499 249 -1 -1 -1 -1000 -1000 -1000 -10 0.999963
63 53 car -1 -1 -10 1037 190 1194 294 -1 -1 -1 -1000 -1000 -1000 -10 0.996529
63 57 car -1 -1 -10 1029 187 1146 257 -1 -1 -1 -1000 -1000 -1000 -10 0.978042
63 58 car -1 -1 -10 759 175 801 202 -1 -1 -1 -1000 -1000 -1000 -10 0.999648
64 17 car -1 -1 -10 232 157 452 257 -1 -1 -1 -1000 -1000 -1000 -10 0.999772
64 53 car -1 -1 -10 998 192 1153 293 -1 -1 -1 -1000 -1000 -1000 -10 0.998324
64 57 car -1 -1 -10 987 187 1095 257 -1 -1 -1 -1000 -1000 -1000 -10 0.996359
64 59 car -1 -1 -10 715 176 758 202 -1 -1 -1 -1000 -1000 -1000 -10 0.998819
64 60 car -1 -1 -10 955 181 1003 224 -1 -1 -1 -1000 -1000 -1000 -10 0.939669
65 17 car -1 -1 -10 157 157 403 259 -1 -1 -1 -1000 -1000 -1000 -10 0.999814
65 53 car -1 -1 -10 958 195 1118 293 -1 -1 -1 -1000 -1000 -1000 -10 0.998913
65 57 car -1 -1 -10 946 187 1055 254 -1 -1 -1 -1000 -1000 -1000 -10 0.998785
65 61 car -1 -1 -10 670 175 715 202 -1 -1 -1 -1000 -1000 -1000 -10 0.997139
65 62 car -1 -1 -10 913 181 959 223 -1 -1 -1 -1000 -1000 -1000 -10 0.99003
66 17 car -1 -1 -10 86 152 345 276 -1 -1 -1 -1000 -1000 -1000 -10 0.999885
66 53 car -1 -1 -10 923 190 1093 295 -1 -1 -1 -1000 -1000 -1000 -10 0.99982
66 57 car -1 -1 -10 910 187 1023 250 -1 -1 -1 -1000 -1000 -1000 -10 0.998842
66 62 car -1 -1 -10 874 179 920 220 -1 -1 -1 -1000 -1000 -1000 -10 0.989995
66 63 car -1 -1 -10 629 173 674 202 -1 -1 -1 -1000 -1000 -1000 -10 0.998969
67 17 car -1 -1 -10 5 155 292 285 -1 -1 -1 -1000 -1000 -1000 -10 0.999976
67 53 car -1 -1 -10 894 191 1066 291 -1 -1 -1 -1000 -1000 -1000 -10 0.999831
67 57 car -1 -1 -10 881 184 989 250 -1 -1 -1 -1000 -1000 -1000 -10 0.99973
67 62 car -1 -1 -10 842 176 886 217 -1 -1 -1 -1000 -1000 -1000 -10 0.994999
67 64 car -1 -1 -10 591 172 638 200 -1 -1 -1 -1000 -1000 -1000 -10 0.999774
68 17 car -1 -1 -10 0 151 240 296 -1 -1 -1 -1000 -1000 -1000 -10 0.999744
68 53 car -1 -1 -10 872 187 1047 291 -1 -1 -1 -1000 -1000 -1000 -10 0.999908
68 57 car -1 -1 -10 853 180 964 249 -1 -1 -1 -1000 -1000 -1000 -10 0.999933
68 62 car -1 -1 -10 812 175 858 216 -1 -1 -1 -1000 -1000 -1000 -10 0.978051
68 65 car -1 -1 -10 555 168 604 199 -1 -1 -1 -1000 -1000 -1000 -10 0.999329
69 17 car -1 -1 -10 0 136 188 308 -1 -1 -1 -1000 -1000 -1000 -10 0.9987
69 53 car -1 -1 -10 851 185 1041 297 -1 -1 -1 -1000 -1000 -1000 -10 0.999959
69 57 car -1 -1 -10 831 179 945 249 -1 -1 -1 -1000 -1000 -1000 -10 0.999958
69 62 car -1 -1 -10 788 173 832 213 -1 -1 -1 -1000 -1000 -1000 -10 0.995786
69 66 car -1 -1 -10 522 166 571 198 -1 -1 -1 -1000 -1000 -1000 -10 0.99979
70 17 car -1 -1 -10 0 140 142 305 -1 -1 -1 -1000 -1000 -1000 -10 0.999044
70 53 car -1 -1 -10 843 186 1032 300 -1 -1 -1 -1000 -1000 -1000 -10 0.999898
70 57 car -1 -1 -10 813 178 929 250 -1 -1 -1 -1000 -1000 -1000 -10 0.999965
70 62 car -1 -1 -10 768 172 813 212 -1 -1 -1 -1000 -1000 -1000 -10 0.994751
70 66 car -1 -1 -10 492 165 544 197 -1 -1 -1 -1000 -1000 -1000 -10 0.999274
71 17 car -1 -1 -10 0 141 84 296 -1 -1 -1 -1000 -1000 -1000 -10 0.988401
71 53 car -1 -1 -10 831 181 1032 308 -1 -1 -1 -1000 -1000 -1000 -10 0.999392
71 57 car -1 -1 -10 799 175 914 252 -1 -1 -1 -1000 -1000 -1000 -10 0.99998
71 62 car -1 -1 -10 755 172 800 212 -1 -1 -1 -1000 -1000 -1000 -10 0.989295
71 66 car -1 -1 -10 467 165 520 200 -1 -1 -1 -1000 -1000 -1000 -10 0.999626
72 53 car -1 -1 -10 827 183 1036 322 -1 -1 -1 -1000 -1000 -1000 -10 0.999926
72 57 car -1 -1 -10 788 176 911 257 -1 -1 -1 -1000 -1000 -1000 -10 0.999954
72 62 car -1 -1 -10 736 172 788 214 -1 -1 -1 -1000 -1000 -1000 -10 0.994828
72 66 car -1 -1 -10 441 168 500 205 -1 -1 -1 -1000 -1000 -1000 -10 0.999798
73 53 car -1 -1 -10 822 184 1049 338 -1 -1 -1 -1000 -1000 -1000 -10 0.999939
73 57 car -1 -1 -10 781 179 907 262 -1 -1 -1 -1000 -1000 -1000 -10 0.99998
73 62 car -1 -1 -10 726 174 776 219 -1 -1 -1 -1000 -1000 -1000 -10 0.998802
73 66 car -1 -1 -10 416 172 476 209 -1 -1 -1 -1000 -1000 -1000 -10 0.999915
73 67 car -1 -1 -10 720 177 755 210 -1 -1 -1 -1000 -1000 -1000 -10 0.649092
74 53 car -1 -1 -10 822 186 1075 349 -1 -1 -1 -1000 -1000 -1000 -10 0.999657
74 57 car -1 -1 -10 775 181 914 266 -1 -1 -1 -1000 -1000 -1000 -10 0.999858
74 62 car -1 -1 -10 719 176 767 220 -1 -1 -1 -1000 -1000 -1000 -10 0.996178
74 66 car -1 -1 -10 392 172 457 211 -1 -1 -1 -1000 -1000 -1000 -10 0.999957
75 53 car -1 -1 -10 819 191 1115 358 -1 -1 -1 -1000 -1000 -1000 -10 0.999831
75 57 car -1 -1 -10 769 179 930 270 -1 -1 -1 -1000 -1000 -1000 -10 0.999717
75 62 car -1 -1 -10 714 175 764 220 -1 -1 -1 -1000 -1000 -1000 -10 0.997214
75 66 car -1 -1 -10 369 170 440 211 -1 -1 -1 -1000 -1000 -1000 -10 0.999978
75 67 car -1 -1 -10 703 177 736 209 -1 -1 -1 -1000 -1000 -1000 -10 0.624782
76 53 car -1 -1 -10 815 192 1176 366 -1 -1 -1 -1000 -1000 -1000 -10 0.999846
76 57 car -1 -1 -10 773 177 932 278 -1 -1 -1 -1000 -1000 -1000 -10 0.999927
76 62 car -1 -1 -10 705 176 757 220 -1 -1 -1 -1000 -1000 -1000 -10 0.994381
76 66 car -1 -1 -10 344 170 421 214 -1 -1 -1 -1000 -1000 -1000 -10 0.999964
76 67 car -1 -1 -10 694 178 727 208 -1 -1 -1 -1000 -1000 -1000 -10 0.670762
77 53 car -1 -1 -10 824 191 1224 367 -1 -1 -1 -1000 -1000 -1000 -10 0.99993
77 57 car -1 -1 -10 771 177 937 283 -1 -1 -1 -1000 -1000 -1000 -10 0.999983
77 62 car -1 -1 -10 701 177 755 223 -1 -1 -1 -1000 -1000 -1000 -10 0.999618
77 66 car -1 -1 -10 320 169 401 217 -1 -1 -1 -1000 -1000 -1000 -10 0.999644
77 67 car -1 -1 -10 691 180 730 212 -1 -1 -1 -1000 -1000 -1000 -10 0.681121
77 68 car -1 -1 -10 527 177 555 194 -1 -1 -1 -1000 -1000 -1000 -10 0.334019
78 53 car -1 -1 -10 839 190 1224 370 -1 -1 -1 -1000 -1000 -1000 -10 0.999959
78 57 car -1 -1 -10 769 178 957 290 -1 -1 -1 -1000 -1000 -1000 -10 0.999927
78 62 car -1 -1 -10 698 177 755 225 -1 -1 -1 -1000 -1000 -1000 -10 0.99894
78 66 car -1 -1 -10 292 172 382 222 -1 -1 -1 -1000 -1000 -1000 -10 0.999902
78 67 car -1 -1 -10 682 178 717 209 -1 -1 -1 -1000 -1000 -1000 -10 0.553583
78 68 car -1 -1 -10 515 178 545 196 -1 -1 -1 -1000 -1000 -1000 -10 0.820138
79 53 car -1 -1 -10 854 190 1224 370 -1 -1 -1 -1000 -1000 -1000 -10 0.999909
79 57 car -1 -1 -10 778 179 971 294 -1 -1 -1 -1000 -1000 -1000 -10 0.999923
79 62 car -1 -1 -10 697 177 755 226 -1 -1 -1 -1000 -1000 -1000 -10 0.997257
79 66 car -1 -1 -10 266 172 363 222 -1 -1 -1 -1000 -1000 -1000 -10 0.999758
79 67 car -1 -1 -10 680 181 719 212 -1 -1 -1 -1000 -1000 -1000 -10 0.82986
79 68 car -1 -1 -10 504 177 537 196 -1 -1 -1 -1000 -1000 -1000 -10 0.980444
80 53 car -1 -1 -10 867 193 1224 370 -1 -1 -1 -1000 -1000 -1000 -10 0.999564
80 57 car -1 -1 -10 780 181 992 300 -1 -1 -1 -1000 -1000 -1000 -10 0.999241
80 62 car -1 -1 -10 696 175 757 226 -1 -1 -1 -1000 -1000 -1000 -10 0.997851
80 66 car -1 -1 -10 240 171 346 224 -1 -1 -1 -1000 -1000 -1000 -10 0.999926
80 67 car -1 -1 -10 676 176 714 210 -1 -1 -1 -1000 -1000 -1000 -10 0.842799
80 68 car -1 -1 -10 496 177 530 196 -1 -1 -1 -1000 -1000 -1000 -10 0.982848
81 53 car -1 -1 -10 901 194 1224 370 -1 -1 -1 -1000 -1000 -1000 -10 0.999924
81 57 car -1 -1 -10 776 173 1020 327 -1 -1 -1 -1000 -1000 -1000 -10 0.999187
81 62 car -1 -1 -10 696 174 757 226 -1 -1 -1 -1000 -1000 -1000 -10 0.99697
81 66 car -1 -1 -10 209 171 324 227 -1 -1 -1 -1000 -1000 -1000 -10 0.999987
81 67 car -1 -1 -10 675 176 715 211 -1 -1 -1 -1000 -1000 -1000 -10 0.754176
81 68 car -1 -1 -10 487 175 521 195 -1 -1 -1 -1000 -1000 -1000 -10 0.977944
82 53 car -1 -1 -10 943 199 1224 368 -1 -1 -1 -1000 -1000 -1000 -10 0.999396
82 57 car -1 -1 -10 781 181 1065 335 -1 -1 -1 -1000 -1000 -1000 -10 0.999969
82 62 car -1 -1 -10 695 174 759 228 -1 -1 -1 -1000 -1000 -1000 -10 0.998444
82 66 car -1 -1 -10 179 169 298 233 -1 -1 -1 -1000 -1000 -1000 -10 0.999995
82 67 car -1 -1 -10 671 176 709 210 -1 -1 -1 -1000 -1000 -1000 -10 0.904454
82 68 car -1 -1 -10 478 175 514 196 -1 -1 -1 -1000 -1000 -1000 -10 0.994277
83 53 car -1 -1 -10 990 198 1224 368 -1 -1 -1 -1000 -1000 -1000 -10 0.989406
83 57 car -1 -1 -10 794 188 1112 343 -1 -1 -1 -1000 -1000 -1000 -10 0.999949
83 62 car -1 -1 -10 697 174 761 229 -1 -1 -1 -1000 -1000 -1000 -10 0.99797
83 66 car -1 -1 -10 139 171 273 234 -1 -1 -1 -1000 -1000 -1000 -10 0.999992
83 67 car -1 -1 -10 669 176 708 211 -1 -1 -1 -1000 -1000 -1000 -10 0.91341
83 68 car -1 -1 -10 471 176 507 196 -1 -1 -1 -1000 -1000 -1000 -10 0.983892
83 69 car -1 -1 -10 683 177 738 221 -1 -1 -1 -1000 -1000 -1000 -10 0.947217
84 53 car -1 -1 -10 1083 201 1224 362 -1 -1 -1 -1000 -1000 -1000 -10 0.8208
84 57 car -1 -1 -10 790 184 1191 363 -1 -1 -1 -1000 -1000 -1000 -10 0.999949
84 62 car -1 -1 -10 699 174 763 231 -1 -1 -1 -1000 -1000 -1000 -10 0.997428
84 66 car -1 -1 -10 98 172 249 241 -1 -1 -1 -1000 -1000 -1000 -10 0.999941
84 67 car -1 -1 -10 668 175 708 211 -1 -1 -1 -1000 -1000 -1000 -10 0.903308
84 68 car -1 -1 -10 461 175 500 198 -1 -1 -1 -1000 -1000 -1000 -10 0.997583
84 69 car -1 -1 -10 683 176 739 221 -1 -1 -1 -1000 -1000 -1000 -10 0.952654
85 57 car -1 -1 -10 806 179 1224 367 -1 -1 -1 -1000 -1000 -1000 -10 0.999953
85 62 car -1 -1 -10 703 173 772 233 -1 -1 -1 -1000 -1000 -1000 -10 0.998425
85 66 car -1 -1 -10 49 169 220 248 -1 -1 -1 -1000 -1000 -1000 -10 0.999881
85 67 car -1 -1 -10 667 174 707 211 -1 -1 -1 -1000 -1000 -1000 -10 0.947628
85 68 car -1 -1 -10 453 176 493 198 -1 -1 -1 -1000 -1000 -1000 -10 0.998978
85 69 car -1 -1 -10 685 174 747 224 -1 -1 -1 -1000 -1000 -1000 -10 0.971999
85 70 car -1 -1 -10 653 175 678 197 -1 -1 -1 -1000 -1000 -1000 -10 0.863599
86 57 car -1 -1 -10 832 179 1224 370 -1 -1 -1 -1000 -1000 -1000 -10 0.999963
86 62 car -1 -1 -10 704 173 777 234 -1 -1 -1 -1000 -1000 -1000 -10 0.995361
86 66 car -1 -1 -10 0 170 190 257 -1 -1 -1 -1000 -1000 -1000 -10 0.999968
86 67 car -1 -1 -10 665 175 707 210 -1 -1 -1 -1000 -1000 -1000 -10 0.948339
86 68 car -1 -1 -10 443 176 488 200 -1 -1 -1 -1000 -1000 -1000 -10 0.997951
86 69 car -1 -1 -10 686 175 750 225 -1 -1 -1 -1000 -1000 -1000 -10 0.981976
87 57 car -1 -1 -10 866 169 1224 370 -1 -1 -1 -1000 -1000 -1000 -10 0.999794
87 62 car -1 -1 -10 707 172 793 243 -1 -1 -1 -1000 -1000 -1000 -10 0.999593
87 66 car -1 -1 -10 0 173 160 266 -1 -1 -1 -1000 -1000 -1000 -10 0.999942
87 67 car -1 -1 -10 670 177 725 218 -1 -1 -1 -1000 -1000 -1000 -10 0.93831
87 68 car -1 -1 -10 436 176 482 203 -1 -1 -1 -1000 -1000 -1000 -10 0.999463
87 69 car -1 -1 -10 687 176 755 227 -1 -1 -1 -1000 -1000 -1000 -10 0.989137
87 70 car -1 -1 -10 652 176 676 198 -1 -1 -1 -1000 -1000 -1000 -10 0.966917
88 57 car -1 -1 -10 889 176 1224 370 -1 -1 -1 -1000 -1000 -1000 -10 0.999923
88 62 car -1 -1 -10 712 174 805 246 -1 -1 -1 -1000 -1000 -1000 -10 0.9994
88 66 car -1 -1 -10 0 172 119 274 -1 -1 -1 -1000 -1000 -1000 -10 0.998636
88 67 car -1 -1 -10 671 177 727 219 -1 -1 -1 -1000 -1000 -1000 -10 0.961568
88 68 car -1 -1 -10 429 178 474 204 -1 -1 -1 -1000 -1000 -1000 -10 0.999717
88 69 car -1 -1 -10 692 174 762 232 -1 -1 -1 -1000 -1000 -1000 -10 0.994064
89 57 car -1 -1 -10 943 179 1224 368 -1 -1 -1 -1000 -1000 -1000 -10 0.999726
89 62 car -1 -1 -10 717 174 813 249 -1 -1 -1 -1000 -1000 -1000 -10 0.999925
89 66 car -1 -1 -10 0 170 55 275 -1 -1 -1 -1000 -1000 -1000 -10 0.572698
89 67 car -1 -1 -10 665 175 708 211 -1 -1 -1 -1000 -1000 -1000 -10 0.971692
89 68 car -1 -1 -10 419 177 467 206 -1 -1 -1 -1000 -1000 -1000 -10 0.999843
89 69 car -1 -1 -10 693 174 768 233 -1 -1 -1 -1000 -1000 -1000 -10 0.997595
89 70 car -1 -1 -10 653 175 679 199 -1 -1 -1 -1000 -1000 -1000 -10 0.980099
89 71 car -1 -1 -10 674 177 730 220 -1 -1 -1 -1000 -1000 -1000 -10 0.954934
90 57 car -1 -1 -10 994 183 1224 365 -1 -1 -1 -1000 -1000 -1000 -10 0.999738
90 62 car -1 -1 -10 721 174 822 254 -1 -1 -1 -1000 -1000 -1000 -10 0.999467
90 67 car -1 -1 -10 668 176 712 212 -1 -1 -1 -1000 -1000 -1000 -10 0.920382
90 68 car -1 -1 -10 409 178 461 207 -1 -1 -1 -1000 -1000 -1000 -10 0.999715
90 69 car -1 -1 -10 695 173 779 235 -1 -1 -1 -1000 -1000 -1000 -10 0.990298
90 70 car -1 -1 -10 654 175 682 201 -1 -1 -1 -1000 -1000 -1000 -10 0.983614
90 71 car -1 -1 -10 676 177 735 221 -1 -1 -1 -1000 -1000 -1000 -10 0.989906
91 57 car -1 -1 -10 1090 185 1224 370 -1 -1 -1 -1000 -1000 -1000 -10 0.999732
91 62 car -1 -1 -10 727 174 839 260 -1 -1 -1 -1000 -1000 -1000 -10 0.999871
91 67 car -1 -1 -10 667 178 716 214 -1 -1 -1 -1000 -1000 -1000 -10 0.825109
91 68 car -1 -1 -10 399 178 452 209 -1 -1 -1 -1000 -1000 -1000 -10 0.999322
91 69 car -1 -1 -10 697 173 782 235 -1 -1 -1 -1000 -1000 -1000 -10 0.996526
91 70 car -1 -1 -10 654 176 683 201 -1 -1 -1 -1000 -1000 -1000 -10 0.98649
91 71 car -1 -1 -10 678 176 739 223 -1 -1 -1 -1000 -1000 -1000 -10 0.999299
92 62 car -1 -1 -10 737 176 851 267 -1 -1 -1 -1000 -1000 -1000 -10 0.999433
92 67 car -1 -1 -10 671 178 718 215 -1 -1 -1 -1000 -1000 -1000 -10 0.680227
92 68 car -1 -1 -10 387 180 444 211 -1 -1 -1 -1000 -1000 -1000 -10 0.994928
92 69 car -1 -1 -10 702 172 796 243 -1 -1 -1 -1000 -1000 -1000 -10 0.999814
92 70 car -1 -1 -10 654 176 684 202 -1 -1 -1 -1000 -1000 -1000 -10 0.990792
92 71 car -1 -1 -10 680 176 742 224 -1 -1 -1 -1000 -1000 -1000 -10 0.999852
93 62 car -1 -1 -10 745 176 877 279 -1 -1 -1 -1000 -1000 -1000 -10 0.998145
93 67 car -1 -1 -10 669 176 722 217 -1 -1 -1 -1000 -1000 -1000 -10 0.983574
93 68 car -1 -1 -10 373 180 434 213 -1 -1 -1 -1000 -1000 -1000 -10 0.999895
93 69 car -1 -1 -10 704 170 810 247 -1 -1 -1 -1000 -1000 -1000 -10 0.999858
93 70 car -1 -1 -10 655 176 686 202 -1 -1 -1 -1000 -1000 -1000 -10 0.993237
93 71 car -1 -1 -10 683 176 749 227 -1 -1 -1 -1000 -1000 -1000 -10 0.999705
94 62 car -1 -1 -10 755 172 902 285 -1 -1 -1 -1000 -1000 -1000 -10 0.999703
94 67 car -1 -1 -10 671 175 729 217 -1 -1 -1 -1000 -1000 -1000 -10 0.997057
94 68 car -1 -1 -10 359 180 425 213 -1 -1 -1 -1000 -1000 -1000 -10 0.999896
94 69 car -1 -1 -10 711 170 819 249 -1 -1 -1 -1000 -1000 -1000 -10 0.999982
94 70 car -1 -1 -10 655 175 688 203 -1 -1 -1 -1000 -1000 -1000 -10 0.988951
94 71 car -1 -1 -10 685 177 754 226 -1 -1 -1 -1000 -1000 -1000 -10 0.999894
95 62 car -1 -1 -10 766 174 933 296 -1 -1 -1 -1000 -1000 -1000 -10 0.999928
95 67 car -1 -1 -10 673 176 732 219 -1 -1 -1 -1000 -1000 -1000 -10 0.996336
95 68 car -1 -1 -10 345 179 414 215 -1 -1 -1 -1000 -1000 -1000 -10 0.999937
95 69 car -1 -1 -10 720 170 827 255 -1 -1 -1 -1000 -1000 -1000 -10 0.999983
95 70 car -1 -1 -10 655 174 689 204 -1 -1 -1 -1000 -1000 -1000 -10 0.950936
95 71 car -1 -1 -10 688 175 764 229 -1 -1 -1 -1000 -1000 -1000 -10 0.999566
96 62 car -1 -1 -10 775 173 973 314 -1 -1 -1 -1000 -1000 -1000 -10 0.999604
96 67 car -1 -1 -10 674 176 738 221 -1 -1 -1 -1000 -1000 -1000 -10 0.999514
96 68 car -1 -1 -10 325 180 401 218 -1 -1 -1 -1000 -1000 -1000 -10 0.999949
96 69 car -1 -1 -10 722 170 848 260 -1 -1 -1 -1000 -1000 -1000 -10 0.999981
96 70 car -1 -1 -10 657 175 693 207 -1 -1 -1 -1000 -1000 -1000 -10 0.988233
96 71 car -1 -1 -10 691 178 771 230 -1 -1 -1 -1000 -1000 -1000 -10 0.998902
97 62 car -1 -1 -10 795 172 1020 340 -1 -1 -1 -1000 -1000 -1000 -10 0.999945
97 67 car -1 -1 -10 677 176 743 223 -1 -1 -1 -1000 -1000 -1000 -10 0.999653
97 68 car -1 -1 -10 308 181 388 220 -1 -1 -1 -1000 -1000 -1000 -10 0.999991
97 69 car -1 -1 -10 731 170 859 272 -1 -1 -1 -1000 -1000 -1000 -10 0.999933
97 70 car -1 -1 -10 658 174 694 209 -1 -1 -1 -1000 -1000 -1000 -10 0.997377
97 71 car -1 -1 -10 696 176 777 239 -1 -1 -1 -1000 -1000 -1000 -10 0.999263
98 62 car -1 -1 -10 809 179 1089 354 -1 -1 -1 -1000 -1000 -1000 -10 0.99963
98 67 car -1 -1 -10 681 176 745 225 -1 -1 -1 -1000 -1000 -1000 -10 0.999514
98 68 car -1 -1 -10 286 181 374 223 -1 -1 -1 -1000 -1000 -1000 -10 0.999958
98 69 car -1 -1 -10 740 175 885 273 -1 -1 -1 -1000 -1000 -1000 -10 0.999843
98 70 car -1 -1 -10 659 174 695 210 -1 -1 -1 -1000 -1000 -1000 -10 0.997899
98 71 car -1 -1 -10 699 179 783 239 -1 -1 -1 -1000 -1000 -1000 -10 0.99936
99 62 car -1 -1 -10 821 174 1180 370 -1 -1 -1 -1000 -1000 -1000 -10 0.999746
99 67 car -1 -1 -10 684 174 752 229 -1 -1 -1 -1000 -1000 -1000 -10 0.999815
99 68 car -1 -1 -10 263 181 358 224 -1 -1 -1 -1000 -1000 -1000 -10 0.999854
99 69 car -1 -1 -10 748 171 916 289 -1 -1 -1 -1000 -1000 -1000 -10 0.999986
99 70 car -1 -1 -10 659 173 697 210 -1 -1 -1 -1000 -1000 -1000 -10 0.998123
99 71 car -1 -1 -10 704 177 796 246 -1 -1 -1 -1000 -1000 -1000 -10 0.99997
100 62 car -1 -1 -10 855 172 1224 370 -1 -1 -1 -1000 -1000 -1000 -10 0.999914
100 67 car -1 -1 -10 686 174 759 231 -1 -1 -1 -1000 -1000 -1000 -10 0.998893
100 68 car -1 -1 -10 235 180 339 227 -1 -1 -1 -1000 -1000 -1000 -10 0.999642
100 69 car -1 -1 -10 757 173 956 298 -1 -1 -1 -1000 -1000 -1000 -10 0.999748
100 70 car -1 -1 -10 660 174 701 210 -1 -1 -1 -1000 -1000 -1000 -10 0.996141
100 71 car -1 -1 -10 706 177 812 247 -1 -1 -1 -1000 -1000 -1000 -10 0.999956
101 62 car -1 -1 -10 890 174 1224 370 -1 -1 -1 -1000 -1000 -1000 -10 0.999941
101 67 car -1 -1 -10 689 174 765 232 -1 -1 -1 -1000 -1000 -1000 -10 0.999894
101 68 car -1 -1 -10 207 182 320 230 -1 -1 -1 -1000 -1000 -1000 -10 0.99933
101 69 car -1 -1 -10 776 169 988 318 -1 -1 -1 -1000 -1000 -1000 -10 0.999835
101 70 car -1 -1 -10 661 173 703 210 -1 -1 -1 -1000 -1000 -1000 -10 0.993647
101 71 car -1 -1 -10 715 175 822 253 -1 -1 -1 -1000 -1000 -1000 -10 0.999988
102 62 car -1 -1 -10 958 186 1224 364 -1 -1 -1 -1000 -1000 -1000 -10 0.999889
102 67 car -1 -1 -10 693 173 771 234 -1 -1 -1 -1000 -1000 -1000 -10 0.999619
102 68 car -1 -1 -10 171 180 296 235 -1 -1 -1 -1000 -1000 -1000 -10 0.999944
102 69 car -1 -1 -10 786 168 1043 340 -1 -1 -1 -1000 -1000 -1000 -10 0.999884
102 70 car -1 -1 -10 663 171 706 210 -1 -1 -1 -1000 -1000 -1000 -10 0.989083
102 71 car -1 -1 -10 720 176 840 259 -1 -1 -1 -1000 -1000 -1000 -10 0.999984
102 72 car -1 -1 -10 677 178 739 218 -1 -1 -1 -1000 -1000 -1000 -10 0.786203
103 62 car -1 -1 -10 1049 176 1224 370 -1 -1 -1 -1000 -1000 -1000 -10 0.999958
103 67 car -1 -1 -10 695 174 786 241 -1 -1 -1 -1000 -1000 -1000 -10 0.999573
103 68 car -1 -1 -10 127 179 269 242 -1 -1 -1 -1000 -1000 -1000 -10 0.999883
103 69 car -1 -1 -10 803 179 1114 353 -1 -1 -1 -1000 -1000 -1000 -10 0.999882
103 70 car -1 -1 -10 663 173 710 211 -1 -1 -1 -1000 -1000 -1000 -10 0.99315
103 71 car -1 -1 -10 730 175 855 267 -1 -1 -1 -1000 -1000 -1000 -10 0.999945
103 72 car -1 -1 -10 682 176 742 221 -1 -1 -1 -1000 -1000 -1000 -10 0.941062
104 62 car -1 -1 -10 1139 187 1224 365 -1 -1 -1 -1000 -1000 -1000 -10 0.809965
104 67 car -1 -1 -10 700 176 797 246 -1 -1 -1 -1000 -1000 -1000 -10 0.999947
104 68 car -1 -1 -10 81 181 243 250 -1 -1 -1 -1000 -1000 -1000 -10 0.998278
104 69 car -1 -1 -10 822 174 1224 370 -1 -1 -1 -1000 -1000 -1000 -10 0.999966
104 70 car -1 -1 -10 663 173 711 214 -1 -1 -1 -1000 -1000 -1000 -10 0.977381
104 71 car -1 -1 -10 737 181 874 275 -1 -1 -1 -1000 -1000 -1000 -10 0.999661
104 72 car -1 -1 -10 684 177 748 225 -1 -1 -1 -1000 -1000 -1000 -10 0.998476
104 73 car -1 -1 -10 553 169 579 193 -1 -1 -1 -1000 -1000 -1000 -10 0.942831
105 67 car -1 -1 -10 704 178 811 251 -1 -1 -1 -1000 -1000 -1000 -10 0.999921
105 68 car -1 -1 -10 17 182 212 264 -1 -1 -1 -1000 -1000 -1000 -10 0.999405
105 69 car -1 -1 -10 851 170 1224 370 -1 -1 -1 -1000 -1000 -1000 -10 0.999975
105 70 car -1 -1 -10 663 175 715 218 -1 -1 -1 -1000 -1000 -1000 -10 0.996346
105 71 car -1 -1 -10 752 180 899 288 -1 -1 -1 -1000 -1000 -1000 -10 0.999934
105 72 car -1 -1 -10 687 179 757 229 -1 -1 -1 -1000 -1000 -1000 -10 0.994957
105 73 car -1 -1 -10 550 169 576 197 -1 -1 -1 -1000 -1000 -1000 -10 0.896354
