0 0 car -1 -1 -10 433 171 578 220 -1 -1 -1 -1000 -1000 -1000 -10 0.999978
0 1 car -1 -1 -10 70 181 273 246 -1 -1 -1 -1000 -1000 -1000 -10 0.999968
0 2 car -1 -1 -10 925 150 1058 205 -1 -1 -1 -1000 -1000 -1000 -10 0.999745
0 3 car -1 -1 -10 801 162 960 250 -1 -1 -1 -1000 -1000 -1000 -10 0.999727
0 4 car -1 -1 -10 1136 159 1242 225 -1 -1 -1 -1000 -1000 -1000 -10 0.997389
1 0 car -1 -1 -10 402 169 553 223 -1 -1 -1 -1000 -1000 -1000 -10 0.999949
1 1 car -1 -1 -10 0 182 225 253 -1 -1 -1 -1000 -1000 -1000 -10 0.999983
1 2 car -1 -1 -10 923 148 1057 204 -1 -1 -1 -1000 -1000 -1000 -10 0.998254
1 3 car -1 -1 -10 828 161 988 250 -1 -1 -1 -1000 -1000 -1000 -10 0.999846
1 4 car -1 -1 -10 1178 159 1242 223 -1 -1 -1 -1000 -1000 -1000 -10 0.998484
2 0 car -1 -1 -10 367 168 527 224 -1 -1 -1 -1000 -1000 -1000 -10 0.999971
2 1 car -1 -1 -10 0 178 158 255 -1 -1 -1 -1000 -1000 -1000 -10 0.999816
2 2 car -1 -1 -10 905 146 1053 205 -1 -1 -1 -1000 -1000 -1000 -10 0.999402
2 3 car -1 -1 -10 854 160 1021 251 -1 -1 -1 -1000 -1000 -1000 -10 0.999878
2 4 car -1 -1 -10 1215 153 1242 209 -1 -1 -1 -1000 -1000 -1000 -10 0.793011
3 0 car -1 -1 -10 323 167 498 225 -1 -1 -1 -1000 -1000 -1000 -10 0.999733
3 1 car -1 -1 -10 0 179 94 260 -1 -1 -1 -1000 -1000 -1000 -10 0.995438
3 2 car -1 -1 -10 917 142 1046 207 -1 -1 -1 -1000 -1000 -1000 -10 0.991075
3 3 car -1 -1 -10 880 152 1055 252 -1 -1 -1 -1000 -1000 -1000 -10 0.999969
3 5 car -1 -1 -10 1203 151 1242 195 -1 -1 -1 -1000 -1000 -1000 -10 0.877678
4 0 car -1 -1 -10 279 165 466 231 -1 -1 -1 -1000 -1000 -1000 -10 0.999578
4 2 car -1 -1 -10 893 143 1036 208 -1 -1 -1 -1000 -1000 -1000 -10 0.994413
4 3 car -1 -1 -10 910 148 1089 251 -1 -1 -1 -1000 -1000 -1000 -10 0.999927
4 5 car -1 -1 -10 1203 150 1242 194 -1 -1 -1 -1000 -1000 -1000 -10 0.947323
5 0 car -1 -1 -10 219 165 431 234 -1 -1 -1 -1000 -1000 -1000 -10 0.99992
5 2 car -1 -1 -10 872 140 1026 209 -1 -1 -1 -1000 -1000 -1000 -10 0.999746
5 3 car -1 -1 -10 939 150 1128 251 -1 -1 -1 -1000 -1000 -1000 -10 0.99999
5 5 car -1 -1 -10 1195 150 1242 193 -1 -1 -1 -1000 -1000 -1000 -10 0.977308
6 0 car -1 -1 -10 158 164 386 240 -1 -1 -1 -1000 -1000 -1000 -10 0.999954
6 2 car -1 -1 -10 847 142 1014 209 -1 -1 -1 -1000 -1000 -1000 -10 0.999587
6 3 car -1 -1 -10 966 153 1166 253 -1 -1 -1 -1000 -1000 -1000 -10 0.999992
6 5 car -1 -1 -10 1183 153 1242 197 -1 -1 -1 -1000 -1000 -1000 -10 0.895278
7 0 car -1 -1 -10 72 165 345 248 -1 -1 -1 -1000 -1000 -1000 -10 0.999718
7 2 car -1 -1 -10 827 144 995 213 -1 -1 -1 -1000 -1000 -1000 -10 0.999802
7 3 car -1 -1 -10 989 155 1205 255 -1 -1 -1 -1000 -1000 -1000 -10 0.99995
7 5 car -1 -1 -10 1175 155 1242 203 -1 -1 -1 -1000 -1000 -1000 -10 0.935872
8 0 car -1 -1 -10 0 169 277 256 -1 -1 -1 -1000 -1000 -1000 -10 0.999976
8 2 car -1 -1 -10 805 146 975 216 -1 -1 -1 -1000 -1000 -1000 -10 0.999666
8 3 car -1 -1 -10 1016 154 1239 258 -1 -1 -1 -1000 -1000 -1000 -10 0.99992
8 5 car -1 -1 -10 1160 152 1242 213 -1 -1 -1 -1000 -1000 -1000 -10 0.956971
9 0 car -1 -1 -10 0 167 207 267 -1 -1 -1 -1000 -1000 -1000 -10 0.999958
9 2 car -1 -1 -10 780 146 946 216 -1 -1 -1 -1000 -1000 -1000 -10 0.99989
9 3 car -1 -1 -10 1036 155 1242 257 -1 -1 -1 -1000 -1000 -1000 -10 0.99827
10 0 car -1 -1 -10 0 170 132 269 -1 -1 -1 -1000 -1000 -1000 -10 0.999179
10 2 car -1 -1 -10 746 142 921 221 -1 -1 -1 -1000 -1000 -1000 -10 0.999845
10 3 car -1 -1 -10 1060 155 1242 256 -1 -1 -1 -1000 -1000 -1000 -10 0.999839
11 2 car -1 -1 -10 712 143 885 224 -1 -1 -1 -1000 -1000 -1000 -10 0.99988
11 3 car -1 -1 -10 1087 154 1242 266 -1 -1 -1 -1000 -1000 -1000 -10 0.998314
12 2 car -1 -1 -10 669 148 849 230 -1 -1 -1 -1000 -1000 -1000 -10 0.999958
12 3 car -1 -1 -10 1104 161 1242 266 -1 -1 -1 -1000 -1000 -1000 -10 0.999875
12 6 car -1 -1 -10 1054 164 1201 218 -1 -1 -1 -1000 -1000 -1000 -10 0.994003
13 2 car -1 -1 -10 624 152 808 236 -1 -1 -1 -1000 -1000 -1000 -10 0.999995
13 3 car -1 -1 -10 1117 166 1242 273 -1 -1 -1 -1000 -1000 -1000 -10 0.999237
13 6 car -1 -1 -10 1017 167 1164 221 -1 -1 -1 -1000 -1000 -1000 -10 0.997496
14 2 car -1 -1 -10 571 155 767 243 -1 -1 -1 -1000 -1000 -1000 -10 0.999996
14 3 car -1 -1 -10 1128 164 1242 278 -1 -1 -1 -1000 -1000 -1000 -10 0.999671
14 6 car -1 -1 -10 980 171 1121 225 -1 -1 -1 -1000 -1000 -1000 -10 0.999975
15 2 car -1 -1 -10 515 154 716 251 -1 -1 -1 -1000 -1000 -1000 -10 0.999996
15 3 car -1 -1 -10 1135 166 1242 278 -1 -1 -1 -1000 -1000 -1000 -10 0.999194
15 6 car -1 -1 -10 941 173 1078 228 -1 -1 -1 -1000 -1000 -1000 -10 0.999995
16 2 car -1 -1 -10 446 154 667 257 -1 -1 -1 -1000 -1000 -1000 -10 0.999965
16 3 car -1 -1 -10 1133 173 1242 276 -1 -1 -1 -1000 -1000 -1000 -10 0.986605
16 6 car -1 -1 -10 901 175 1033 231 -1 -1 -1 -1000 -1000 -1000 -10 0.999997
16 7 car -1 -1 -10 1106 174 1233 228 -1 -1 -1 -1000 -1000 -1000 -10 0.638572
17 2 car -1 -1 -10 376 156 611 266 -1 -1 -1 -1000 -1000 -1000 -10 0.999977
17 3 car -1 -1 -10 1133 174 1242 276 -1 -1 -1 -1000 -1000 -1000 -10 0.998161
17 6 car -1 -1 -10 856 177 993 235 -1 -1 -1 -1000 -1000 -1000 -10 0.999996
17 8 car -1 -1 -10 1063 180 1194 223 -1 -1 -1 -1000 -1000 -1000 -10 0.931989
18 2 car -1 -1 -10 293 147 550 280 -1 -1 -1 -1000 -1000 -1000 -10 0.999954
18 3 car -1 -1 -10 1124 176 1242 273 -1 -1 -1 -1000 -1000 -1000 -10 0.999023
18 6 car -1 -1 -10 810 177 950 236 -1 -1 -1 -1000 -1000 -1000 -10 0.999997
18 9 car -1 -1 -10 1024 181 1137 223 -1 -1 -1 -1000 -1000 -1000 -10 0.998528
19 2 car -1 -1 -10 200 152 482 286 -1 -1 -1 -1000 -1000 -1000 -10 0.999999
19 3 car -1 -1 -10 1117 177 1242 270 -1 -1 -1 -1000 -1000 -1000 -10 0.998931
19 6 car -1 -1 -10 767 178 907 240 -1 -1 -1 -1000 -1000 -1000 -10 0.999996
19 10 car -1 -1 -10 986 180 1094 224 -1 -1 -1 -1000 -1000 -1000 -10 0.999772
20 2 car -1 -1 -10 85 152 411 302 -1 -1 -1 -1000 -1000 -1000 -10 0.999988
20 3 car -1 -1 -10 1113 174 1242 263 -1 -1 -1 -1000 -1000 -1000 -10 0.999231
20 6 car -1 -1 -10 722 177 869 243 -1 -1 -1 -1000 -1000 -1000 -10 0.999994
20 8 car -1 -1 -10 1079 177 1172 215 -1 -1 -1 -1000 -1000 -1000 -10 0.967328
20 10 car -1 -1 -10 948 180 1056 223 -1 -1 -1 -1000 -1000 -1000 -10 0.999811
21 2 car -1 -1 -10 0 142 323 333 -1 -1 -1 -1000 -1000 -1000 -10 0.999841
21 3 car -1 -1 -10 1100 175 1242 260 -1 -1 -1 -1000 -1000 -1000 -10 0.998973
21 6 car -1 -1 -10 674 177 829 247 -1 -1 -1 -1000 -1000 -1000 -10 0.999993
21 10 car -1 -1 -10 913 180 1018 224 -1 -1 -1 -1000 -1000 -1000 -10 0.999716
21 11 car -1 -1 -10 1043 175 1124 213 -1 -1 -1 -1000 -1000 -1000 -10 0.99891
22 2 car -1 -1 -10 0 149 233 329 -1 -1 -1 -1000 -1000 -1000 -10 0.997625
22 3 car -1 -1 -10 1093 176 1228 260 -1 -1 -1 -1000 -1000 -1000 -10 0.999569
22 6 car -1 -1 -10 621 179 783 254 -1 -1 -1 -1000 -1000 -1000 -10 0.999937
22 8 car -1 -1 -10 1080 180 1136 209 -1 -1 -1 -1000 -1000 -1000 -10 0.981018
22 10 car -1 -1 -10 876 181 976 226 -1 -1 -1 -1000 -1000 -1000 -10 0.999903
22 12 car -1 -1 -10 1007 178 1086 212 -1 -1 -1 -1000 -1000 -1000 -10 0.999413
23 3 car -1 -1 -10 1077 180 1202 259 -1 -1 -1 -1000 -1000 -1000 -10 0.999868
23 6 car -1 -1 -10 565 180 739 259 -1 -1 -1 -1000 -1000 -1000 -10 0.999951
23 10 car -1 -1 -10 840 183 936 230 -1 -1 -1 -1000 -1000 -1000 -10 0.999895
23 11 car -1 -1 -10 1039 181 1095 211 -1 -1 -1 -1000 -1000 -1000 -10 0.997637
23 13 car -1 -1 -10 969 181 1047 216 -1 -1 -1 -1000 -1000 -1000 -10 0.997707
23 14 car -1 -1 -10 0 142 81 335 -1 -1 -1 -1000 -1000 -1000 -10 0.757475
24 3 car -1 -1 -10 1059 184 1174 261 -1 -1 -1 -1000 -1000 -1000 -10 0.999961
24 6 car -1 -1 -10 500 182 692 266 -1 -1 -1 -1000 -1000 -1000 -10 0.999984
24 10 car -1 -1 -10 796 187 900 232 -1 -1 -1 -1000 -1000 -1000 -10 0.999826
24 11 car -1 -1 -10 1032 186 1075 211 -1 -1 -1 -1000 -1000 -1000 -10 0.803445
24 13 car -1 -1 -10 1003 185 1053 215 -1 -1 -1 -1000 -1000 -1000 -10 0.997788
24 15 car -1 -1 -10 932 185 1006 222 -1 -1 -1 -1000 -1000 -1000 -10 0.999461
24 16 car -1 -1 -10 1190 189 1242 224 -1 -1 -1 -1000 -1000 -1000 -10 0.399207
25 3 car -1 -1 -10 1037 186 1145 260 -1 -1 -1 -1000 -1000 -1000 -10 0.99997
25 6 car -1 -1 -10 429 180 635 274 -1 -1 -1 -1000 -1000 -1000 -10 0.999983
25 10 car -1 -1 -10 756 185 863 235 -1 -1 -1 -1000 -1000 -1000 -10 0.999859
25 17 car -1 -1 -10 894 186 967 222 -1 -1 -1 -1000 -1000 -1000 -10 0.999495
25 18 car -1 -1 -10 962 187 1014 217 -1 -1 -1 -1000 -1000 -1000 -10 0.998807
25 19 car -1 -1 -10 1150 189 1199 224 -1 -1 -1 -1000 -1000 -1000 -10 0.971382
25 20 car -1 -1 -10 990 187 1039 212 -1 -1 -1 -1000 -1000 -1000 -10 0.496315
26 3 car -1 -1 -10 1010 183 1111 253 -1 -1 -1 -1000 -1000 -1000 -10 0.999891
26 6 car -1 -1 -10 342 176 572 285 -1 -1 -1 -1000 -1000 -1000 -10 0.999896
26 10 car -1 -1 -10 713 181 817 240 -1 -1 -1 -1000 -1000 -1000 -10 0.999756
26 17 car -1 -1 -10 921 184 970 215 -1 -1 -1 -1000 -1000 -1000 -10 0.998264
26 18 car -1 -1 -10 969 183 1013 208 -1 -1 -1 -1000 -1000 -1000 -10 0.96079
26 21 car -1 -1 -10 854 183 925 220 -1 -1 -1 -1000 -1000 -1000 -10 0.999639
26 22 car -1 -1 -10 1107 187 1151 221 -1 -1 -1 -1000 -1000 -1000 -10 0.998475
26 23 car -1 -1 -10 951 182 995 210 -1 -1 -1 -1000 -1000 -1000 -10 0.395937
27 3 car -1 -1 -10 983 181 1072 251 -1 -1 -1 -1000 -1000 -1000 -10 0.999899
27 6 car -1 -1 -10 227 174 505 298 -1 -1 -1 -1000 -1000 -1000 -10 0.999956
27 10 car -1 -1 -10 665 182 776 239 -1 -1 -1 -1000 -1000 -1000 -10 0.999989
27 17 car -1 -1 -10 932 182 973 206 -1 -1 -1 -1000 -1000 -1000 -10 0.955471
27 21 car -1 -1 -10 882 182 927 214 -1 -1 -1 -1000 -1000 -1000 -10 0.998057
27 24 car -1 -1 -10 815 181 883 218 -1 -1 -1 -1000 -1000 -1000 -10 0.999414
27 25 car -1 -1 -10 1062 186 1104 219 -1 -1 -1 -1000 -1000 -1000 -10 0.998199
27 26 car -1 -1 -10 912 181 952 209 -1 -1 -1 -1000 -1000 -1000 -10 0.655376
28 3 car -1 -1 -10 950 181 1032 246 -1 -1 -1 -1000 -1000 -1000 -10 0.999815
28 6 car -1 -1 -10 89 174 424 317 -1 -1 -1 -1000 -1000 -1000 -10 0.999973
28 10 car -1 -1 -10 616 182 733 242 -1 -1 -1 -1000 -1000 -1000 -10 0.999988
28 24 car -1 -1 -10 842 183 887 214 -1 -1 -1 -1000 -1000 -1000 -10 0.999131
28 27 car -1 -1 -10 776 182 844 220 -1 -1 -1 -1000 -1000 -1000 -10 0.999836
28 28 car -1 -1 -10 1018 187 1061 218 -1 -1 -1 -1000 -1000 -1000 -10 0.984713
28 29 car -1 -1 -10 872 182 908 209 -1 -1 -1 -1000 -1000 -1000 -10 0.918872
28 30 car -1 -1 -10 891 182 930 207 -1 -1 -1 -1000 -1000 -1000 -10 0.807315
29 3 car -1 -1 -10 920 182 993 245 -1 -1 -1 -1000 -1000 -1000 -10 0.999943
29 6 car -1 -1 -10 0 154 337 365 -1 -1 -1 -1000 -1000 -1000 -10 0.999619
29 10 car -1 -1 -10 564 185 686 244 -1 -1 -1 -1000 -1000 -1000 -10 0.999996
29 27 car -1 -1 -10 801 184 846 214 -1 -1 -1 -1000 -1000 -1000 -10 0.999066
29 31 car -1 -1 -10 736 182 803 220 -1 -1 -1 -1000 -1000 -1000 -10 0.999865
29 32 car -1 -1 -10 973 186 1013 216 -1 -1 -1 -1000 -1000 -1000 -10 0.996271
29 33 car -1 -1 -10 851 182 886 208 -1 -1 -1 -1000 -1000 -1000 -10 0.602932
29 34 car -1 -1 -10 836 184 867 208 -1 -1 -1 -1000 -1000 -1000 -10 0.474096
30 2 car -1 -1 -10 0 171 203 356 -1 -1 -1 -1000 -1000 -1000 -10 0.999725
30 3 car -1 -1 -10 886 183 954 242 -1 -1 -1 -1000 -1000 -1000 -10 0.999907
30 10 car -1 -1 -10 507 184 636 248 -1 -1 -1 -1000 -1000 -1000 -10 0.999992
30 27 car -1 -1 -10 816 182 846 205 -1 -1 -1 -1000 -1000 -1000 -10 0.855388
30 31 car -1 -1 -10 760 183 806 214 -1 -1 -1 -1000 -1000 -1000 -10 0.998813
30 35 car -1 -1 -10 695 182 762 222 -1 -1 -1 -1000 -1000 -1000 -10 0.999964
30 36 car -1 -1 -10 933 187 970 212 -1 -1 -1 -1000 -1000 -1000 -10 0.994619
30 37 car -1 -1 -10 793 183 826 208 -1 -1 -1 -1000 -1000 -1000 -10 0.949114
31 3 car -1 -1 -10 851 182 918 240 -1 -1 -1 -1000 -1000 -1000 -10 0.999927
31 10 car -1 -1 -10 440 181 589 254 -1 -1 -1 -1000 -1000 -1000 -10 0.999956
31 30 car -1 -1 -10 893 187 927 211 -1 -1 -1 -1000 -1000 -1000 -10 0.978454
31 31 car -1 -1 -10 777 181 806 205 -1 -1 -1 -1000 -1000 -1000 -10 0.745432
31 38 car -1 -1 -10 653 182 720 221 -1 -1 -1 -1000 -1000 -1000 -10 0.999974
31 39 car -1 -1 -10 722 180 767 213 -1 -1 -1 -1000 -1000 -1000 -10 0.996919
31 40 car -1 -1 -10 754 182 785 208 -1 -1 -1 -1000 -1000 -1000 -10 0.990266
32 3 car -1 -1 -10 820 182 882 238 -1 -1 -1 -1000 -1000 -1000 -10 0.999736
32 10 car -1 -1 -10 365 180 532 262 -1 -1 -1 -1000 -1000 -1000 -10 0.999887
32 39 car -1 -1 -10 737 180 766 204 -1 -1 -1 -1000 -1000 -1000 -10 0.811732
32 41 car -1 -1 -10 610 181 679 222 -1 -1 -1 -1000 -1000 -1000 -10 0.99998
32 42 car -1 -1 -10 682 182 728 214 -1 -1 -1 -1000 -1000 -1000 -10 0.996441
32 43 car -1 -1 -10 715 181 745 207 -1 -1 -1 -1000 -1000 -1000 -10 0.994333
33 3 car -1 -1 -10 787 179 842 234 -1 -1 -1 -1000 -1000 -1000 -10 0.999931
33 10 car -1 -1 -10 278 180 471 271 -1 -1 -1 -1000 -1000 -1000 -10 0.999964
33 44 car -1 -1 -10 565 180 638 222 -1 -1 -1 -1000 -1000 -1000 -10 0.99996
33 45 car -1 -1 -10 642 179 686 213 -1 -1 -1 -1000 -1000 -1000 -10 0.999623
33 46 car -1 -1 -10 675 180 707 207 -1 -1 -1 -1000 -1000 -1000 -10 0.996786
33 47 car -1 -1 -10 697 178 726 201 -1 -1 -1 -1000 -1000 -1000 -10 0.347902
34 3 car -1 -1 -10 752 178 806 233 -1 -1 -1 -1000 -1000 -1000 -10 0.999921
34 10 car -1 -1 -10 163 182 406 283 -1 -1 -1 -1000 -1000 -1000 -10 0.999985
34 48 car -1 -1 -10 517 180 596 224 -1 -1 -1 -1000 -1000 -1000 -10 0.999977
34 49 car -1 -1 -10 601 178 645 213 -1 -1 -1 -1000 -1000 -1000 -10 0.999761
34 50 car -1 -1 -10 634 180 667 206 -1 -1 -1 -1000 -1000 -1000 -10 0.912662
34 51 car -1 -1 -10 657 178 691 201 -1 -1 -1 -1000 -1000 -1000 -10 0.617478
35 3 car -1 -1 -10 718 178 770 231 -1 -1 -1 -1000 -1000 -1000 -10 0.999916
35 10 car -1 -1 -10 22 181 330 307 -1 -1 -1 -1000 -1000 -1000 -10 0.999994
35 49 car -1 -1 -10 598 179 629 207 -1 -1 -1 -1000 -1000 -1000 -10 0.989611
35 52 car -1 -1 -10 472 182 553 226 -1 -1 -1 -1000 -1000 -1000 -10 0.999976
35 53 car -1 -1 -10 560 179 608 214 -1 -1 -1 -1000 -1000 -1000 -10 0.999849
35 54 car -1 -1 -10 622 178 652 202 -1 -1 -1 -1000 -1000 -1000 -10 0.710682
36 3 car -1 -1 -10 687 177 739 230 -1 -1 -1 -1000 -1000 -1000 -10 0.999896
36 10 car -1 -1 -10 0 171 242 343 -1 -1 -1 -1000 -1000 -1000 -10 0.998325
36 48 car -1 -1 -10 521 179 575 216 -1 -1 -1 -1000 -1000 -1000 -10 0.996985
36 49 car -1 -1 -10 586 178 618 202 -1 -1 -1 -1000 -1000 -1000 -10 0.898553
36 53 car -1 -1 -10 559 178 596 208 -1 -1 -1 -1000 -1000 -1000 -10 0.987604
36 55 car -1 -1 -10 424 179 514 231 -1 -1 -1 -1000 -1000 -1000 -10 0.999977
37 2 car -1 -1 -10 0 181 139 345 -1 -1 -1 -1000 -1000 -1000 -10 0.999603
37 3 car -1 -1 -10 661 176 713 229 -1 -1 -1 -1000 -1000 -1000 -10 0.999871
37 48 car -1 -1 -10 527 179 566 210 -1 -1 -1 -1000 -1000 -1000 -10 0.992233
37 52 car -1 -1 -10 486 181 543 216 -1 -1 -1 -1000 -1000 -1000 -10 0.999648
37 53 car -1 -1 -10 557 178 588 203 -1 -1 -1 -1000 -1000 -1000 -10 0.916394
37 56 car -1 -1 -10 376 181 481 237 -1 -1 -1 -1000 -1000 -1000 -10 0.999956
38 3 car -1 -1 -10 638 177 690 228 -1 -1 -1 -1000 -1000 -1000 -10 0.99989
38 48 car -1 -1 -10 528 179 564 204 -1 -1 -1 -1000 -1000 -1000 -10 0.965465
38 52 car -1 -1 -10 497 180 540 210 -1 -1 -1 -1000 -1000 -1000 -10 0.998518
38 55 car -1 -1 -10 455 182 513 218 -1 -1 -1 -1000 -1000 -1000 -10 0.999843
38 56 car -1 -1 -10 332 184 444 240 -1 -1 -1 -1000 -1000 -1000 -10 0.999993
39 3 car -1 -1 -10 620 177 671 227 -1 -1 -1 -1000 -1000 -1000 -10 0.999634
39 52 car -1 -1 -10 507 179 539 205 -1 -1 -1 -1000 -1000 -1000 -10 0.933883
39 56 car -1 -1 -10 286 186 407 247 -1 -1 -1 -1000 -1000 -1000 -10 0.999988
39 57 car -1 -1 -10 426 183 487 221 -1 -1 -1 -1000 -1000 -1000 -10 0.999967
39 58 car -1 -1 -10 475 181 517 212 -1 -1 -1 -1000 -1000 -1000 -10 0.980146
40 3 car -1 -1 -10 604 178 653 227 -1 -1 -1 -1000 -1000 -1000 -10 0.999687
40 55 car -1 -1 -10 488 179 520 205 -1 -1 -1 -1000 -1000 -1000 -10 0.978998
40 56 car -1 -1 -10 233 186 376 253 -1 -1 -1 -1000 -1000 -1000 -10 0.999976
40 59 car -1 -1 -10 398 183 464 223 -1 -1 -1 -1000 -1000 -1000 -10 0.999982
40 60 car -1 -1 -10 450 182 496 214 -1 -1 -1 -1000 -1000 -1000 -10 0.994552
41 3 car -1 -1 -10 591 177 640 225 -1 -1 -1 -1000 -1000 -1000 -10 0.999243
41 56 car -1 -1 -10 179 187 341 261 -1 -1 -1 -1000 -1000 -1000 -10 0.999824
41 57 car -1 -1 -10 433 181 476 215 -1 -1 -1 -1000 -1000 -1000 -10 0.996407
41 58 car -1 -1 -10 470 180 503 207 -1 -1 -1 -1000 -1000 -1000 -10 0.994594
41 61 car -1 -1 -10 373 184 440 225 -1 -1 -1 -1000 -1000 -1000 -10 0.999993
42 3 car -1 -1 -10 580 178 629 225 -1 -1 -1 -1000 -1000 -1000 -10 0.998876
42 56 car -1 -1 -10 115 186 313 274 -1 -1 -1 -1000 -1000 -1000 -10 0.999934
42 59 car -1 -1 -10 412 182 463 216 -1 -1 -1 -1000 -1000 -1000 -10 0.999511
42 60 car -1 -1 -10 454 180 491 208 -1 -1 -1 -1000 -1000 -1000 -10 0.995079
42 61 car -1 -1 -10 348 185 421 229 -1 -1 -1 -1000 -1000 -1000 -10 0.999991
43 3 car -1 -1 -10 574 179 620 226 -1 -1 -1 -1000 -1000 -1000 -10 0.999316
43 56 car -1 -1 -10 41 189 277 286 -1 -1 -1 -1000 -1000 -1000 -10 0.999968
43 61 car -1 -1 -10 322 187 406 234 -1 -1 -1 -1000 -1000 -1000 -10 0.999991
43 62 car -1 -1 -10 395 183 453 219 -1 -1 -1 -1000 -1000 -1000 -10 0.999584
43 63 car -1 -1 -10 444 183 481 208 -1 -1 -1 -1000 -1000 -1000 -10 0.985716
44 3 car -1 -1 -10 571 179 615 226 -1 -1 -1 -1000 -1000 -1000 -10 0.99944
44 56 car -1 -1 -10 0 190 233 300 -1 -1 -1 -1000 -1000 -1000 -10 0.99996
44 58 car -1 -1 -10 463 184 491 207 -1 -1 -1 -1000 -1000 -1000 -10 0.466828
44 61 car -1 -1 -10 300 188 393 239 -1 -1 -1 -1000 -1000 -1000 -10 0.999967
44 62 car -1 -1 -10 383 185 444 222 -1 -1 -1 -1000 -1000 -1000 -10 0.999817
44 63 car -1 -1 -10 435 184 476 212 -1 -1 -1 -1000 -1000 -1000 -10 0.990786
45 3 car -1 -1 -10 568 180 613 225 -1 -1 -1 -1000 -1000 -1000 -10 0.999404
45 56 car -1 -1 -10 0 189 195 333 -1 -1 -1 -1000 -1000 -1000 -10 0.999141
45 60 car -1 -1 -10 455 183 487 210 -1 -1 -1 -1000 -1000 -1000 -10 0.687237
45 61 car -1 -1 -10 275 189 379 243 -1 -1 -1 -1000 -1000 -1000 -10 0.999964
45 62 car -1 -1 -10 371 185 435 223 -1 -1 -1 -1000 -1000 -1000 -10 0.999949
45 63 car -1 -1 -10 427 184 467 212 -1 -1 -1 -1000 -1000 -1000 -10 0.996169
46 3 car -1 -1 -10 566 180 611 224 -1 -1 -1 -1000 -1000 -1000 -10 0.999236
46 56 car -1 -1 -10 0 199 145 326 -1 -1 -1 -1000 -1000 -1000 -10 0.999843
46 60 car -1 -1 -10 452 184 486 209 -1 -1 -1 -1000 -1000 -1000 -10 0.768784
46 61 car -1 -1 -10 250 190 362 251 -1 -1 -1 -1000 -1000 -1000 -10 0.99999
46 62 car -1 -1 -10 357 186 423 226 -1 -1 -1 -1000 -1000 -1000 -10 0.999929
46 63 car -1 -1 -10 420 184 463 214 -1 -1 -1 -1000 -1000 -1000 -10 0.997742
47 2 car -1 -1 -10 0 210 81 344 -1 -1 -1 -1000 -1000 -1000 -10 0.864343
47 3 car -1 -1 -10 566 179 610 224 -1 -1 -1 -1000 -1000 -1000 -10 0.999731
47 60 car -1 -1 -10 449 187 486 209 -1 -1 -1 -1000 -1000 -1000 -10 0.950363
47 61 car -1 -1 -10 222 191 345 257 -1 -1 -1 -1000 -1000 -1000 -10 0.999997
47 62 car -1 -1 -10 345 186 414 228 -1 -1 -1 -1000 -1000 -1000 -10 0.999652
47 63 car -1 -1 -10 413 185 457 214 -1 -1 -1 -1000 -1000 -1000 -10 0.997985
48 3 car -1 -1 -10 566 178 609 223 -1 -1 -1 -1000 -1000 -1000 -10 0.999795
48 60 car -1 -1 -10 447 183 480 210 -1 -1 -1 -1000 -1000 -1000 -10 0.90283
48 61 car -1 -1 -10 185 191 326 262 -1 -1 -1 -1000 -1000 -1000 -10 0.999992
48 62 car -1 -1 -10 330 187 408 231 -1 -1 -1 -1000 -1000 -1000 -10 0.999854
48 63 car -1 -1 -10 406 184 453 215 -1 -1 -1 -1000 -1000 -1000 -10 0.999211
49 3 car -1 -1 -10 566 178 609 222 -1 -1 -1 -1000 -1000 -1000 -10 0.999779
49 60 car -1 -1 -10 445 184 479 209 -1 -1 -1 -1000 -1000 -1000 -10 0.954518
49 61 car -1 -1 -10 142 191 301 271 -1 -1 -1 -1000 -1000 -1000 -10 0.999915
49 62 car -1 -1 -10 315 186 400 233 -1 -1 -1 -1000 -1000 -1000 -10 0.999891
49 63 car -1 -1 -10 402 185 447 216 -1 -1 -1 -1000 -1000 -1000 -10 0.999777
50 3 car -1 -1 -10 567 178 609 222 -1 -1 -1 -1000 -1000 -1000 -10 0.999759
50 60 car -1 -1 -10 443 187 477 210 -1 -1 -1 -1000 -1000 -1000 -10 0.991597
50 61 car -1 -1 -10 81 193 277 284 -1 -1 -1 -1000 -1000 -1000 -10 0.999993
50 62 car -1 -1 -10 297 186 390 239 -1 -1 -1 -1000 -1000 -1000 -10 0.999982
50 63 car -1 -1 -10 393 185 443 220 -1 -1 -1 -1000 -1000 -1000 -10 0.999893
51 3 car -1 -1 -10 568 180 609 222 -1 -1 -1 -1000 -1000 -1000 -10 0.999801
51 60 car -1 -1 -10 440 188 475 212 -1 -1 -1 -1000 -1000 -1000 -10 0.996364
51 61 car -1 -1 -10 12 197 242 299 -1 -1 -1 -1000 -1000 -1000 -10 0.999959
51 62 car -1 -1 -10 279 187 376 247 -1 -1 -1 -1000 -1000 -1000 -10 0.999823
51 63 car -1 -1 -10 385 187 437 222 -1 -1 -1 -1000 -1000 -1000 -10 0.999104
52 3 car -1 -1 -10 568 180 609 222 -1 -1 -1 -1000 -1000 -1000 -10 0.999827
52 60 car -1 -1 -10 438 189 472 213 -1 -1 -1 -1000 -1000 -1000 -10 0.994692
52 61 car -1 -1 -10 0 197 201 319 -1 -1 -1 -1000 -1000 -1000 -10 0.999963
52 62 car -1 -1 -10 253 190 365 251 -1 -1 -1 -1000 -1000 -1000 -10 0.999979
52 63 car -1 -1 -10 376 187 433 224 -1 -1 -1 -1000 -1000 -1000 -10 0.99949
53 3 car -1 -1 -10 569 179 610 221 -1 -1 -1 -1000 -1000 -1000 -10 0.999696
53 60 car -1 -1 -10 432 187 470 213 -1 -1 -1 -1000 -1000 -1000 -10 0.999369
53 61 car -1 -1 -10 0 198 153 339 -1 -1 -1 -1000 -1000 -1000 -10 0.99919
53 62 car -1 -1 -10 222 188 345 259 -1 -1 -1 -1000 -1000 -1000 -10 0.999996
53 63 car -1 -1 -10 365 186 425 224 -1 -1 -1 -1000 -1000 -1000 -10 0.99995
54 3 car -1 -1 -10 570 178 609 219 -1 -1 -1 -1000 -1000 -1000 -10 0.999195
54 56 car -1 -1 -10 0 191 84 338 -1 -1 -1 -1000 -1000 -1000 -10 0.996531
54 60 car -1 -1 -10 427 188 468 212 -1 -1 -1 -1000 -1000 -1000 -10 0.999239
54 62 car -1 -1 -10 185 190 328 263 -1 -1 -1 -1000 -1000 -1000 -10 0.999956
54 63 car -1 -1 -10 353 185 415 226 -1 -1 -1 -1000 -1000 -1000 -10 0.999983
55 3 car -1 -1 -10 570 178 610 219 -1 -1 -1 -1000 -1000 -1000 -10 0.999379
55 60 car -1 -1 -10 423 188 466 213 -1 -1 -1 -1000 -1000 -1000 -10 0.998865
55 62 car -1 -1 -10 138 188 305 275 -1 -1 -1 -1000 -1000 -1000 -10 0.999886
55 63 car -1 -1 -10 340 185 408 228 -1 -1 -1 -1000 -1000 -1000 -10 0.999985
56 3 car -1 -1 -10 571 181 610 220 -1 -1 -1 -1000 -1000 -1000 -10 0.999893
56 60 car -1 -1 -10 417 189 462 216 -1 -1 -1 -1000 -1000 -1000 -10 0.999459
56 62 car -1 -1 -10 77 192 276 287 -1 -1 -1 -1000 -1000 -1000 -10 0.999992
56 63 car -1 -1 -10 324 186 400 234 -1 -1 -1 -1000 -1000 -1000 -10 0.999975
57 3 car -1 -1 -10 572 183 610 221 -1 -1 -1 -1000 -1000 -1000 -10 0.999899
57 60 car -1 -1 -10 412 190 459 219 -1 -1 -1 -1000 -1000 -1000 -10 0.999805
57 62 car -1 -1 -10 1 193 247 299 -1 -1 -1 -1000 -1000 -1000 -10 0.999913
57 63 car -1 -1 -10 306 187 388 240 -1 -1 -1 -1000 -1000 -1000 -10 0.999972
58 3 car -1 -1 -10 572 183 611 222 -1 -1 -1 -1000 -1000 -1000 -10 0.999853
58 60 car -1 -1 -10 406 191 456 220 -1 -1 -1 -1000 -1000 -1000 -10 0.999506
58 62 car -1 -1 -10 0 183 202 335 -1 -1 -1 -1000 -1000 -1000 -10 0.999715
58 63 car -1 -1 -10 286 188 376 244 -1 -1 -1 -1000 -1000 -1000 -10 0.999673
59 3 car -1 -1 -10 573 183 611 221 -1 -1 -1 -1000 -1000 -1000 -10 0.9999
59 60 car -1 -1 -10 397 190 452 221 -1 -1 -1 -1000 -1000 -1000 -10 0.999263
59 62 car -1 -1 -10 0 187 147 338 -1 -1 -1 -1000 -1000 -1000 -10 0.999652
59 63 car -1 -1 -10 262 189 365 248 -1 -1 -1 -1000 -1000 -1000 -10 0.999972
60 3 car -1 -1 -10 574 181 612 219 -1 -1 -1 -1000 -1000 -1000 -10 0.9999
60 60 car -1 -1 -10 390 190 449 220 -1 -1 -1 -1000 -1000 -1000 -10 0.999589
60 62 car -1 -1 -10 0 188 77 340 -1 -1 -1 -1000 -1000 -1000 -10 0.967264
60 63 car -1 -1 -10 233 187 347 253 -1 -1 -1 -1000 -1000 -1000 -10 0.999992
61 3 car -1 -1 -10 576 178 612 218 -1 -1 -1 -1000 -1000 -1000 -10 0.999413
61 60 car -1 -1 -10 382 187 444 219 -1 -1 -1 -1000 -1000 -1000 -10 0.999861
61 63 car -1 -1 -10 197 187 328 259 -1 -1 -1 -1000 -1000 -1000 -10 0.999995
62 3 car -1 -1 -10 578 178 614 215 -1 -1 -1 -1000 -1000 -1000 -10 0.999415
62 60 car -1 -1 -10 371 186 437 220 -1 -1 -1 -1000 -1000 -1000 -10 0.999992
62 63 car -1 -1 -10 152 184 306 266 -1 -1 -1 -1000 -1000 -1000 -10 0.999941
63 3 car -1 -1 -10 581 177 615 214 -1 -1 -1 -1000 -1000 -1000 -10 0.999682
63 60 car -1 -1 -10 363 185 431 222 -1 -1 -1 -1000 -1000 -1000 -10 0.999995
63 63 car -1 -1 -10 97 182 279 278 -1 -1 -1 -1000 -1000 -1000 -10 0.999981
64 3 car -1 -1 -10 582 178 616 214 -1 -1 -1 -1000 -1000 -1000 -10 0.999294
64 60 car -1 -1 -10 353 186 424 225 -1 -1 -1 -1000 -1000 -1000 -10 0.999996
64 63 car -1 -1 -10 24 185 249 294 -1 -1 -1 -1000 -1000 -1000 -10 0.999992
65 3 car -1 -1 -10 584 178 618 215 -1 -1 -1 -1000 -1000 -1000 -10 0.999029
65 60 car -1 -1 -10 335 188 418 232 -1 -1 -1 -1000 -1000 -1000 -10 0.99998
65 63 car -1 -1 -10 0 183 204 327 -1 -1 -1 -1000 -1000 -1000 -10 0.999733
66 3 car -1 -1 -10 586 180 620 216 -1 -1 -1 -1000 -1000 -1000 -10 0.99961
66 60 car -1 -1 -10 319 191 410 238 -1 -1 -1 -1000 -1000 -1000 -10 0.999989
66 63 car -1 -1 -10 0 185 148 347 -1 -1 -1 -1000 -1000 -1000 -10 0.999679
67 3 car -1 -1 -10 587 177 620 213 -1 -1 -1 -1000 -1000 -1000 -10 0.999878
67 60 car -1 -1 -10 300 191 402 240 -1 -1 -1 -1000 -1000 -1000 -10 0.999542
67 63 car -1 -1 -10 0 191 73 341 -1 -1 -1 -1000 -1000 -1000 -10 0.987142
68 3 car -1 -1 -10 589 173 621 209 -1 -1 -1 -1000 -1000 -1000 -10 0.999885
68 60 car -1 -1 -10 276 186 390 243 -1 -1 -1 -1000 -1000 -1000 -10 0.999971
69 3 car -1 -1 -10 589 170 622 206 -1 -1 -1 -1000 -1000 -1000 -10 0.998575
69 60 car -1 -1 -10 249 186 372 244 -1 -1 -1 -1000 -1000 -1000 -10 0.999983
70 3 car -1 -1 -10 590 170 622 206 -1 -1 -1 -1000 -1000 -1000 -10 0.999649
70 60 car -1 -1 -10 213 188 353 256 -1 -1 -1 -1000 -1000 -1000 -10 0.999989
71 3 car -1 -1 -10 590 176 622 211 -1 -1 -1 -1000 -1000 -1000 -10 0.999852
71 60 car -1 -1 -10 161 194 336 270 -1 -1 -1 -1000 -1000 -1000 -10 0.999832
72 3 car -1 -1 -10 590 179 623 213 -1 -1 -1 -1000 -1000 -1000 -10 0.999615
72 60 car -1 -1 -10 94 200 310 283 -1 -1 -1 -1000 -1000 -1000 -10 0.999973
73 3 car -1 -1 -10 590 180 621 213 -1 -1 -1 -1000 -1000 -1000 -10 0.999376
73 60 car -1 -1 -10 22 202 277 301 -1 -1 -1 -1000 -1000 -1000 -10 0.999963
74 3 car -1 -1 -10 589 179 621 211 -1 -1 -1 -1000 -1000 -1000 -10 0.999671
74 60 car -1 -1 -10 0 198 226 329 -1 -1 -1 -1000 -1000 -1000 -10 0.999871
75 3 car -1 -1 -10 589 176 620 210 -1 -1 -1 -1000 -1000 -1000 -10 0.999863
75 60 car -1 -1 -10 0 196 169 350 -1 -1 -1 -1000 -1000 -1000 -10 0.996597
76 3 car -1 -1 -10 587 176 618 209 -1 -1 -1 -1000 -1000 -1000 -10 0.999852
76 60 car -1 -1 -10 0 186 95 346 -1 -1 -1 -1000 -1000 -1000 -10 0.799331
77 3 car -1 -1 -10 587 178 618 210 -1 -1 -1 -1000 -1000 -1000 -10 0.999652
78 3 car -1 -1 -10 586 177 616 209 -1 -1 -1 -1000 -1000 -1000 -10 0.999612
79 3 car -1 -1 -10 584 177 614 209 -1 -1 -1 -1000 -1000 -1000 -10 0.998211
80 3 car -1 -1 -10 583 177 612 209 -1 -1 -1 -1000 -1000 -1000 -10 0.999403
81 3 car -1 -1 -10 582 175 610 206 -1 -1 -1 -1000 -1000 -1000 -10 0.999799
82 3 car -1 -1 -10 580 171 609 201 -1 -1 -1 -1000 -1000 -1000 -10 0.999668
83 3 car -1 -1 -10 579 168 607 200 -1 -1 -1 -1000 -1000 -1000 -10 0.999802
84 3 car -1 -1 -10 578 167 605 199 -1 -1 -1 -1000 -1000 -1000 -10 0.999746
85 3 car -1 -1 -10 577 168 604 200 -1 -1 -1 -1000 -1000 -1000 -10 0.999755
86 3 car -1 -1 -10 577 170 603 201 -1 -1 -1 -1000 -1000 -1000 -10 0.999362
87 3 car -1 -1 -10 577 174 603 203 -1 -1 -1 -1000 -1000 -1000 -10 0.998926
88 3 car -1 -1 -10 576 175 604 205 -1 -1 -1 -1000 -1000 -1000 -10 0.997328
89 3 car -1 -1 -10 576 177 602 207 -1 -1 -1 -1000 -1000 -1000 -10 0.995277
90 3 car -1 -1 -10 575 176 601 207 -1 -1 -1 -1000 -1000 -1000 -10 0.998349
91 3 car -1 -1 -10 575 176 601 206 -1 -1 -1 -1000 -1000 -1000 -10 0.998216
92 3 car -1 -1 -10 575 177 601 207 -1 -1 -1 -1000 -1000 -1000 -10 0.99879
95 3 car -1 -1 -10 578 182 604 210 -1 -1 -1 -1000 -1000 -1000 -10 0.998602
98 3 car -1 -1 -10 579 179 605 207 -1 -1 -1 -1000 -1000 -1000 -10 0.999751
99 3 car -1 -1 -10 580 178 605 207 -1 -1 -1 -1000 -1000 -1000 -10 0.999633
100 3 car -1 -1 -10 581 177 606 206 -1 -1 -1 -1000 -1000 -1000 -10 0.999501
101 3 car -1 -1 -10 581 176 607 204 -1 -1 -1 -1000 -1000 -1000 -10 0.99944
102 3 car -1 -1 -10 582 175 607 203 -1 -1 -1 -1000 -1000 -1000 -10 0.998498
113 64 car -1 -1 -10 586 174 611 201 -1 -1 -1 -1000 -1000 -1000 -10 0.982436
114 64 car -1 -1 -10 586 175 611 202 -1 -1 -1 -1000 -1000 -1000 -10 0.976595
115 64 car -1 -1 -10 585 177 610 203 -1 -1 -1 -1000 -1000 -1000 -10 0.994407
116 64 car -1 -1 -10 584 179 610 204 -1 -1 -1 -1000 -1000 -1000 -10 0.995685
116 65 car -1 -1 -10 466 183 493 202 -1 -1 -1 -1000 -1000 -1000 -10 0.583748
117 65 car -1 -1 -10 458 181 489 204 -1 -1 -1 -1000 -1000 -1000 -10 0.752139
117 66 car -1 -1 -10 433 180 462 204 -1 -1 -1 -1000 -1000 -1000 -10 0.930274
118 65 car -1 -1 -10 452 181 484 205 -1 -1 -1 -1000 -1000 -1000 -10 0.982626
118 66 car -1 -1 -10 426 178 458 202 -1 -1 -1 -1000 -1000 -1000 -10 0.919515
119 65 car -1 -1 -10 443 180 478 207 -1 -1 -1 -1000 -1000 -1000 -10 0.988351
119 66 car -1 -1 -10 417 177 454 203 -1 -1 -1 -1000 -1000 -1000 -10 0.952858
120 64 car -1 -1 -10 585 179 610 204 -1 -1 -1 -1000 -1000 -1000 -10 0.997331
120 65 car -1 -1 -10 429 181 472 211 -1 -1 -1 -1000 -1000 -1000 -10 0.997298
120 66 car -1 -1 -10 407 177 451 208 -1 -1 -1 -1000 -1000 -1000 -10 0.962721
121 64 car -1 -1 -10 585 179 610 204 -1 -1 -1 -1000 -1000 -1000 -10 0.996339
121 65 car -1 -1 -10 420 180 464 213 -1 -1 -1 -1000 -1000 -1000 -10 0.982839
121 66 car -1 -1 -10 399 177 441 208 -1 -1 -1 -1000 -1000 -1000 -10 0.941431
122 64 car -1 -1 -10 586 177 611 204 -1 -1 -1 -1000 -1000 -1000 -10 0.997423
122 65 car -1 -1 -10 405 182 458 214 -1 -1 -1 -1000 -1000 -1000 -10 0.992386
122 66 car -1 -1 -10 388 176 437 206 -1 -1 -1 -1000 -1000 -1000 -10 0.986003
123 64 car -1 -1 -10 586 175 612 201 -1 -1 -1 -1000 -1000 -1000 -10 0.995872
123 65 car -1 -1 -10 389 178 447 213 -1 -1 -1 -1000 -1000 -1000 -10 0.996111
123 66 car -1 -1 -10 379 174 427 204 -1 -1 -1 -1000 -1000 -1000 -10 0.964978
124 65 car -1 -1 -10 369 180 437 217 -1 -1 -1 -1000 -1000 -1000 -10 0.990421
124 66 car -1 -1 -10 361 171 420 207 -1 -1 -1 -1000 -1000 -1000 -10 0.686323
124 67 car -1 -1 -10 480 167 506 193 -1 -1 -1 -1000 -1000 -1000 -10 0.638591
125 64 car -1 -1 -10 587 176 613 200 -1 -1 -1 -1000 -1000 -1000 -10 0.992074
125 65 car -1 -1 -10 348 179 418 224 -1 -1 -1 -1000 -1000 -1000 -10 0.999916
125 67 car -1 -1 -10 476 170 504 198 -1 -1 -1 -1000 -1000 -1000 -10 0.970973
126 64 car -1 -1 -10 587 176 613 200 -1 -1 -1 -1000 -1000 -1000 -10 0.996252
126 65 car -1 -1 -10 331 171 392 215 -1 -1 -1 -1000 -1000 -1000 -10 0.995323
126 67 car -1 -1 -10 471 170 501 200 -1 -1 -1 -1000 -1000 -1000 -10 0.992161
126 68 car -1 -1 -10 313 185 402 232 -1 -1 -1 -1000 -1000 -1000 -10 0.895122
127 64 car -1 -1 -10 588 173 614 200 -1 -1 -1 -1000 -1000 -1000 -10 0.990073
127 65 car -1 -1 -10 310 171 380 218 -1 -1 -1 -1000 -1000 -1000 -10 0.999512
127 67 car -1 -1 -10 462 168 500 200 -1 -1 -1 -1000 -1000 -1000 -10 0.997593
127 69 car -1 -1 -10 275 178 378 241 -1 -1 -1 -1000 -1000 -1000 -10 0.999814
128 64 car -1 -1 -10 587 175 614 200 -1 -1 -1 -1000 -1000 -1000 -10 0.992336
128 65 car -1 -1 -10 278 171 362 228 -1 -1 -1 -1000 -1000 -1000 -10 0.99963
128 67 car -1 -1 -10 458 169 495 202 -1 -1 -1 -1000 -1000 -1000 -10 0.998971
128 70 car -1 -1 -10 222 183 348 250 -1 -1 -1 -1000 -1000 -1000 -10 0.999957
129 64 car -1 -1 -10 588 172 615 200 -1 -1 -1 -1000 -1000 -1000 -10 0.99581
129 65 car -1 -1 -10 248 172 341 232 -1 -1 -1 -1000 -1000 -1000 -10 0.998273
129 67 car -1 -1 -10 450 168 492 203 -1 -1 -1 -1000 -1000 -1000 -10 0.998909
129 71 car -1 -1 -10 145 180 313 267 -1 -1 -1 -1000 -1000 -1000 -10 0.999886
130 64 car -1 -1 -10 589 173 616 200 -1 -1 -1 -1000 -1000 -1000 -10 0.99903
130 65 car -1 -1 -10 206 170 316 235 -1 -1 -1 -1000 -1000 -1000 -10 0.999846
130 67 car -1 -1 -10 442 167 488 204 -1 -1 -1 -1000 -1000 -1000 -10 0.994441
130 72 car -1 -1 -10 23 180 254 290 -1 -1 -1 -1000 -1000 -1000 -10 0.999956
131 64 car -1 -1 -10 589 172 616 200 -1 -1 -1 -1000 -1000 -1000 -10 0.999633
131 65 car -1 -1 -10 157 168 285 245 -1 -1 -1 -1000 -1000 -1000 -10 0.999919
131 67 car -1 -1 -10 432 166 481 205 -1 -1 -1 -1000 -1000 -1000 -10 0.990275
131 73 car -1 -1 -10 0 172 166 336 -1 -1 -1 -1000 -1000 -1000 -10 0.99318
132 64 car -1 -1 -10 590 172 616 199 -1 -1 -1 -1000 -1000 -1000 -10 0.999507
132 65 car -1 -1 -10 86 166 246 258 -1 -1 -1 -1000 -1000 -1000 -10 0.999819
132 67 car -1 -1 -10 421 165 476 206 -1 -1 -1 -1000 -1000 -1000 -10 0.999263
133 65 car -1 -1 -10 0 165 200 274 -1 -1 -1 -1000 -1000 -1000 -10 0.999973
133 67 car -1 -1 -10 409 167 469 210 -1 -1 -1 -1000 -1000 -1000 -10 0.999755
134 64 car -1 -1 -10 591 172 616 198 -1 -1 -1 -1000 -1000 -1000 -10 0.99943
134 67 car -1 -1 -10 393 166 460 214 -1 -1 -1 -1000 -1000 -1000 -10 0.999912
134 73 car -1 -1 -10 0 153 127 311 -1 -1 -1 -1000 -1000 -1000 -10 0.996968
135 64 car -1 -1 -10 591 175 617 201 -1 -1 -1 -1000 -1000 -1000 -10 0.998198
135 67 car -1 -1 -10 377 166 449 221 -1 -1 -1 -1000 -1000 -1000 -10 0.999793
135 74 car -1 -1 -10 0 157 33 325 -1 -1 -1 -1000 -1000 -1000 -10 0.883092
136 64 car -1 -1 -10 592 179 617 204 -1 -1 -1 -1000 -1000 -1000 -10 0.999734
136 67 car -1 -1 -10 354 167 434 224 -1 -1 -1 -1000 -1000 -1000 -10 0.998345
137 64 car -1 -1 -10 591 180 617 205 -1 -1 -1 -1000 -1000 -1000 -10 0.999696
137 67 car -1 -1 -10 323 169 423 233 -1 -1 -1 -1000 -1000 -1000 -10 0.999013
138 64 car -1 -1 -10 591 181 617 205 -1 -1 -1 -1000 -1000 -1000 -10 0.999687
138 67 car -1 -1 -10 290 166 401 243 -1 -1 -1 -1000 -1000 -1000 -10 0.999909
138 75 car -1 -1 -10 466 186 493 206 -1 -1 -1 -1000 -1000 -1000 -10 0.536143
139 64 car -1 -1 -10 591 180 617 206 -1 -1 -1 -1000 -1000 -1000 -10 0.999674
139 67 car -1 -1 -10 237 165 383 246 -1 -1 -1 -1000 -1000 -1000 -10 0.988041
139 75 car -1 -1 -10 460 186 486 206 -1 -1 -1 -1000 -1000 -1000 -10 0.454109
140 64 car -1 -1 -10 590 178 617 205 -1 -1 -1 -1000 -1000 -1000 -10 0.999813
140 67 car -1 -1 -10 170 157 347 264 -1 -1 -1 -1000 -1000 -1000 -10 0.999915
140 75 car -1 -1 -10 451 184 482 208 -1 -1 -1 -1000 -1000 -1000 -10 0.986435
141 64 car -1 -1 -10 589 178 617 205 -1 -1 -1 -1000 -1000 -1000 -10 0.999792
141 67 car -1 -1 -10 72 141 307 291 -1 -1 -1 -1000 -1000 -1000 -10 0.999958
141 75 car -1 -1 -10 443 185 474 208 -1 -1 -1 -1000 -1000 -1000 -10 0.989488
142 64 car -1 -1 -10 589 178 616 205 -1 -1 -1 -1000 -1000 -1000 -10 0.999835
142 67 car -1 -1 -10 0 135 254 314 -1 -1 -1 -1000 -1000 -1000 -10 0.997476
142 75 car -1 -1 -10 432 185 468 211 -1 -1 -1 -1000 -1000 -1000 -10 0.994729
143 64 car -1 -1 -10 589 176 616 204 -1 -1 -1 -1000 -1000 -1000 -10 0.999847
143 67 car -1 -1 -10 0 116 166 334 -1 -1 -1 -1000 -1000 -1000 -10 0.999547
143 75 car -1 -1 -10 421 184 460 209 -1 -1 -1 -1000 -1000 -1000 -10 0.994258
144 64 car -1 -1 -10 589 174 616 201 -1 -1 -1 -1000 -1000 -1000 -10 0.998794
144 75 car -1 -1 -10 407 183 451 210 -1 -1 -1 -1000 -1000 -1000 -10 0.998974
145 64 car -1 -1 -10 589 172 615 199 -1 -1 -1 -1000 -1000 -1000 -10 0.999689
145 75 car -1 -1 -10 390 181 440 211 -1 -1 -1 -1000 -1000 -1000 -10 0.999845
146 64 car -1 -1 -10 589 172 614 198 -1 -1 -1 -1000 -1000 -1000 -10 0.999708
146 75 car -1 -1 -10 371 183 430 214 -1 -1 -1 -1000 -1000 -1000 -10 0.999539
147 64 car -1 -1 -10 589 172 614 199 -1 -1 -1 -1000 -1000 -1000 -10 0.999349
147 75 car -1 -1 -10 348 183 415 221 -1 -1 -1 -1000 -1000 -1000 -10 0.999981
148 64 car -1 -1 -10 589 173 615 200 -1 -1 -1 -1000 -1000 -1000 -10 0.99844
148 75 car -1 -1 -10 321 186 393 227 -1 -1 -1 -1000 -1000 -1000 -10 0.999986
149 64 car -1 -1 -10 588 175 614 201 -1 -1 -1 -1000 -1000 -1000 -10 0.99915
149 75 car -1 -1 -10 283 188 376 240 -1 -1 -1 -1000 -1000 -1000 -10 0.999979
150 64 car -1 -1 -10 588 175 614 202 -1 -1 -1 -1000 -1000 -1000 -10 0.999597
150 75 car -1 -1 -10 237 194 352 251 -1 -1 -1 -1000 -1000 -1000 -10 0.999975
150 76 car -1 -1 -10 426 185 467 211 -1 -1 -1 -1000 -1000 -1000 -10 0.977069
151 64 car -1 -1 -10 587 175 615 201 -1 -1 -1 -1000 -1000 -1000 -10 0.999434
151 75 car -1 -1 -10 176 196 318 264 -1 -1 -1 -1000 -1000 -1000 -10 0.999617
151 76 car -1 -1 -10 415 184 458 213 -1 -1 -1 -1000 -1000 -1000 -10 0.987915
152 75 car -1 -1 -10 84 192 270 276 -1 -1 -1 -1000 -1000 -1000 -10 0.999982
152 76 car -1 -1 -10 401 179 447 212 -1 -1 -1 -1000 -1000 -1000 -10 0.999061
153 75 car -1 -1 -10 0 195 204 298 -1 -1 -1 -1000 -1000 -1000 -10 0.999956
153 76 car -1 -1 -10 384 179 438 212 -1 -1 -1 -1000 -1000 -1000 -10 0.999012
154 75 car -1 -1 -10 0 198 114 322 -1 -1 -1 -1000 -1000 -1000 -10 0.99834
154 76 car -1 -1 -10 362 181 424 216 -1 -1 -1 -1000 -1000 -1000 -10 0.999693
155 76 car -1 -1 -10 340 184 407 224 -1 -1 -1 -1000 -1000 -1000 -10 0.999978
156 64 car -1 -1 -10 587 171 612 197 -1 -1 -1 -1000 -1000 -1000 -10 0.997255
156 76 car -1 -1 -10 312 187 390 230 -1 -1 -1 -1000 -1000 -1000 -10 0.999885
156 77 car -1 -1 -10 441 179 474 202 -1 -1 -1 -1000 -1000 -1000 -10 0.898475
157 64 car -1 -1 -10 587 173 615 199 -1 -1 -1 -1000 -1000 -1000 -10 0.994436
157 76 car -1 -1 -10 274 188 370 241 -1 -1 -1 -1000 -1000 -1000 -10 0.999974
157 77 car -1 -1 -10 434 181 468 206 -1 -1 -1 -1000 -1000 -1000 -10 0.951366
158 64 car -1 -1 -10 588 176 614 202 -1 -1 -1 -1000 -1000 -1000 -10 0.99958
158 76 car -1 -1 -10 225 196 343 255 -1 -1 -1 -1000 -1000 -1000 -10 0.999989
158 77 car -1 -1 -10 426 185 464 211 -1 -1 -1 -1000 -1000 -1000 -10 0.993287
159 76 car -1 -1 -10 161 198 306 266 -1 -1 -1 -1000 -1000 -1000 -10 0.999977
159 77 car -1 -1 -10 416 183 458 213 -1 -1 -1 -1000 -1000 -1000 -10 0.998541
160 64 car -1 -1 -10 588 176 614 201 -1 -1 -1 -1000 -1000 -1000 -10 0.999671
160 76 car -1 -1 -10 62 198 257 285 -1 -1 -1 -1000 -1000 -1000 -10 0.999965
160 77 car -1 -1 -10 402 182 450 214 -1 -1 -1 -1000 -1000 -1000 -10 0.999589
161 64 car -1 -1 -10 588 174 616 201 -1 -1 -1 -1000 -1000 -1000 -10 0.998066
161 76 car -1 -1 -10 0 195 195 314 -1 -1 -1 -1000 -1000 -1000 -10 0.999937
161 77 car -1 -1 -10 389 181 442 215 -1 -1 -1 -1000 -1000 -1000 -10 0.999525
162 64 car -1 -1 -10 589 174 615 201 -1 -1 -1 -1000 -1000 -1000 -10 0.998851
162 77 car -1 -1 -10 374 180 433 217 -1 -1 -1 -1000 -1000 -1000 -10 0.999724
162 78 car -1 -1 -10 0 201 103 323 -1 -1 -1 -1000 -1000 -1000 -10 0.999508
163 64 car -1 -1 -10 589 176 615 203 -1 -1 -1 -1000 -1000 -1000 -10 0.999801
163 77 car -1 -1 -10 355 182 418 224 -1 -1 -1 -1000 -1000 -1000 -10 0.999987
164 64 car -1 -1 -10 589 177 614 204 -1 -1 -1 -1000 -1000 -1000 -10 0.999355
164 77 car -1 -1 -10 333 183 399 227 -1 -1 -1 -1000 -1000 -1000 -10 0.999999
165 64 car -1 -1 -10 589 176 615 203 -1 -1 -1 -1000 -1000 -1000 -10 0.999679
165 77 car -1 -1 -10 302 184 386 233 -1 -1 -1 -1000 -1000 -1000 -10 0.999947
165 79 car -1 -1 -10 546 178 573 201 -1 -1 -1 -1000 -1000 -1000 -10 0.993012
165 80 car -1 -1 -10 442 176 475 204 -1 -1 -1 -1000 -1000 -1000 -10 0.386816
166 64 car -1 -1 -10 588 176 615 203 -1 -1 -1 -1000 -1000 -1000 -10 0.999288
166 77 car -1 -1 -10 266 184 363 238 -1 -1 -1 -1000 -1000 -1000 -10 0.999921
166 79 car -1 -1 -10 546 177 572 201 -1 -1 -1 -1000 -1000 -1000 -10 0.989162
166 80 car -1 -1 -10 432 175 473 205 -1 -1 -1 -1000 -1000 -1000 -10 0.834339
167 64 car -1 -1 -10 588 176 615 203 -1 -1 -1 -1000 -1000 -1000 -10 0.999591
167 77 car -1 -1 -10 219 186 337 248 -1 -1 -1 -1000 -1000 -1000 -10 0.999993
167 79 car -1 -1 -10 545 177 572 202 -1 -1 -1 -1000 -1000 -1000 -10 0.976617
167 80 car -1 -1 -10 423 175 471 208 -1 -1 -1 -1000 -1000 -1000 -10 0.98278
168 64 car -1 -1 -10 588 174 614 201 -1 -1 -1 -1000 -1000 -1000 -10 0.999091
168 77 car -1 -1 -10 159 184 303 256 -1 -1 -1 -1000 -1000 -1000 -10 0.999988
168 80 car -1 -1 -10 414 172 464 207 -1 -1 -1 -1000 -1000 -1000 -10 0.988733
169 77 car -1 -1 -10 70 179 260 273 -1 -1 -1 -1000 -1000 -1000 -10 0.999901
169 80 car -1 -1 -10 402 170 455 205 -1 -1 -1 -1000 -1000 -1000 -10 0.975371
170 77 car -1 -1 -10 0 180 196 299 -1 -1 -1 -1000 -1000 -1000 -10 0.999616
170 80 car -1 -1 -10 388 169 447 207 -1 -1 -1 -1000 -1000 -1000 -10 0.996381
171 78 car -1 -1 -10 0 184 103 311 -1 -1 -1 -1000 -1000 -1000 -10 0.99881
171 79 car -1 -1 -10 540 172 566 199 -1 -1 -1 -1000 -1000 -1000 -10 0.997595
171 80 car -1 -1 -10 374 170 438 209 -1 -1 -1 -1000 -1000 -1000 -10 0.999486
172 79 car -1 -1 -10 536 174 567 204 -1 -1 -1 -1000 -1000 -1000 -10 0.997622
172 80 car -1 -1 -10 357 170 428 217 -1 -1 -1 -1000 -1000 -1000 -10 0.999676
173 79 car -1 -1 -10 535 178 564 207 -1 -1 -1 -1000 -1000 -1000 -10 0.998472
173 80 car -1 -1 -10 336 174 414 223 -1 -1 -1 -1000 -1000 -1000 -10 0.999662
174 64 car -1 -1 -10 583 175 608 202 -1 -1 -1 -1000 -1000 -1000 -10 0.991633
174 79 car -1 -1 -10 533 177 564 207 -1 -1 -1 -1000 -1000 -1000 -10 0.997576
174 80 car -1 -1 -10 315 173 399 226 -1 -1 -1 -1000 -1000 -1000 -10 0.999739
174 81 car -1 -1 -10 451 182 481 203 -1 -1 -1 -1000 -1000 -1000 -10 0.957552
175 64 car -1 -1 -10 583 173 608 198 -1 -1 -1 -1000 -1000 -1000 -10 0.98641
175 79 car -1 -1 -10 529 174 562 207 -1 -1 -1 -1000 -1000 -1000 -10 0.999409
175 80 car -1 -1 -10 286 175 384 230 -1 -1 -1 -1000 -1000 -1000 -10 0.999462
175 81 car -1 -1 -10 443 181 477 202 -1 -1 -1 -1000 -1000 -1000 -10 0.993101
176 64 car -1 -1 -10 582 173 607 198 -1 -1 -1 -1000 -1000 -1000 -10 0.996718
176 79 car -1 -1 -10 525 174 561 207 -1 -1 -1 -1000 -1000 -1000 -10 0.999847
176 80 car -1 -1 -10 253 168 360 238 -1 -1 -1 -1000 -1000 -1000 -10 0.999836
176 81 car -1 -1 -10 436 180 469 201 -1 -1 -1 -1000 -1000 -1000 -10 0.974279
177 64 car -1 -1 -10 581 173 608 199 -1 -1 -1 -1000 -1000 -1000 -10 0.997959
177 79 car -1 -1 -10 523 174 558 209 -1 -1 -1 -1000 -1000 -1000 -10 0.999882
177 80 car -1 -1 -10 206 167 335 244 -1 -1 -1 -1000 -1000 -1000 -10 0.999905
177 81 car -1 -1 -10 427 181 463 204 -1 -1 -1 -1000 -1000 -1000 -10 0.986383
178 64 car -1 -1 -10 581 173 607 199 -1 -1 -1 -1000 -1000 -1000 -10 0.996073
178 79 car -1 -1 -10 520 175 557 210 -1 -1 -1 -1000 -1000 -1000 -10 0.99964
178 80 car -1 -1 -10 146 169 308 257 -1 -1 -1 -1000 -1000 -1000 -10 0.999839
178 81 car -1 -1 -10 415 182 455 207 -1 -1 -1 -1000 -1000 -1000 -10 0.99544
179 64 car -1 -1 -10 580 175 606 201 -1 -1 -1 -1000 -1000 -1000 -10 0.990163
179 79 car -1 -1 -10 518 176 553 212 -1 -1 -1 -1000 -1000 -1000 -10 0.999401
179 80 car -1 -1 -10 66 168 268 271 -1 -1 -1 -1000 -1000 -1000 -10 0.999893
179 81 car -1 -1 -10 406 184 444 210 -1 -1 -1 -1000 -1000 -1000 -10 0.996804
180 64 car -1 -1 -10 579 175 604 203 -1 -1 -1 -1000 -1000 -1000 -10 0.998721
180 79 car -1 -1 -10 512 179 553 218 -1 -1 -1 -1000 -1000 -1000 -10 0.999296
180 80 car -1 -1 -10 0 164 212 302 -1 -1 -1 -1000 -1000 -1000 -10 0.999399
180 81 car -1 -1 -10 390 187 439 215 -1 -1 -1 -1000 -1000 -1000 -10 0.99946
181 78 car -1 -1 -10 0 170 136 320 -1 -1 -1 -1000 -1000 -1000 -10 0.997421
181 79 car -1 -1 -10 509 183 552 223 -1 -1 -1 -1000 -1000 -1000 -10 0.999806
181 81 car -1 -1 -10 378 191 427 222 -1 -1 -1 -1000 -1000 -1000 -10 0.999523
182 64 car -1 -1 -10 579 183 604 209 -1 -1 -1 -1000 -1000 -1000 -10 0.998911
182 79 car -1 -1 -10 504 186 551 226 -1 -1 -1 -1000 -1000 -1000 -10 0.995638
182 81 car -1 -1 -10 359 193 418 227 -1 -1 -1 -1000 -1000 -1000 -10 0.999674
182 82 car -1 -1 -10 0 189 33 330 -1 -1 -1 -1000 -1000 -1000 -10 0.358889
183 64 car -1 -1 -10 579 183 605 210 -1 -1 -1 -1000 -1000 -1000 -10 0.998158
183 79 car -1 -1 -10 499 186 549 231 -1 -1 -1 -1000 -1000 -1000 -10 0.999703
183 81 car -1 -1 -10 338 194 400 232 -1 -1 -1 -1000 -1000 -1000 -10 0.999852
184 79 car -1 -1 -10 494 183 548 228 -1 -1 -1 -1000 -1000 -1000 -10 0.99997
184 81 car -1 -1 -10 317 192 386 232 -1 -1 -1 -1000 -1000 -1000 -10 0.999963
185 79 car -1 -1 -10 489 180 546 229 -1 -1 -1 -1000 -1000 -1000 -10 0.999991
185 81 car -1 -1 -10 288 189 371 234 -1 -1 -1 -1000 -1000 -1000 -10 0.999937
185 83 car -1 -1 -10 382 182 419 211 -1 -1 -1 -1000 -1000 -1000 -10 0.885664
186 79 car -1 -1 -10 483 178 542 229 -1 -1 -1 -1000 -1000 -1000 -10 0.999998
186 81 car -1 -1 -10 252 188 349 237 -1 -1 -1 -1000 -1000 -1000 -10 0.999967
186 83 car -1 -1 -10 366 184 411 210 -1 -1 -1 -1000 -1000 -1000 -10 0.984345
186 84 car -1 -1 -10 580 175 606 202 -1 -1 -1 -1000 -1000 -1000 -10 0.999013
187 79 car -1 -1 -10 477 177 540 233 -1 -1 -1 -1000 -1000 -1000 -10 0.999997
187 81 car -1 -1 -10 209 191 326 247 -1 -1 -1 -1000 -1000 -1000 -10 0.999885
187 83 car -1 -1 -10 355 184 401 214 -1 -1 -1 -1000 -1000 -1000 -10 0.998504
187 84 car -1 -1 -10 581 175 607 202 -1 -1 -1 -1000 -1000 -1000 -10 0.998375
188 79 car -1 -1 -10 470 179 538 238 -1 -1 -1 -1000 -1000 -1000 -10 0.999961
188 81 car -1 -1 -10 153 193 291 262 -1 -1 -1 -1000 -1000 -1000 -10 0.999978
188 83 car -1 -1 -10 338 187 388 219 -1 -1 -1 -1000 -1000 -1000 -10 0.999337
189 79 car -1 -1 -10 460 177 537 244 -1 -1 -1 -1000 -1000 -1000 -10 0.999988
189 81 car -1 -1 -10 74 197 253 276 -1 -1 -1 -1000 -1000 -1000 -10 0.999966
189 83 car -1 -1 -10 318 187 376 223 -1 -1 -1 -1000 -1000 -1000 -10 0.998102
190 79 car -1 -1 -10 450 176 532 248 -1 -1 -1 -1000 -1000 -1000 -10 0.999959
190 81 car -1 -1 -10 0 196 196 296 -1 -1 -1 -1000 -1000 -1000 -10 0.99989
190 83 car -1 -1 -10 299 188 361 224 -1 -1 -1 -1000 -1000 -1000 -10 0.999916
191 78 car -1 -1 -10 0 192 117 312 -1 -1 -1 -1000 -1000 -1000 -10 0.999437
191 79 car -1 -1 -10 438 178 531 250 -1 -1 -1 -1000 -1000 -1000 -10 0.999963
191 83 car -1 -1 -10 269 186 340 227 -1 -1 -1 -1000 -1000 -1000 -10 0.999956
191 84 car -1 -1 -10 586 172 611 200 -1 -1 -1 -1000 -1000 -1000 -10 0.990335
192 79 car -1 -1 -10 424 175 522 257 -1 -1 -1 -1000 -1000 -1000 -10 0.999961
192 83 car -1 -1 -10 234 184 321 230 -1 -1 -1 -1000 -1000 -1000 -10 0.999619
192 84 car -1 -1 -10 587 172 612 198 -1 -1 -1 -1000 -1000 -1000 -10 0.994858
193 79 car -1 -1 -10 404 176 521 264 -1 -1 -1 -1000 -1000 -1000 -10 0.999969
193 83 car -1 -1 -10 192 187 288 238 -1 -1 -1 -1000 -1000 -1000 -10 0.999789
193 84 car -1 -1 -10 588 171 613 198 -1 -1 -1 -1000 -1000 -1000 -10 0.992994
194 79 car -1 -1 -10 384 178 512 276 -1 -1 -1 -1000 -1000 -1000 -10 0.999831
194 83 car -1 -1 -10 137 194 257 250 -1 -1 -1 -1000 -1000 -1000 -10 0.999976
195 79 car -1 -1 -10 353 181 506 296 -1 -1 -1 -1000 -1000 -1000 -10 0.99997
195 83 car -1 -1 -10 71 201 216 266 -1 -1 -1 -1000 -1000 -1000 -10 0.999837
195 84 car -1 -1 -10 589 176 614 203 -1 -1 -1 -1000 -1000 -1000 -10 0.998359
196 79 car -1 -1 -10 309 183 501 321 -1 -1 -1 -1000 -1000 -1000 -10 0.99989
196 83 car -1 -1 -10 0 200 164 280 -1 -1 -1 -1000 -1000 -1000 -10 0.999417
196 84 car -1 -1 -10 591 176 616 203 -1 -1 -1 -1000 -1000 -1000 -10 0.997273
197 78 car -1 -1 -10 0 196 91 291 -1 -1 -1 -1000 -1000 -1000 -10 0.996547
197 79 car -1 -1 -10 257 173 491 350 -1 -1 -1 -1000 -1000 -1000 -10 0.999962
197 84 car -1 -1 -10 592 173 618 199 -1 -1 -1 -1000 -1000 -1000 -10 0.995498
197 85 pedestrian -1 -1 -10 703 171 728 238 -1 -1 -1 -1000 -1000 -1000 -10 0.457352
198 79 car -1 -1 -10 166 175 475 367 -1 -1 -1 -1000 -1000 -1000 -10 0.999869
198 86 pedestrian -1 -1 -10 715 165 740 240 -1 -1 -1 -1000 -1000 -1000 -10 0.953938
199 79 car -1 -1 -10 24 167 471 375 -1 -1 -1 -1000 -1000 -1000 -10 0.999949
199 87 pedestrian -1 -1 -10 727 162 754 246 -1 -1 -1 -1000 -1000 -1000 -10 0.977033
199 88 pedestrian -1 -1 -10 299 176 328 266 -1 -1 -1 -1000 -1000 -1000 -10 0.742173
200 79 car -1 -1 -10 0 168 429 375 -1 -1 -1 -1000 -1000 -1000 -10 0.999874
200 84 car -1 -1 -10 597 172 622 200 -1 -1 -1 -1000 -1000 -1000 -10 0.992686
200 89 pedestrian -1 -1 -10 745 166 773 257 -1 -1 -1 -1000 -1000 -1000 -10 0.92964
200 90 pedestrian -1 -1 -10 267 175 295 274 -1 -1 -1 -1000 -1000 -1000 -10 0.800487
201 79 car -1 -1 -10 0 157 385 375 -1 -1 -1 -1000 -1000 -1000 -10 0.999841
201 84 car -1 -1 -10 598 175 626 202 -1 -1 -1 -1000 -1000 -1000 -10 0.997708
201 86 pedestrian -1 -1 -10 718 167 748 261 -1 -1 -1 -1000 -1000 -1000 -10 0.977528
201 91 pedestrian -1 -1 -10 765 170 796 263 -1 -1 -1 -1000 -1000 -1000 -10 0.966748
201 92 pedestrian -1 -1 -10 225 183 259 284 -1 -1 -1 -1000 -1000 -1000 -10 0.856537
202 79 car -1 -1 -10 0 184 331 373 -1 -1 -1 -1000 -1000 -1000 -10 0.999685
202 84 car -1 -1 -10 599 173 628 202 -1 -1 -1 -1000 -1000 -1000 -10 0.996497
202 89 pedestrian -1 -1 -10 738 168 769 271 -1 -1 -1 -1000 -1000 -1000 -10 0.958698
202 93 car -1 -1 -10 101 200 245 273 -1 -1 -1 -1000 -1000 -1000 -10 0.882255
202 94 pedestrian -1 -1 -10 788 169 824 276 -1 -1 -1 -1000 -1000 -1000 -10 0.981505
202 95 pedestrian -1 -1 -10 165 183 211 301 -1 -1 -1 -1000 -1000 -1000 -10 0.685718
203 83 car -1 -1 -10 0 202 166 303 -1 -1 -1 -1000 -1000 -1000 -10 0.698898
203 84 car -1 -1 -10 602 172 628 200 -1 -1 -1 -1000 -1000 -1000 -10 0.992688
203 91 pedestrian -1 -1 -10 755 169 797 280 -1 -1 -1 -1000 -1000 -1000 -10 0.973145
203 96 car -1 -1 -10 391 186 443 217 -1 -1 -1 -1000 -1000 -1000 -10 0.723203
203 97 pedestrian -1 -1 -10 816 165 869 287 -1 -1 -1 -1000 -1000 -1000 -10 0.792172
203 98 pedestrian -1 -1 -10 80 177 141 326 -1 -1 -1 -1000 -1000 -1000 -10 0.764077
204 78 car -1 -1 -10 0 215 93 297 -1 -1 -1 -1000 -1000 -1000 -10 0.670438
204 84 car -1 -1 -10 601 174 629 204 -1 -1 -1 -1000 -1000 -1000 -10 0.999231
204 94 pedestrian -1 -1 -10 779 173 830 295 -1 -1 -1 -1000 -1000 -1000 -10 0.98496
204 96 car -1 -1 -10 375 188 426 222 -1 -1 -1 -1000 -1000 -1000 -10 0.905506
204 99 pedestrian -1 -1 -10 858 154 913 336 -1 -1 -1 -1000 -1000 -1000 -10 0.993292
204 100 pedestrian -1 -1 -10 0 179 25 351 -1 -1 -1 -1000 -1000 -1000 -10 0.322423
205 84 car -1 -1 -10 603 180 628 208 -1 -1 -1 -1000 -1000 -1000 -10 0.9991
205 96 car -1 -1 -10 351 191 417 230 -1 -1 -1 -1000 -1000 -1000 -10 0.999172
205 97 pedestrian -1 -1 -10 808 181 867 329 -1 -1 -1 -1000 -1000 -1000 -10 0.976502
205 101 pedestrian -1 -1 -10 921 147 992 375 -1 -1 -1 -1000 -1000 -1000 -10 0.984014
206 84 car -1 -1 -10 603 182 630 210 -1 -1 -1 -1000 -1000 -1000 -10 0.998474
206 96 car -1 -1 -10 322 196 395 237 -1 -1 -1 -1000 -1000 -1000 -10 0.999669
206 99 pedestrian -1 -1 -10 854 181 933 371 -1 -1 -1 -1000 -1000 -1000 -10 0.990221
206 102 pedestrian -1 -1 -10 1020 169 1122 375 -1 -1 -1 -1000 -1000 -1000 -10 0.937029
207 84 car -1 -1 -10 603 181 629 209 -1 -1 -1 -1000 -1000 -1000 -10 0.9996
207 96 car -1 -1 -10 286 193 375 241 -1 -1 -1 -1000 -1000 -1000 -10 0.99811
207 101 pedestrian -1 -1 -10 933 180 1031 371 -1 -1 -1 -1000 -1000 -1000 -10 0.982126
207 103 car -1 -1 -10 325 188 388 225 -1 -1 -1 -1000 -1000 -1000 -10 0.877333
208 84 car -1 -1 -10 603 177 628 204 -1 -1 -1 -1000 -1000 -1000 -10 0.99826
208 96 car -1 -1 -10 238 194 348 248 -1 -1 -1 -1000 -1000 -1000 -10 0.999904
208 103 car -1 -1 -10 299 185 368 226 -1 -1 -1 -1000 -1000 -1000 -10 0.997279
208 104 pedestrian -1 -1 -10 1059 169 1242 366 -1 -1 -1 -1000 -1000 -1000 -10 0.925658
209 84 car -1 -1 -10 603 177 628 204 -1 -1 -1 -1000 -1000 -1000 -10 0.998514
209 96 car -1 -1 -10 179 196 314 257 -1 -1 -1 -1000 -1000 -1000 -10 0.999743
209 103 car -1 -1 -10 259 186 344 234 -1 -1 -1 -1000 -1000 -1000 -10 0.982608
209 105 car -1 -1 -10 470 184 496 201 -1 -1 -1 -1000 -1000 -1000 -10 0.327487
210 84 car -1 -1 -10 602 176 630 204 -1 -1 -1 -1000 -1000 -1000 -10 0.998464
210 93 car -1 -1 -10 94 196 264 274 -1 -1 -1 -1000 -1000 -1000 -10 0.999215
210 103 car -1 -1 -10 224 187 312 238 -1 -1 -1 -1000 -1000 -1000 -10 0.996546
210 105 car -1 -1 -10 461 183 490 202 -1 -1 -1 -1000 -1000 -1000 -10 0.980186
211 84 car -1 -1 -10 602 175 629 204 -1 -1 -1 -1000 -1000 -1000 -10 0.998458
211 103 car -1 -1 -10 159 187 278 246 -1 -1 -1 -1000 -1000 -1000 -10 0.999567
211 105 car -1 -1 -10 450 182 482 204 -1 -1 -1 -1000 -1000 -1000 -10 0.987854
211 106 car -1 -1 -10 0 198 204 292 -1 -1 -1 -1000 -1000 -1000 -10 0.999916
212 83 car -1 -1 -10 0 201 113 307 -1 -1 -1 -1000 -1000 -1000 -10 0.99303
212 84 car -1 -1 -10 601 174 629 203 -1 -1 -1 -1000 -1000 -1000 -10 0.99915
212 103 car -1 -1 -10 87 186 233 256 -1 -1 -1 -1000 -1000 -1000 -10 0.999756
212 105 car -1 -1 -10 438 181 473 205 -1 -1 -1 -1000 -1000 -1000 -10 0.998631
213 84 car -1 -1 -10 600 174 628 203 -1 -1 -1 -1000 -1000 -1000 -10 0.999467
213 103 car -1 -1 -10 0 188 176 275 -1 -1 -1 -1000 -1000 -1000 -10 0.999895
213 105 car -1 -1 -10 426 182 461 208 -1 -1 -1 -1000 -1000 -1000 -10 0.997951
214 78 car -1 -1 -10 0 184 98 283 -1 -1 -1 -1000 -1000 -1000 -10 0.997916
214 84 car -1 -1 -10 601 172 627 199 -1 -1 -1 -1000 -1000 -1000 -10 0.999477
214 105 car -1 -1 -10 408 179 452 206 -1 -1 -1 -1000 -1000 -1000 -10 0.999552
215 84 car -1 -1 -10 600 173 628 200 -1 -1 -1 -1000 -1000 -1000 -10 0.997557
215 105 car -1 -1 -10 391 180 440 212 -1 -1 -1 -1000 -1000 -1000 -10 0.999878
216 84 car -1 -1 -10 600 175 627 203 -1 -1 -1 -1000 -1000 -1000 -10 0.9993
216 105 car -1 -1 -10 372 185 427 216 -1 -1 -1 -1000 -1000 -1000 -10 0.999862
217 84 car -1 -1 -10 599 176 626 204 -1 -1 -1 -1000 -1000 -1000 -10 0.998992
217 105 car -1 -1 -10 350 186 409 221 -1 -1 -1 -1000 -1000 -1000 -10 0.999947
218 84 car -1 -1 -10 599 176 627 204 -1 -1 -1 -1000 -1000 -1000 -10 0.998951
218 105 car -1 -1 -10 323 186 389 224 -1 -1 -1 -1000 -1000 -1000 -10 0.999994
219 84 car -1 -1 -10 599 174 627 203 -1 -1 -1 -1000 -1000 -1000 -10 0.998882
219 105 car -1 -1 -10 289 186 366 228 -1 -1 -1 -1000 -1000 -1000 -10 0.999766
220 84 car -1 -1 -10 601 172 627 199 -1 -1 -1 -1000 -1000 -1000 -10 0.998955
220 105 car -1 -1 -10 246 186 341 234 -1 -1 -1 -1000 -1000 -1000 -10 0.999919
221 84 car -1 -1 -10 602 171 627 197 -1 -1 -1 -1000 -1000 -1000 -10 0.997536
221 105 car -1 -1 -10 194 189 306 244 -1 -1 -1 -1000 -1000 -1000 -10 0.99998
221 107 pedestrian -1 -1 -10 812 155 837 224 -1 -1 -1 -1000 -1000 -1000 -10 0.972002
222 84 car -1 -1 -10 601 172 627 199 -1 -1 -1 -1000 -1000 -1000 -10 0.997456
222 105 car -1 -1 -10 123 192 265 257 -1 -1 -1 -1000 -1000 -1000 -10 0.999993
222 108 pedestrian -1 -1 -10 827 155 856 228 -1 -1 -1 -1000 -1000 -1000 -10 0.981634
223 84 car -1 -1 -10 600 175 627 204 -1 -1 -1 -1000 -1000 -1000 -10 0.998275
223 105 car -1 -1 -10 15 197 213 277 -1 -1 -1 -1000 -1000 -1000 -10 0.999975
223 109 pedestrian -1 -1 -10 850 159 878 238 -1 -1 -1 -1000 -1000 -1000 -10 0.906735
224 84 car -1 -1 -10 601 179 626 207 -1 -1 -1 -1000 -1000 -1000 -10 0.998467
224 105 car -1 -1 -10 0 200 129 302 -1 -1 -1 -1000 -1000 -1000 -10 0.998017
224 110 pedestrian -1 -1 -10 870 162 902 245 -1 -1 -1 -1000 -1000 -1000 -10 0.995502
225 84 car -1 -1 -10 600 180 626 207 -1 -1 -1 -1000 -1000 -1000 -10 0.998261
225 111 pedestrian -1 -1 -10 898 163 929 248 -1 -1 -1 -1000 -1000 -1000 -10 0.917123
226 84 car -1 -1 -10 600 179 625 206 -1 -1 -1 -1000 -1000 -1000 -10 0.998465
226 112 pedestrian -1 -1 -10 927 160 967 263 -1 -1 -1 -1000 -1000 -1000 -10 0.988938
227 84 car -1 -1 -10 599 179 625 206 -1 -1 -1 -1000 -1000 -1000 -10 0.998847
227 113 car -1 -1 -10 439 186 467 207 -1 -1 -1 -1000 -1000 -1000 -10 0.585614
227 114 pedestrian -1 -1 -10 967 161 1019 269 -1 -1 -1 -1000 -1000 -1000 -10 0.981879
228 84 car -1 -1 -10 599 181 625 209 -1 -1 -1 -1000 -1000 -1000 -10 0.999129
228 113 car -1 -1 -10 431 188 462 210 -1 -1 -1 -1000 -1000 -1000 -10 0.99364
228 115 pedestrian -1 -1 -10 1017 158 1080 290 -1 -1 -1 -1000 -1000 -1000 -10 0.965661
229 84 car -1 -1 -10 599 181 626 209 -1 -1 -1 -1000 -1000 -1000 -10 0.999185
229 113 car -1 -1 -10 420 188 453 211 -1 -1 -1 -1000 -1000 -1000 -10 0.995705
229 116 car -1 -1 -10 474 186 502 207 -1 -1 -1 -1000 -1000 -1000 -10 0.801549
229 117 pedestrian -1 -1 -10 1090 157 1170 311 -1 -1 -1 -1000 -1000 -1000 -10 0.993185
230 84 car -1 -1 -10 598 178 625 206 -1 -1 -1 -1000 -1000 -1000 -10 0.998835
230 113 car -1 -1 -10 408 187 445 210 -1 -1 -1 -1000 -1000 -1000 -10 0.994606
230 116 car -1 -1 -10 464 185 493 207 -1 -1 -1 -1000 -1000 -1000 -10 0.961624
230 118 pedestrian -1 -1 -10 1191 147 1242 344 -1 -1 -1 -1000 -1000 -1000 -10 0.743315
231 84 car -1 -1 -10 598 176 626 205 -1 -1 -1 -1000 -1000 -1000 -10 0.999565
231 113 car -1 -1 -10 395 185 437 211 -1 -1 -1 -1000 -1000 -1000 -10 0.998742
231 116 car -1 -1 -10 453 183 485 207 -1 -1 -1 -1000 -1000 -1000 -10 0.994382
232 84 car -1 -1 -10 598 176 626 204 -1 -1 -1 -1000 -1000 -1000 -10 0.999565
232 113 car -1 -1 -10 381 185 426 212 -1 -1 -1 -1000 -1000 -1000 -10 0.999878
232 116 car -1 -1 -10 442 184 478 208 -1 -1 -1 -1000 -1000 -1000 -10 0.997416
233 84 car -1 -1 -10 598 175 626 203 -1 -1 -1 -1000 -1000 -1000 -10 0.999434
233 113 car -1 -1 -10 364 184 414 214 -1 -1 -1 -1000 -1000 -1000 -10 0.999798
233 116 car -1 -1 -10 427 184 467 210 -1 -1 -1 -1000 -1000 -1000 -10 0.997633
234 84 car -1 -1 -10 597 172 626 201 -1 -1 -1 -1000 -1000 -1000 -10 0.99759
234 113 car -1 -1 -10 345 183 400 215 -1 -1 -1 -1000 -1000 -1000 -10 0.999809
234 116 car -1 -1 -10 410 180 457 213 -1 -1 -1 -1000 -1000 -1000 -10 0.998054
235 84 car -1 -1 -10 596 174 627 202 -1 -1 -1 -1000 -1000 -1000 -10 0.995293
235 113 car -1 -1 -10 322 185 387 219 -1 -1 -1 -1000 -1000 -1000 -10 0.999887
235 116 car -1 -1 -10 384 182 445 218 -1 -1 -1 -1000 -1000 -1000 -10 0.99977
236 84 car -1 -1 -10 597 175 626 203 -1 -1 -1 -1000 -1000 -1000 -10 0.999557
236 113 car -1 -1 -10 298 187 368 225 -1 -1 -1 -1000 -1000 -1000 -10 0.999971
236 116 car -1 -1 -10 360 185 428 224 -1 -1 -1 -1000 -1000 -1000 -10 0.99999
236 119 car -1 -1 -10 477 181 504 201 -1 -1 -1 -1000 -1000 -1000 -10 0.936534
237 84 car -1 -1 -10 597 175 626 204 -1 -1 -1 -1000 -1000 -1000 -10 0.999313
237 113 car -1 -1 -10 265 189 345 231 -1 -1 -1 -1000 -1000 -1000 -10 0.999948
237 116 car -1 -1 -10 330 188 408 230 -1 -1 -1 -1000 -1000 -1000 -10 0.999813
237 119 car -1 -1 -10 468 181 499 204 -1 -1 -1 -1000 -1000 -1000 -10 0.882993
238 84 car -1 -1 -10 597 175 626 204 -1 -1 -1 -1000 -1000 -1000 -10 0.999544
238 113 car -1 -1 -10 224 191 321 238 -1 -1 -1 -1000 -1000 -1000 -10 0.999831
238 116 car -1 -1 -10 290 187 380 241 -1 -1 -1 -1000 -1000 -1000 -10 0.999979
238 119 car -1 -1 -10 460 183 491 207 -1 -1 -1 -1000 -1000 -1000 -10 0.984847
239 84 car -1 -1 -10 597 175 626 204 -1 -1 -1 -1000 -1000 -1000 -10 0.999707
239 113 car -1 -1 -10 175 191 297 246 -1 -1 -1 -1000 -1000 -1000 -10 0.998471
239 116 car -1 -1 -10 238 193 346 251 -1 -1 -1 -1000 -1000 -1000 -10 0.999988
239 119 car -1 -1 -10 448 182 484 209 -1 -1 -1 -1000 -1000 -1000 -10 0.976501
240 84 car -1 -1 -10 597 175 626 203 -1 -1 -1 -1000 -1000 -1000 -10 0.999354
240 113 car -1 -1 -10 114 195 247 254 -1 -1 -1 -1000 -1000 -1000 -10 0.990076
240 116 car -1 -1 -10 153 194 305 266 -1 -1 -1 -1000 -1000 -1000 -10 0.999821
240 119 car -1 -1 -10 436 182 476 211 -1 -1 -1 -1000 -1000 -1000 -10 0.998356
241 84 car -1 -1 -10 597 174 626 202 -1 -1 -1 -1000 -1000 -1000 -10 0.998948
241 113 car -1 -1 -10 29 194 231 287 -1 -1 -1 -1000 -1000 -1000 -10 0.999901
241 119 car -1 -1 -10 423 180 467 212 -1 -1 -1 -1000 -1000 -1000 -10 0.997885
242 84 car -1 -1 -10 597 174 627 202 -1 -1 -1 -1000 -1000 -1000 -10 0.998991
242 113 car -1 -1 -10 0 194 141 316 -1 -1 -1 -1000 -1000 -1000 -10 0.999117
242 119 car -1 -1 -10 405 182 457 215 -1 -1 -1 -1000 -1000 -1000 -10 0.998477
243 84 car -1 -1 -10 597 175 626 203 -1 -1 -1 -1000 -1000 -1000 -10 0.999415
243 119 car -1 -1 -10 386 184 443 221 -1 -1 -1 -1000 -1000 -1000 -10 0.998466
243 120 car -1 -1 -10 0 183 30 302 -1 -1 -1 -1000 -1000 -1000 -10 0.343952
244 84 car -1 -1 -10 598 176 626 204 -1 -1 -1 -1000 -1000 -1000 -10 0.999771
244 119 car -1 -1 -10 362 186 424 226 -1 -1 -1 -1000 -1000 -1000 -10 0.999994
245 84 car -1 -1 -10 598 175 626 204 -1 -1 -1 -1000 -1000 -1000 -10 0.999802
245 119 car -1 -1 -10 331 188 406 230 -1 -1 -1 -1000 -1000 -1000 -10 0.999958
246 84 car -1 -1 -10 597 174 626 202 -1 -1 -1 -1000 -1000 -1000 -10 0.999311
246 119 car -1 -1 -10 293 187 379 239 -1 -1 -1 -1000 -1000 -1000 -10 0.999978
247 84 car -1 -1 -10 598 174 627 202 -1 -1 -1 -1000 -1000 -1000 -10 0.999815
247 119 car -1 -1 -10 240 191 350 247 -1 -1 -1 -1000 -1000 -1000 -10 0.999962
248 84 car -1 -1 -10 598 175 626 204 -1 -1 -1 -1000 -1000 -1000 -10 0.999917
248 119 car -1 -1 -10 169 196 315 266 -1 -1 -1 -1000 -1000 -1000 -10 0.99999
249 84 car -1 -1 -10 598 174 627 204 -1 -1 -1 -1000 -1000 -1000 -10 0.999932
249 116 car -1 -1 -10 60 196 259 289 -1 -1 -1 -1000 -1000 -1000 -10 0.999974
250 84 car -1 -1 -10 599 175 626 204 -1 -1 -1 -1000 -1000 -1000 -10 0.999916
250 116 car -1 -1 -10 0 197 175 320 -1 -1 -1 -1000 -1000 -1000 -10 0.999949
251 84 car -1 -1 -10 599 176 626 206 -1 -1 -1 -1000 -1000 -1000 -10 0.999938
251 121 car -1 -1 -10 0 194 49 338 -1 -1 -1 -1000 -1000 -1000 -10 0.879118
252 84 car -1 -1 -10 599 178 627 209 -1 -1 -1 -1000 -1000 -1000 -10 0.999907
253 84 car -1 -1 -10 599 179 627 209 -1 -1 -1 -1000 -1000 -1000 -10 0.999897
254 84 car -1 -1 -10 599 178 627 208 -1 -1 -1 -1000 -1000 -1000 -10 0.9999
255 84 car -1 -1 -10 599 178 627 208 -1 -1 -1 -1000 -1000 -1000 -10 0.999881
256 84 car -1 -1 -10 598 178 627 208 -1 -1 -1 -1000 -1000 -1000 -10 0.999894
257 84 car -1 -1 -10 599 175 627 205 -1 -1 -1 -1000 -1000 -1000 -10 0.99993
258 84 car -1 -1 -10 598 173 628 203 -1 -1 -1 -1000 -1000 -1000 -10 0.999536
259 84 car -1 -1 -10 598 170 627 201 -1 -1 -1 -1000 -1000 -1000 -10 0.999734
260 84 car -1 -1 -10 598 170 627 202 -1 -1 -1 -1000 -1000 -1000 -10 0.999728
261 84 car -1 -1 -10 598 173 627 203 -1 -1 -1 -1000 -1000 -1000 -10 0.999871
262 84 car -1 -1 -10 597 176 626 206 -1 -1 -1 -1000 -1000 -1000 -10 0.999759
263 84 car -1 -1 -10 597 176 626 206 -1 -1 -1 -1000 -1000 -1000 -10 0.999453
264 84 car -1 -1 -10 596 174 626 204 -1 -1 -1 -1000 -1000 -1000 -10 0.999452
265 84 car -1 -1 -10 597 172 625 201 -1 -1 -1 -1000 -1000 -1000 -10 0.980202
266 84 car -1 -1 -10 597 171 625 200 -1 -1 -1 -1000 -1000 -1000 -10 0.995937
267 84 car -1 -1 -10 597 171 625 199 -1 -1 -1 -1000 -1000 -1000 -10 0.990397
268 84 car -1 -1 -10 595 169 623 200 -1 -1 -1 -1000 -1000 -1000 -10 0.997912
269 84 car -1 -1 -10 594 173 624 204 -1 -1 -1 -1000 -1000 -1000 -10 0.997911
270 84 car -1 -1 -10 593 179 622 209 -1 -1 -1 -1000 -1000 -1000 -10 0.999103
271 84 car -1 -1 -10 593 180 622 211 -1 -1 -1 -1000 -1000 -1000 -10 0.99901
272 84 car -1 -1 -10 592 180 621 212 -1 -1 -1 -1000 -1000 -1000 -10 0.99869
273 84 car -1 -1 -10 591 179 620 211 -1 -1 -1 -1000 -1000 -1000 -10 0.999451
274 84 car -1 -1 -10 590 178 619 211 -1 -1 -1 -1000 -1000 -1000 -10 0.999723
275 84 car -1 -1 -10 589 177 619 210 -1 -1 -1 -1000 -1000 -1000 -10 0.999829
276 84 car -1 -1 -10 589 176 617 209 -1 -1 -1 -1000 -1000 -1000 -10 0.999839
277 84 car -1 -1 -10 588 174 616 207 -1 -1 -1 -1000 -1000 -1000 -10 0.999879
278 84 car -1 -1 -10 587 173 616 207 -1 -1 -1 -1000 -1000 -1000 -10 0.999919
279 84 car -1 -1 -10 588 172 617 206 -1 -1 -1 -1000 -1000 -1000 -10 0.999852
280 84 car -1 -1 -10 588 173 616 204 -1 -1 -1 -1000 -1000 -1000 -10 0.999736
281 84 car -1 -1 -10 588 172 617 203 -1 -1 -1 -1000 -1000 -1000 -10 0.998561
282 84 car -1 -1 -10 588 171 616 202 -1 -1 -1 -1000 -1000 -1000 -10 0.999382
283 84 car -1 -1 -10 588 170 616 202 -1 -1 -1 -1000 -1000 -1000 -10 0.99979
284 84 car -1 -1 -10 588 169 616 201 -1 -1 -1 -1000 -1000 -1000 -10 0.999835
285 84 car -1 -1 -10 588 169 616 201 -1 -1 -1 -1000 -1000 -1000 -10 0.999785
286 84 car -1 -1 -10 588 169 616 202 -1 -1 -1 -1000 -1000 -1000 -10 0.999251
287 84 car -1 -1 -10 588 170 616 203 -1 -1 -1 -1000 -1000 -1000 -10 0.998954
288 84 car -1 -1 -10 588 171 616 204 -1 -1 -1 -1000 -1000 -1000 -10 0.999707
289 84 car -1 -1 -10 588 172 617 205 -1 -1 -1 -1000 -1000 -1000 -10 0.999814
290 84 car -1 -1 -10 587 169 618 203 -1 -1 -1 -1000 -1000 -1000 -10 0.999414
291 84 car -1 -1 -10 588 167 618 202 -1 -1 -1 -1000 -1000 -1000 -10 0.99988
292 84 car -1 -1 -10 588 167 618 202 -1 -1 -1 -1000 -1000 -1000 -10 0.999867
293 84 car -1 -1 -10 588 168 618 202 -1 -1 -1 -1000 -1000 -1000 -10 0.999818
294 84 car -1 -1 -10 588 170 619 202 -1 -1 -1 -1000 -1000 -1000 -10 0.999375
295 84 car -1 -1 -10 588 170 619 202 -1 -1 -1 -1000 -1000 -1000 -10 0.998611
296 84 car -1 -1 -10 589 171 620 202 -1 -1 -1 -1000 -1000 -1000 -10 0.995964
297 84 car -1 -1 -10 589 172 620 203 -1 -1 -1 -1000 -1000 -1000 -10 0.998727
298 84 car -1 -1 -10 589 172 620 203 -1 -1 -1 -1000 -1000 -1000 -10 0.999013
299 84 car -1 -1 -10 590 173 621 203 -1 -1 -1 -1000 -1000 -1000 -10 0.999383
300 84 car -1 -1 -10 591 173 622 203 -1 -1 -1 -1000 -1000 -1000 -10 0.999567
301 84 car -1 -1 -10 590 173 622 204 -1 -1 -1 -1000 -1000 -1000 -10 0.999723
302 84 car -1 -1 -10 591 174 623 204 -1 -1 -1 -1000 -1000 -1000 -10 0.999784
303 84 car -1 -1 -10 592 174 624 204 -1 -1 -1 -1000 -1000 -1000 -10 0.999794
303 122 pedestrian -1 -1 -10 91 193 119 247 -1 -1 -1 -1000 -1000 -1000 -10 0.701285
304 84 car -1 -1 -10 594 175 623 206 -1 -1 -1 -1000 -1000 -1000 -10 0.999778
304 123 pedestrian -1 -1 -10 51 193 81 255 -1 -1 -1 -1000 -1000 -1000 -10 0.875515
305 84 car -1 -1 -10 594 176 623 208 -1 -1 -1 -1000 -1000 -1000 -10 0.999855
306 84 car -1 -1 -10 595 175 623 208 -1 -1 -1 -1000 -1000 -1000 -10 0.999766
307 84 car -1 -1 -10 594 175 623 206 -1 -1 -1 -1000 -1000 -1000 -10 0.999788
308 84 car -1 -1 -10 595 176 623 207 -1 -1 -1 -1000 -1000 -1000 -10 0.999695
309 84 car -1 -1 -10 594 177 623 209 -1 -1 -1 -1000 -1000 -1000 -10 0.999908
310 84 car -1 -1 -10 594 179 623 211 -1 -1 -1 -1000 -1000 -1000 -10 0.999886
311 84 car -1 -1 -10 593 178 622 210 -1 -1 -1 -1000 -1000 -1000 -10 0.999908
312 84 car -1 -1 -10 593 178 622 210 -1 -1 -1 -1000 -1000 -1000 -10 0.99993
313 84 car -1 -1 -10 593 181 622 211 -1 -1 -1 -1000 -1000 -1000 -10 0.999749
