0 0 car -1 -1 -10 290 185 521 293 -1 -1 -1 -1000 -1000 -1000 -10 0.999922
1 0 car -1 -1 -10 205 186 493 297 -1 -1 -1 -1000 -1000 -1000 -10 0.999842
2 0 car -1 -1 -10 128 185 433 311 -1 -1 -1 -1000 -1000 -1000 -10 0.999933
3 0 car -1 -1 -10 34 185 358 327 -1 -1 -1 -1000 -1000 -1000 -10 0.999672
4 0 car -1 -1 -10 0 188 306 346 -1 -1 -1 -1000 -1000 -1000 -10 0.999893
5 0 car -1 -1 -10 0 186 248 356 -1 -1 -1 -1000 -1000 -1000 -10 0.999684
5 1 car -1 -1 -10 1175 183 1242 218 -1 -1 -1 -1000 -1000 -1000 -10 0.417956
6 0 car -1 -1 -10 0 186 165 365 -1 -1 -1 -1000 -1000 -1000 -10 0.999784
6 1 car -1 -1 -10 1133 178 1242 223 -1 -1 -1 -1000 -1000 -1000 -10 0.956014
7 0 car -1 -1 -10 0 202 50 354 -1 -1 -1 -1000 -1000 -1000 -10 0.643695
7 1 car -1 -1 -10 1101 180 1242 218 -1 -1 -1 -1000 -1000 -1000 -10 0.992188
8 1 car -1 -1 -10 1072 180 1223 216 -1 -1 -1 -1000 -1000 -1000 -10 0.991498
9 1 car -1 -1 -10 1049 186 1180 214 -1 -1 -1 -1000 -1000 -1000 -10 0.59829
10 1 car -1 -1 -10 1008 180 1156 214 -1 -1 -1 -1000 -1000 -1000 -10 0.989789
11 1 car -1 -1 -10 994 179 1110 212 -1 -1 -1 -1000 -1000 -1000 -10 0.985448
12 1 car -1 -1 -10 962 181 1075 211 -1 -1 -1 -1000 -1000 -1000 -10 0.965977
13 1 car -1 -1 -10 941 180 1044 209 -1 -1 -1 -1000 -1000 -1000 -10 0.98101
14 1 car -1 -1 -10 919 178 1021 209 -1 -1 -1 -1000 -1000 -1000 -10 0.708398
15 1 car -1 -1 -10 900 180 993 208 -1 -1 -1 -1000 -1000 -1000 -10 0.553037
16 1 car -1 -1 -10 871 180 968 207 -1 -1 -1 -1000 -1000 -1000 -10 0.986295
17 1 car -1 -1 -10 851 174 949 206 -1 -1 -1 -1000 -1000 -1000 -10 0.998491
18 1 car -1 -1 -10 839 174 928 206 -1 -1 -1 -1000 -1000 -1000 -10 0.997777
19 1 car -1 -1 -10 821 175 909 206 -1 -1 -1 -1000 -1000 -1000 -10 0.999354
20 1 car -1 -1 -10 805 175 889 203 -1 -1 -1 -1000 -1000 -1000 -10 0.999496
21 1 car -1 -1 -10 790 175 874 203 -1 -1 -1 -1000 -1000 -1000 -10 0.999802
22 1 car -1 -1 -10 778 175 857 202 -1 -1 -1 -1000 -1000 -1000 -10 0.998556
23 1 car -1 -1 -10 765 175 843 202 -1 -1 -1 -1000 -1000 -1000 -10 0.998629
24 1 car -1 -1 -10 755 174 827 202 -1 -1 -1 -1000 -1000 -1000 -10 0.995824
25 1 car -1 -1 -10 744 174 814 201 -1 -1 -1 -1000 -1000 -1000 -10 0.99209
26 1 car -1 -1 -10 738 173 797 200 -1 -1 -1 -1000 -1000 -1000 -10 0.986573
27 1 car -1 -1 -10 729 173 786 199 -1 -1 -1 -1000 -1000 -1000 -10 0.996702
28 1 car -1 -1 -10 721 173 775 199 -1 -1 -1 -1000 -1000 -1000 -10 0.999485
29 1 car -1 -1 -10 714 174 764 197 -1 -1 -1 -1000 -1000 -1000 -10 0.999457
30 1 car -1 -1 -10 706 174 754 197 -1 -1 -1 -1000 -1000 -1000 -10 0.999454
31 1 car -1 -1 -10 699 174 745 196 -1 -1 -1 -1000 -1000 -1000 -10 0.999095
32 1 car -1 -1 -10 696 172 738 196 -1 -1 -1 -1000 -1000 -1000 -10 0.99977
33 1 car -1 -1 -10 689 172 730 196 -1 -1 -1 -1000 -1000 -1000 -10 0.99977
34 1 car -1 -1 -10 686 172 724 195 -1 -1 -1 -1000 -1000 -1000 -10 0.99852
35 1 car -1 -1 -10 681 173 717 195 -1 -1 -1 -1000 -1000 -1000 -10 0.998733
36 1 car -1 -1 -10 677 172 712 195 -1 -1 -1 -1000 -1000 -1000 -10 0.998395
36 2 car -1 -1 -10 1141 192 1242 372 -1 -1 -1 -1000 -1000 -1000 -10 0.671237
37 1 car -1 -1 -10 675 172 706 193 -1 -1 -1 -1000 -1000 -1000 -10 0.997003
37 2 car -1 -1 -10 1077 203 1242 371 -1 -1 -1 -1000 -1000 -1000 -10 0.996589
38 1 car -1 -1 -10 673 172 701 192 -1 -1 -1 -1000 -1000 -1000 -10 0.996627
38 2 car -1 -1 -10 1006 201 1242 372 -1 -1 -1 -1000 -1000 -1000 -10 0.999143
39 1 car -1 -1 -10 670 172 698 192 -1 -1 -1 -1000 -1000 -1000 -10 0.991849
39 2 car -1 -1 -10 960 202 1242 371 -1 -1 -1 -1000 -1000 -1000 -10 0.999344
40 1 car -1 -1 -10 666 172 694 192 -1 -1 -1 -1000 -1000 -1000 -10 0.97205
40 2 car -1 -1 -10 900 191 1242 375 -1 -1 -1 -1000 -1000 -1000 -10 0.99989
41 1 car -1 -1 -10 664 173 691 191 -1 -1 -1 -1000 -1000 -1000 -10 0.924992
41 2 car -1 -1 -10 867 194 1242 374 -1 -1 -1 -1000 -1000 -1000 -10 0.999882
42 2 car -1 -1 -10 851 198 1177 365 -1 -1 -1 -1000 -1000 -1000 -10 0.999908
42 3 car -1 -1 -10 1174 192 1242 331 -1 -1 -1 -1000 -1000 -1000 -10 0.608593
43 2 car -1 -1 -10 828 192 1112 350 -1 -1 -1 -1000 -1000 -1000 -10 0.99996
43 3 car -1 -1 -10 1129 194 1242 320 -1 -1 -1 -1000 -1000 -1000 -10 0.956478
44 2 car -1 -1 -10 814 183 1055 336 -1 -1 -1 -1000 -1000 -1000 -10 0.999968
44 3 car -1 -1 -10 1095 187 1242 334 -1 -1 -1 -1000 -1000 -1000 -10 0.999479
45 2 car -1 -1 -10 799 183 1006 323 -1 -1 -1 -1000 -1000 -1000 -10 0.999917
45 3 car -1 -1 -10 1060 181 1242 329 -1 -1 -1 -1000 -1000 -1000 -10 0.998114
46 2 car -1 -1 -10 785 185 965 302 -1 -1 -1 -1000 -1000 -1000 -10 0.999991
46 3 car -1 -1 -10 1027 189 1242 303 -1 -1 -1 -1000 -1000 -1000 -10 0.998017
47 2 car -1 -1 -10 774 184 931 289 -1 -1 -1 -1000 -1000 -1000 -10 0.999975
47 3 car -1 -1 -10 1007 187 1242 291 -1 -1 -1 -1000 -1000 -1000 -10 0.999672
48 2 car -1 -1 -10 760 183 905 282 -1 -1 -1 -1000 -1000 -1000 -10 0.999868
48 3 car -1 -1 -10 966 185 1189 282 -1 -1 -1 -1000 -1000 -1000 -10 0.99963
49 2 car -1 -1 -10 751 185 882 270 -1 -1 -1 -1000 -1000 -1000 -10 0.999909
49 3 car -1 -1 -10 952 181 1144 274 -1 -1 -1 -1000 -1000 -1000 -10 0.999737
50 2 car -1 -1 -10 743 184 859 265 -1 -1 -1 -1000 -1000 -1000 -10 0.999991
50 3 car -1 -1 -10 926 183 1103 265 -1 -1 -1 -1000 -1000 -1000 -10 0.999751
51 2 car -1 -1 -10 734 182 838 260 -1 -1 -1 -1000 -1000 -1000 -10 0.999993
51 3 car -1 -1 -10 910 186 1066 256 -1 -1 -1 -1000 -1000 -1000 -10 0.999953
52 2 car -1 -1 -10 728 182 823 253 -1 -1 -1 -1000 -1000 -1000 -10 0.999974
52 3 car -1 -1 -10 895 184 1037 252 -1 -1 -1 -1000 -1000 -1000 -10 0.999986
53 2 car -1 -1 -10 718 179 807 250 -1 -1 -1 -1000 -1000 -1000 -10 0.999966
53 3 car -1 -1 -10 881 183 1008 248 -1 -1 -1 -1000 -1000 -1000 -10 0.999994
53 4 car -1 -1 -10 1192 196 1242 329 -1 -1 -1 -1000 -1000 -1000 -10 0.341685
54 2 car -1 -1 -10 711 179 791 241 -1 -1 -1 -1000 -1000 -1000 -10 0.999956
54 3 car -1 -1 -10 865 183 985 242 -1 -1 -1 -1000 -1000 -1000 -10 0.999995
54 4 car -1 -1 -10 1148 188 1242 334 -1 -1 -1 -1000 -1000 -1000 -10 0.941303
55 2 car -1 -1 -10 704 180 780 239 -1 -1 -1 -1000 -1000 -1000 -10 0.999974
55 3 car -1 -1 -10 849 182 965 239 -1 -1 -1 -1000 -1000 -1000 -10 0.999989
55 4 car -1 -1 -10 1115 194 1242 338 -1 -1 -1 -1000 -1000 -1000 -10 0.992419
56 2 car -1 -1 -10 699 180 768 232 -1 -1 -1 -1000 -1000 -1000 -10 0.999967
56 3 car -1 -1 -10 837 180 943 237 -1 -1 -1 -1000 -1000 -1000 -10 0.999696
56 4 car -1 -1 -10 1079 187 1242 359 -1 -1 -1 -1000 -1000 -1000 -10 0.997927
57 2 car -1 -1 -10 693 179 760 229 -1 -1 -1 -1000 -1000 -1000 -10 0.999986
57 3 car -1 -1 -10 827 180 925 231 -1 -1 -1 -1000 -1000 -1000 -10 0.999721
57 4 car -1 -1 -10 1032 179 1242 375 -1 -1 -1 -1000 -1000 -1000 -10 0.984468
58 2 car -1 -1 -10 688 178 751 227 -1 -1 -1 -1000 -1000 -1000 -10 0.999997
58 3 car -1 -1 -10 816 179 909 229 -1 -1 -1 -1000 -1000 -1000 -10 0.999954
58 4 car -1 -1 -10 965 188 1242 351 -1 -1 -1 -1000 -1000 -1000 -10 0.977331
59 2 car -1 -1 -10 683 179 743 224 -1 -1 -1 -1000 -1000 -1000 -10 0.999977
59 3 car -1 -1 -10 806 177 896 227 -1 -1 -1 -1000 -1000 -1000 -10 0.999947
59 4 car -1 -1 -10 988 180 1242 309 -1 -1 -1 -1000 -1000 -1000 -10 0.950442
59 5 car -1 -1 -10 902 211 1242 375 -1 -1 -1 -1000 -1000 -1000 -10 0.70182
60 2 car -1 -1 -10 678 178 735 222 -1 -1 -1 -1000 -1000 -1000 -10 0.999987
60 3 car -1 -1 -10 797 179 878 223 -1 -1 -1 -1000 -1000 -1000 -10 0.999897
60 4 car -1 -1 -10 974 184 1242 303 -1 -1 -1 -1000 -1000 -1000 -10 0.434598
60 5 car -1 -1 -10 901 169 1242 375 -1 -1 -1 -1000 -1000 -1000 -10 0.966105
61 2 car -1 -1 -10 675 177 729 220 -1 -1 -1 -1000 -1000 -1000 -10 0.999917
61 3 car -1 -1 -10 789 178 867 221 -1 -1 -1 -1000 -1000 -1000 -10 0.999738
61 4 car -1 -1 -10 961 183 1175 291 -1 -1 -1 -1000 -1000 -1000 -10 0.99503
61 5 car -1 -1 -10 858 181 1242 375 -1 -1 -1 -1000 -1000 -1000 -10 0.996787
62 2 car -1 -1 -10 669 177 723 219 -1 -1 -1 -1000 -1000 -1000 -10 0.99963
62 3 car -1 -1 -10 780 180 855 218 -1 -1 -1 -1000 -1000 -1000 -10 0.999744
62 4 car -1 -1 -10 923 182 1123 280 -1 -1 -1 -1000 -1000 -1000 -10 0.990373
62 5 car -1 -1 -10 816 192 1242 375 -1 -1 -1 -1000 -1000 -1000 -10 0.999126
63 2 car -1 -1 -10 667 177 717 216 -1 -1 -1 -1000 -1000 -1000 -10 0.999364
63 3 car -1 -1 -10 777 177 842 217 -1 -1 -1 -1000 -1000 -1000 -10 0.999705
63 4 car -1 -1 -10 896 182 1081 269 -1 -1 -1 -1000 -1000 -1000 -10 0.991803
63 5 car -1 -1 -10 795 196 1154 375 -1 -1 -1 -1000 -1000 -1000 -10 0.999521
64 2 car -1 -1 -10 663 176 710 214 -1 -1 -1 -1000 -1000 -1000 -10 0.99997
64 3 car -1 -1 -10 768 177 831 215 -1 -1 -1 -1000 -1000 -1000 -10 0.999957
64 4 car -1 -1 -10 877 182 1056 263 -1 -1 -1 -1000 -1000 -1000 -10 0.998102
64 5 car -1 -1 -10 789 201 1080 352 -1 -1 -1 -1000 -1000 -1000 -10 0.999904
65 2 car -1 -1 -10 662 178 705 213 -1 -1 -1 -1000 -1000 -1000 -10 0.999784
65 3 car -1 -1 -10 761 178 821 213 -1 -1 -1 -1000 -1000 -1000 -10 0.999896
65 4 car -1 -1 -10 848 180 1027 257 -1 -1 -1 -1000 -1000 -1000 -10 0.998419
65 5 car -1 -1 -10 778 190 1019 341 -1 -1 -1 -1000 -1000 -1000 -10 0.999638
66 2 car -1 -1 -10 659 176 698 212 -1 -1 -1 -1000 -1000 -1000 -10 0.99995
66 3 car -1 -1 -10 754 176 813 213 -1 -1 -1 -1000 -1000 -1000 -10 0.999835
66 4 car -1 -1 -10 844 179 997 249 -1 -1 -1 -1000 -1000 -1000 -10 0.999482
66 5 car -1 -1 -10 765 188 969 318 -1 -1 -1 -1000 -1000 -1000 -10 0.999685
67 2 car -1 -1 -10 656 175 695 211 -1 -1 -1 -1000 -1000 -1000 -10 0.999942
67 3 car -1 -1 -10 747 175 804 212 -1 -1 -1 -1000 -1000 -1000 -10 0.999435
67 4 car -1 -1 -10 838 179 969 242 -1 -1 -1 -1000 -1000 -1000 -10 0.99989
67 5 car -1 -1 -10 751 190 940 303 -1 -1 -1 -1000 -1000 -1000 -10 0.999974
68 2 car -1 -1 -10 654 176 689 209 -1 -1 -1 -1000 -1000 -1000 -10 0.999485
68 3 car -1 -1 -10 742 176 794 211 -1 -1 -1 -1000 -1000 -1000 -10 0.998335
68 4 car -1 -1 -10 824 179 944 234 -1 -1 -1 -1000 -1000 -1000 -10 0.999629
68 5 car -1 -1 -10 743 188 903 291 -1 -1 -1 -1000 -1000 -1000 -10 0.999988
69 2 car -1 -1 -10 651 176 686 207 -1 -1 -1 -1000 -1000 -1000 -10 0.999545
69 3 car -1 -1 -10 736 175 783 210 -1 -1 -1 -1000 -1000 -1000 -10 0.999224
69 4 car -1 -1 -10 814 177 922 233 -1 -1 -1 -1000 -1000 -1000 -10 0.99961
69 5 car -1 -1 -10 729 184 880 282 -1 -1 -1 -1000 -1000 -1000 -10 0.999776
69 6 car -1 -1 -10 1138 188 1242 375 -1 -1 -1 -1000 -1000 -1000 -10 0.779145
70 2 car -1 -1 -10 649 174 682 206 -1 -1 -1 -1000 -1000 -1000 -10 0.999196
70 3 car -1 -1 -10 730 175 776 208 -1 -1 -1 -1000 -1000 -1000 -10 0.996573
70 4 car -1 -1 -10 802 178 901 229 -1 -1 -1 -1000 -1000 -1000 -10 0.999635
70 5 car -1 -1 -10 721 189 859 272 -1 -1 -1 -1000 -1000 -1000 -10 0.999804
70 6 car -1 -1 -10 1056 197 1242 373 -1 -1 -1 -1000 -1000 -1000 -10 0.881143
71 2 car -1 -1 -10 648 174 678 204 -1 -1 -1 -1000 -1000 -1000 -10 0.995327
71 3 car -1 -1 -10 723 176 770 206 -1 -1 -1 -1000 -1000 -1000 -10 0.979061
71 4 car -1 -1 -10 795 176 886 226 -1 -1 -1 -1000 -1000 -1000 -10 0.999521
71 5 car -1 -1 -10 714 188 835 263 -1 -1 -1 -1000 -1000 -1000 -10 0.999988
71 6 car -1 -1 -10 995 201 1242 373 -1 -1 -1 -1000 -1000 -1000 -10 0.999915
72 2 car -1 -1 -10 645 175 674 203 -1 -1 -1 -1000 -1000 -1000 -10 0.989473
72 3 car -1 -1 -10 721 175 762 202 -1 -1 -1 -1000 -1000 -1000 -10 0.954124
72 4 car -1 -1 -10 783 175 869 223 -1 -1 -1 -1000 -1000 -1000 -10 0.999893
72 5 car -1 -1 -10 708 187 816 259 -1 -1 -1 -1000 -1000 -1000 -10 0.999994
72 6 car -1 -1 -10 953 199 1242 370 -1 -1 -1 -1000 -1000 -1000 -10 0.999605
73 2 car -1 -1 -10 641 175 670 201 -1 -1 -1 -1000 -1000 -1000 -10 0.975827
73 3 car -1 -1 -10 717 177 755 201 -1 -1 -1 -1000 -1000 -1000 -10 0.850801
73 4 car -1 -1 -10 772 177 856 220 -1 -1 -1 -1000 -1000 -1000 -10 0.999716
73 5 car -1 -1 -10 701 187 802 254 -1 -1 -1 -1000 -1000 -1000 -10 0.999982
73 6 car -1 -1 -10 904 189 1242 375 -1 -1 -1 -1000 -1000 -1000 -10 0.999648
74 2 car -1 -1 -10 640 175 667 200 -1 -1 -1 -1000 -1000 -1000 -10 0.968112
74 3 car -1 -1 -10 711 176 746 200 -1 -1 -1 -1000 -1000 -1000 -10 0.828947
74 4 car -1 -1 -10 764 176 840 217 -1 -1 -1 -1000 -1000 -1000 -10 0.999562
74 5 car -1 -1 -10 694 183 789 250 -1 -1 -1 -1000 -1000 -1000 -10 0.999972
74 6 car -1 -1 -10 871 180 1242 375 -1 -1 -1 -1000 -1000 -1000 -10 0.999813
75 2 car -1 -1 -10 639 174 666 199 -1 -1 -1 -1000 -1000 -1000 -10 0.914992
75 3 car -1 -1 -10 704 175 738 197 -1 -1 -1 -1000 -1000 -1000 -10 0.550918
75 4 car -1 -1 -10 756 176 827 216 -1 -1 -1 -1000 -1000 -1000 -10 0.999777
75 5 car -1 -1 -10 688 184 772 240 -1 -1 -1 -1000 -1000 -1000 -10 0.999989
75 6 car -1 -1 -10 848 183 1242 375 -1 -1 -1 -1000 -1000 -1000 -10 0.999892
76 2 car -1 -1 -10 637 175 662 198 -1 -1 -1 -1000 -1000 -1000 -10 0.86242
76 3 car -1 -1 -10 699 175 734 197 -1 -1 -1 -1000 -1000 -1000 -10 0.819686
76 4 car -1 -1 -10 749 176 816 213 -1 -1 -1 -1000 -1000 -1000 -10 0.999864
76 5 car -1 -1 -10 683 183 763 237 -1 -1 -1 -1000 -1000 -1000 -10 0.999986
76 6 car -1 -1 -10 816 181 1241 375 -1 -1 -1 -1000 -1000 -1000 -10 0.999964
77 3 car -1 -1 -10 696 173 730 197 -1 -1 -1 -1000 -1000 -1000 -10 0.8986
77 4 car -1 -1 -10 747 175 809 212 -1 -1 -1 -1000 -1000 -1000 -10 0.99919
77 5 car -1 -1 -10 676 182 755 235 -1 -1 -1 -1000 -1000 -1000 -10 0.999891
77 6 car -1 -1 -10 793 178 1158 367 -1 -1 -1 -1000 -1000 -1000 -10 0.999924
78 4 car -1 -1 -10 740 175 798 211 -1 -1 -1 -1000 -1000 -1000 -10 0.999519
78 5 car -1 -1 -10 674 181 742 230 -1 -1 -1 -1000 -1000 -1000 -10 0.999998
78 6 car -1 -1 -10 788 188 1076 343 -1 -1 -1 -1000 -1000 -1000 -10 0.999985
79 4 car -1 -1 -10 735 176 788 209 -1 -1 -1 -1000 -1000 -1000 -10 0.999039
79 5 car -1 -1 -10 669 180 735 227 -1 -1 -1 -1000 -1000 -1000 -10 0.999996
79 6 car -1 -1 -10 775 176 1022 331 -1 -1 -1 -1000 -1000 -1000 -10 0.999937
80 4 car -1 -1 -10 730 175 780 206 -1 -1 -1 -1000 -1000 -1000 -10 0.998081
80 5 car -1 -1 -10 665 180 728 225 -1 -1 -1 -1000 -1000 -1000 -10 0.999997
80 6 car -1 -1 -10 762 183 974 303 -1 -1 -1 -1000 -1000 -1000 -10 0.999958
80 7 car -1 -1 -10 1180 163 1242 225 -1 -1 -1 -1000 -1000 -1000 -10 0.506043
81 4 car -1 -1 -10 725 175 774 205 -1 -1 -1 -1000 -1000 -1000 -10 0.999746
81 5 car -1 -1 -10 664 179 720 224 -1 -1 -1 -1000 -1000 -1000 -10 0.999986
81 6 car -1 -1 -10 753 181 936 292 -1 -1 -1 -1000 -1000 -1000 -10 0.999996
82 4 car -1 -1 -10 721 175 766 203 -1 -1 -1 -1000 -1000 -1000 -10 0.998414
82 5 car -1 -1 -10 658 178 715 221 -1 -1 -1 -1000 -1000 -1000 -10 0.99999
82 6 car -1 -1 -10 744 179 903 283 -1 -1 -1 -1000 -1000 -1000 -10 0.999974
83 4 car -1 -1 -10 717 175 762 203 -1 -1 -1 -1000 -1000 -1000 -10 0.998467
83 5 car -1 -1 -10 656 179 709 218 -1 -1 -1 -1000 -1000 -1000 -10 0.999935
83 6 car -1 -1 -10 730 183 880 269 -1 -1 -1 -1000 -1000 -1000 -10 0.9996
84 4 car -1 -1 -10 711 175 752 202 -1 -1 -1 -1000 -1000 -1000 -10 0.997789
84 5 car -1 -1 -10 653 177 703 216 -1 -1 -1 -1000 -1000 -1000 -10 0.999592
84 6 car -1 -1 -10 724 182 858 263 -1 -1 -1 -1000 -1000 -1000 -10 0.999966
85 4 car -1 -1 -10 707 176 745 201 -1 -1 -1 -1000 -1000 -1000 -10 0.979423
85 5 car -1 -1 -10 652 177 697 215 -1 -1 -1 -1000 -1000 -1000 -10 0.999847
85 6 car -1 -1 -10 716 182 838 258 -1 -1 -1 -1000 -1000 -1000 -10 0.999988
85 8 car -1 -1 -10 987 180 1077 211 -1 -1 -1 -1000 -1000 -1000 -10 0.883032
86 4 car -1 -1 -10 703 176 738 200 -1 -1 -1 -1000 -1000 -1000 -10 0.985574
86 5 car -1 -1 -10 651 178 696 213 -1 -1 -1 -1000 -1000 -1000 -10 0.999345
86 6 car -1 -1 -10 709 178 818 253 -1 -1 -1 -1000 -1000 -1000 -10 0.999996
86 8 car -1 -1 -10 970 180 1070 209 -1 -1 -1 -1000 -1000 -1000 -10 0.965281
86 9 car -1 -1 -10 1077 183 1242 374 -1 -1 -1 -1000 -1000 -1000 -10 0.985568
87 4 car -1 -1 -10 699 176 733 196 -1 -1 -1 -1000 -1000 -1000 -10 0.945969
87 5 car -1 -1 -10 647 177 689 212 -1 -1 -1 -1000 -1000 -1000 -10 0.999951
87 6 car -1 -1 -10 702 179 804 246 -1 -1 -1 -1000 -1000 -1000 -10 0.999977
87 8 car -1 -1 -10 954 178 1053 208 -1 -1 -1 -1000 -1000 -1000 -10 0.988554
87 9 car -1 -1 -10 1000 160 1242 375 -1 -1 -1 -1000 -1000 -1000 -10 0.999343
88 4 car -1 -1 -10 692 175 732 201 -1 -1 -1 -1000 -1000 -1000 -10 0.535036
88 5 car -1 -1 -10 647 177 685 211 -1 -1 -1 -1000 -1000 -1000 -10 0.999962
88 6 car -1 -1 -10 692 175 790 244 -1 -1 -1 -1000 -1000 -1000 -10 0.999964
88 8 car -1 -1 -10 946 178 1040 208 -1 -1 -1 -1000 -1000 -1000 -10 0.992066
88 9 car -1 -1 -10 954 170 1242 369 -1 -1 -1 -1000 -1000 -1000 -10 0.998452
89 5 car -1 -1 -10 644 176 683 210 -1 -1 -1 -1000 -1000 -1000 -10 0.999437
89 6 car -1 -1 -10 691 177 775 236 -1 -1 -1 -1000 -1000 -1000 -10 0.999347
89 8 car -1 -1 -10 938 178 1024 208 -1 -1 -1 -1000 -1000 -1000 -10 0.998714
89 9 car -1 -1 -10 905 157 1242 375 -1 -1 -1 -1000 -1000 -1000 -10 0.999897
90 5 car -1 -1 -10 640 177 677 209 -1 -1 -1 -1000 -1000 -1000 -10 0.999909
90 6 car -1 -1 -10 687 178 765 231 -1 -1 -1 -1000 -1000 -1000 -10 0.999914
90 8 car -1 -1 -10 924 179 1020 208 -1 -1 -1 -1000 -1000 -1000 -10 0.994253
90 9 car -1 -1 -10 872 155 1242 375 -1 -1 -1 -1000 -1000 -1000 -10 0.995007
91 5 car -1 -1 -10 638 176 674 208 -1 -1 -1 -1000 -1000 -1000 -10 0.999922
91 6 car -1 -1 -10 680 177 754 228 -1 -1 -1 -1000 -1000 -1000 -10 0.999961
91 8 car -1 -1 -10 918 181 1016 210 -1 -1 -1 -1000 -1000 -1000 -10 0.619161
91 9 car -1 -1 -10 848 154 1242 375 -1 -1 -1 -1000 -1000 -1000 -10 0.99946
92 5 car -1 -1 -10 637 175 671 207 -1 -1 -1 -1000 -1000 -1000 -10 0.999709
92 6 car -1 -1 -10 675 177 745 225 -1 -1 -1 -1000 -1000 -1000 -10 0.999968
92 8 car -1 -1 -10 910 179 991 209 -1 -1 -1 -1000 -1000 -1000 -10 0.903478
92 9 car -1 -1 -10 812 156 1242 375 -1 -1 -1 -1000 -1000 -1000 -10 0.999569
93 5 car -1 -1 -10 636 175 669 205 -1 -1 -1 -1000 -1000 -1000 -10 0.998493
93 6 car -1 -1 -10 672 176 739 223 -1 -1 -1 -1000 -1000 -1000 -10 0.999936
93 8 car -1 -1 -10 897 178 979 211 -1 -1 -1 -1000 -1000 -1000 -10 0.90084
93 9 car -1 -1 -10 800 167 1154 368 -1 -1 -1 -1000 -1000 -1000 -10 0.99989
94 5 car -1 -1 -10 634 176 665 203 -1 -1 -1 -1000 -1000 -1000 -10 0.997903
94 6 car -1 -1 -10 667 177 731 219 -1 -1 -1 -1000 -1000 -1000 -10 0.99998
94 8 car -1 -1 -10 888 176 970 209 -1 -1 -1 -1000 -1000 -1000 -10 0.933142
94 9 car -1 -1 -10 789 175 1079 343 -1 -1 -1 -1000 -1000 -1000 -10 0.999966
95 5 car -1 -1 -10 632 177 663 202 -1 -1 -1 -1000 -1000 -1000 -10 0.994025
95 6 car -1 -1 -10 664 174 724 218 -1 -1 -1 -1000 -1000 -1000 -10 0.999837
95 8 car -1 -1 -10 886 175 965 211 -1 -1 -1 -1000 -1000 -1000 -10 0.618527
95 9 car -1 -1 -10 783 171 1022 333 -1 -1 -1 -1000 -1000 -1000 -10 0.999774
96 5 car -1 -1 -10 631 176 660 200 -1 -1 -1 -1000 -1000 -1000 -10 0.930198
96 6 car -1 -1 -10 661 175 716 215 -1 -1 -1 -1000 -1000 -1000 -10 0.99997
96 8 car -1 -1 -10 871 176 960 211 -1 -1 -1 -1000 -1000 -1000 -10 0.836589
96 9 car -1 -1 -10 763 171 976 312 -1 -1 -1 -1000 -1000 -1000 -10 0.996193
96 10 car -1 -1 -10 1135 216 1242 375 -1 -1 -1 -1000 -1000 -1000 -10 0.506194
97 5 car -1 -1 -10 629 176 658 200 -1 -1 -1 -1000 -1000 -1000 -10 0.785658
97 6 car -1 -1 -10 658 175 711 214 -1 -1 -1 -1000 -1000 -1000 -10 0.999718
97 8 car -1 -1 -10 868 175 946 207 -1 -1 -1 -1000 -1000 -1000 -10 0.981166
97 9 car -1 -1 -10 756 170 939 292 -1 -1 -1 -1000 -1000 -1000 -10 0.998869
97 10 car -1 -1 -10 1051 212 1242 375 -1 -1 -1 -1000 -1000 -1000 -10 0.89261
98 6 car -1 -1 -10 656 174 705 213 -1 -1 -1 -1000 -1000 -1000 -10 0.999831
98 8 car -1 -1 -10 863 174 939 207 -1 -1 -1 -1000 -1000 -1000 -10 0.970079
98 9 car -1 -1 -10 744 171 911 281 -1 -1 -1 -1000 -1000 -1000 -10 0.999938
98 10 car -1 -1 -10 981 198 1242 372 -1 -1 -1 -1000 -1000 -1000 -10 0.998142
99 6 car -1 -1 -10 654 174 697 212 -1 -1 -1 -1000 -1000 -1000 -10 0.999885
99 8 car -1 -1 -10 856 174 933 207 -1 -1 -1 -1000 -1000 -1000 -10 0.997048
99 9 car -1 -1 -10 734 171 889 274 -1 -1 -1 -1000 -1000 -1000 -10 0.999937
99 10 car -1 -1 -10 917 192 1242 375 -1 -1 -1 -1000 -1000 -1000 -10 0.998814
100 6 car -1 -1 -10 652 173 695 209 -1 -1 -1 -1000 -1000 -1000 -10 0.999235
100 8 car -1 -1 -10 850 175 925 206 -1 -1 -1 -1000 -1000 -1000 -10 0.99921
100 9 car -1 -1 -10 727 173 864 265 -1 -1 -1 -1000 -1000 -1000 -10 0.999925
100 10 car -1 -1 -10 880 183 1242 375 -1 -1 -1 -1000 -1000 -1000 -10 0.999496
101 6 car -1 -1 -10 648 173 688 208 -1 -1 -1 -1000 -1000 -1000 -10 0.999777
101 8 car -1 -1 -10 848 174 921 206 -1 -1 -1 -1000 -1000 -1000 -10 0.998595
101 9 car -1 -1 -10 719 173 845 259 -1 -1 -1 -1000 -1000 -1000 -10 0.99998
101 10 car -1 -1 -10 835 193 1242 375 -1 -1 -1 -1000 -1000 -1000 -10 0.999965
102 6 car -1 -1 -10 646 173 685 206 -1 -1 -1 -1000 -1000 -1000 -10 0.999567
102 8 car -1 -1 -10 843 175 928 205 -1 -1 -1 -1000 -1000 -1000 -10 0.996896
102 9 car -1 -1 -10 711 172 829 252 -1 -1 -1 -1000 -1000 -1000 -10 0.999967
102 10 car -1 -1 -10 832 197 1149 363 -1 -1 -1 -1000 -1000 -1000 -10 0.999828
102 11 car -1 -1 -10 1132 182 1242 349 -1 -1 -1 -1000 -1000 -1000 -10 0.986421
103 6 car -1 -1 -10 642 174 680 205 -1 -1 -1 -1000 -1000 -1000 -10 0.997804
103 8 car -1 -1 -10 834 176 917 203 -1 -1 -1 -1000 -1000 -1000 -10 0.995071
103 9 car -1 -1 -10 706 173 810 248 -1 -1 -1 -1000 -1000 -1000 -10 0.999991
103 10 car -1 -1 -10 806 190 1084 349 -1 -1 -1 -1000 -1000 -1000 -10 0.999902
103 11 car -1 -1 -10 1084 184 1242 344 -1 -1 -1 -1000 -1000 -1000 -10 0.999611
104 6 car -1 -1 -10 641 173 676 203 -1 -1 -1 -1000 -1000 -1000 -10 0.998669
104 8 car -1 -1 -10 829 177 905 204 -1 -1 -1 -1000 -1000 -1000 -10 0.933589
104 9 car -1 -1 -10 699 173 798 245 -1 -1 -1 -1000 -1000 -1000 -10 0.999969
104 10 car -1 -1 -10 793 183 1019 332 -1 -1 -1 -1000 -1000 -1000 -10 0.999965
104 11 car -1 -1 -10 1051 177 1242 338 -1 -1 -1 -1000 -1000 -1000 -10 0.998754
105 6 car -1 -1 -10 639 174 673 203 -1 -1 -1 -1000 -1000 -1000 -10 0.996388
105 8 car -1 -1 -10 821 177 894 202 -1 -1 -1 -1000 -1000 -1000 -10 0.347755
105 9 car -1 -1 -10 695 171 785 240 -1 -1 -1 -1000 -1000 -1000 -10 0.999972
105 10 car -1 -1 -10 779 187 975 306 -1 -1 -1 -1000 -1000 -1000 -10 0.99997
105 11 car -1 -1 -10 1009 179 1242 315 -1 -1 -1 -1000 -1000 -1000 -10 0.999723
106 6 car -1 -1 -10 636 174 671 201 -1 -1 -1 -1000 -1000 -1000 -10 0.98797
106 8 car -1 -1 -10 815 177 896 202 -1 -1 -1 -1000 -1000 -1000 -10 0.831893
106 9 car -1 -1 -10 692 172 771 234 -1 -1 -1 -1000 -1000 -1000 -10 0.999882
106 10 car -1 -1 -10 767 185 937 292 -1 -1 -1 -1000 -1000 -1000 -10 0.999981
106 11 car -1 -1 -10 977 182 1242 300 -1 -1 -1 -1000 -1000 -1000 -10 0.999059
107 6 car -1 -1 -10 635 172 666 200 -1 -1 -1 -1000 -1000 -1000 -10 0.981775
107 8 car -1 -1 -10 811 176 892 204 -1 -1 -1 -1000 -1000 -1000 -10 0.976861
107 9 car -1 -1 -10 685 173 761 230 -1 -1 -1 -1000 -1000 -1000 -10 0.999899
107 10 car -1 -1 -10 756 186 906 282 -1 -1 -1 -1000 -1000 -1000 -10 0.999926
107 11 car -1 -1 -10 950 181 1194 287 -1 -1 -1 -1000 -1000 -1000 -10 0.999916
108 6 car -1 -1 -10 633 173 663 198 -1 -1 -1 -1000 -1000 -1000 -10 0.989423
108 8 car -1 -1 -10 811 174 886 203 -1 -1 -1 -1000 -1000 -1000 -10 0.99666
108 9 car -1 -1 -10 679 172 755 229 -1 -1 -1 -1000 -1000 -1000 -10 0.999966
108 10 car -1 -1 -10 747 186 880 273 -1 -1 -1 -1000 -1000 -1000 -10 0.999891
108 11 car -1 -1 -10 920 181 1147 273 -1 -1 -1 -1000 -1000 -1000 -10 0.999694
109 6 car -1 -1 -10 632 174 661 197 -1 -1 -1 -1000 -1000 -1000 -10 0.958908
109 8 car -1 -1 -10 810 175 882 203 -1 -1 -1 -1000 -1000 -1000 -10 0.996442
109 9 car -1 -1 -10 676 172 747 226 -1 -1 -1 -1000 -1000 -1000 -10 0.999918
109 10 car -1 -1 -10 735 186 857 264 -1 -1 -1 -1000 -1000 -1000 -10 0.999996
109 11 car -1 -1 -10 903 181 1105 266 -1 -1 -1 -1000 -1000 -1000 -10 0.999919
110 6 car -1 -1 -10 630 173 658 197 -1 -1 -1 -1000 -1000 -1000 -10 0.964814
110 8 car -1 -1 -10 808 175 879 203 -1 -1 -1 -1000 -1000 -1000 -10 0.998006
110 9 car -1 -1 -10 674 169 738 223 -1 -1 -1 -1000 -1000 -1000 -10 0.999699
110 10 car -1 -1 -10 729 185 836 258 -1 -1 -1 -1000 -1000 -1000 -10 0.999998
110 11 car -1 -1 -10 884 180 1063 259 -1 -1 -1 -1000 -1000 -1000 -10 0.999788
111 6 car -1 -1 -10 628 173 657 196 -1 -1 -1 -1000 -1000 -1000 -10 0.570667
111 8 car -1 -1 -10 807 174 875 203 -1 -1 -1 -1000 -1000 -1000 -10 0.999352
111 9 car -1 -1 -10 668 172 731 220 -1 -1 -1 -1000 -1000 -1000 -10 0.999979
111 10 car -1 -1 -10 718 183 821 251 -1 -1 -1 -1000 -1000 -1000 -10 0.999989
111 11 car -1 -1 -10 871 181 1028 253 -1 -1 -1 -1000 -1000 -1000 -10 0.999862
112 6 car -1 -1 -10 626 172 653 195 -1 -1 -1 -1000 -1000 -1000 -10 0.322154
112 8 car -1 -1 -10 805 175 876 202 -1 -1 -1 -1000 -1000 -1000 -10 0.998335
112 9 car -1 -1 -10 666 172 725 219 -1 -1 -1 -1000 -1000 -1000 -10 0.999984
112 10 car -1 -1 -10 712 181 803 247 -1 -1 -1 -1000 -1000 -1000 -10 0.999971
112 11 car -1 -1 -10 857 181 998 246 -1 -1 -1 -1000 -1000 -1000 -10 0.999954
113 8 car -1 -1 -10 804 175 871 201 -1 -1 -1 -1000 -1000 -1000 -10 0.996745
113 9 car -1 -1 -10 663 172 719 216 -1 -1 -1 -1000 -1000 -1000 -10 0.999955
113 10 car -1 -1 -10 702 180 792 241 -1 -1 -1 -1000 -1000 -1000 -10 0.999977
113 11 car -1 -1 -10 841 180 973 243 -1 -1 -1 -1000 -1000 -1000 -10 0.999986
114 8 car -1 -1 -10 804 174 868 202 -1 -1 -1 -1000 -1000 -1000 -10 0.994466
114 9 car -1 -1 -10 658 172 714 215 -1 -1 -1 -1000 -1000 -1000 -10 0.999958
114 10 car -1 -1 -10 698 181 779 236 -1 -1 -1 -1000 -1000 -1000 -10 0.999978
114 11 car -1 -1 -10 828 179 950 239 -1 -1 -1 -1000 -1000 -1000 -10 0.999971
115 8 car -1 -1 -10 802 175 869 202 -1 -1 -1 -1000 -1000 -1000 -10 0.995941
115 9 car -1 -1 -10 657 173 712 213 -1 -1 -1 -1000 -1000 -1000 -10 0.99974
115 10 car -1 -1 -10 694 180 766 232 -1 -1 -1 -1000 -1000 -1000 -10 0.999996
115 11 car -1 -1 -10 815 180 932 233 -1 -1 -1 -1000 -1000 -1000 -10 0.999792
116 8 car -1 -1 -10 802 175 870 203 -1 -1 -1 -1000 -1000 -1000 -10 0.994299
116 9 car -1 -1 -10 652 171 705 213 -1 -1 -1 -1000 -1000 -1000 -10 0.99966
116 10 car -1 -1 -10 688 180 756 228 -1 -1 -1 -1000 -1000 -1000 -10 0.999995
116 11 car -1 -1 -10 803 179 916 230 -1 -1 -1 -1000 -1000 -1000 -10 0.999691
117 8 car -1 -1 -10 801 176 868 203 -1 -1 -1 -1000 -1000 -1000 -10 0.857695
117 9 car -1 -1 -10 650 171 700 212 -1 -1 -1 -1000 -1000 -1000 -10 0.999685
117 10 car -1 -1 -10 685 179 749 226 -1 -1 -1 -1000 -1000 -1000 -10 0.999997
117 11 car -1 -1 -10 795 178 895 226 -1 -1 -1 -1000 -1000 -1000 -10 0.999403
118 8 car -1 -1 -10 799 175 868 207 -1 -1 -1 -1000 -1000 -1000 -10 0.517928
118 9 car -1 -1 -10 648 173 695 209 -1 -1 -1 -1000 -1000 -1000 -10 0.998884
118 10 car -1 -1 -10 678 178 740 223 -1 -1 -1 -1000 -1000 -1000 -10 0.999992
118 11 car -1 -1 -10 786 177 881 224 -1 -1 -1 -1000 -1000 -1000 -10 0.999115
119 8 car -1 -1 -10 808 175 860 203 -1 -1 -1 -1000 -1000 -1000 -10 0.94363
119 9 car -1 -1 -10 646 172 692 209 -1 -1 -1 -1000 -1000 -1000 -10 0.999754
119 10 car -1 -1 -10 675 178 735 222 -1 -1 -1 -1000 -1000 -1000 -10 0.999947
119 11 car -1 -1 -10 780 178 867 221 -1 -1 -1 -1000 -1000 -1000 -10 0.999326
120 8 car -1 -1 -10 802 174 863 203 -1 -1 -1 -1000 -1000 -1000 -10 0.960443
120 9 car -1 -1 -10 645 171 687 207 -1 -1 -1 -1000 -1000 -1000 -10 0.999672
120 10 car -1 -1 -10 670 177 728 219 -1 -1 -1 -1000 -1000 -1000 -10 0.999944
120 11 car -1 -1 -10 771 177 856 220 -1 -1 -1 -1000 -1000 -1000 -10 0.99949
121 8 car -1 -1 -10 797 174 866 203 -1 -1 -1 -1000 -1000 -1000 -10 0.985686
121 9 car -1 -1 -10 644 172 684 205 -1 -1 -1 -1000 -1000 -1000 -10 0.999026
121 10 car -1 -1 -10 669 178 722 216 -1 -1 -1 -1000 -1000 -1000 -10 0.99915
121 11 car -1 -1 -10 763 178 847 219 -1 -1 -1 -1000 -1000 -1000 -10 0.998635
122 8 car -1 -1 -10 796 174 867 203 -1 -1 -1 -1000 -1000 -1000 -10 0.99327
122 9 car -1 -1 -10 642 173 679 204 -1 -1 -1 -1000 -1000 -1000 -10 0.995171
122 10 car -1 -1 -10 666 177 715 215 -1 -1 -1 -1000 -1000 -1000 -10 0.999032
122 11 car -1 -1 -10 758 176 833 216 -1 -1 -1 -1000 -1000 -1000 -10 0.999222
123 8 car -1 -1 -10 798 174 868 203 -1 -1 -1 -1000 -1000 -1000 -10 0.999365
123 9 car -1 -1 -10 640 173 674 203 -1 -1 -1 -1000 -1000 -1000 -10 0.996639
123 10 car -1 -1 -10 664 177 709 214 -1 -1 -1 -1000 -1000 -1000 -10 0.999899
123 11 car -1 -1 -10 753 177 824 214 -1 -1 -1 -1000 -1000 -1000 -10 0.999513
123 12 car -1 -1 -10 1161 188 1242 337 -1 -1 -1 -1000 -1000 -1000 -10 0.906495
124 8 car -1 -1 -10 798 174 868 203 -1 -1 -1 -1000 -1000 -1000 -10 0.999438
124 9 car -1 -1 -10 637 173 672 202 -1 -1 -1 -1000 -1000 -1000 -10 0.996038
124 10 car -1 -1 -10 659 178 705 212 -1 -1 -1 -1000 -1000 -1000 -10 0.999725
124 11 car -1 -1 -10 746 176 813 212 -1 -1 -1 -1000 -1000 -1000 -10 0.999835
124 13 car -1 -1 -10 1109 119 1242 356 -1 -1 -1 -1000 -1000 -1000 -10 0.999075
125 8 car -1 -1 -10 797 174 868 203 -1 -1 -1 -1000 -1000 -1000 -10 0.999738
125 9 car -1 -1 -10 636 172 670 201 -1 -1 -1 -1000 -1000 -1000 -10 0.990513
125 10 car -1 -1 -10 657 177 700 211 -1 -1 -1 -1000 -1000 -1000 -10 0.999806
125 11 car -1 -1 -10 742 176 805 211 -1 -1 -1 -1000 -1000 -1000 -10 0.999739
125 13 car -1 -1 -10 1065 115 1242 365 -1 -1 -1 -1000 -1000 -1000 -10 0.998382
126 8 car -1 -1 -10 798 174 868 203 -1 -1 -1 -1000 -1000 -1000 -10 0.999826
126 9 car -1 -1 -10 635 171 670 201 -1 -1 -1 -1000 -1000 -1000 -10 0.978279
126 10 car -1 -1 -10 655 177 695 211 -1 -1 -1 -1000 -1000 -1000 -10 0.999824
126 11 car -1 -1 -10 737 176 798 210 -1 -1 -1 -1000 -1000 -1000 -10 0.999554
126 13 car -1 -1 -10 1003 137 1242 343 -1 -1 -1 -1000 -1000 -1000 -10 0.998442
127 8 car -1 -1 -10 797 174 868 202 -1 -1 -1 -1000 -1000 -1000 -10 0.999803
127 9 car -1 -1 -10 634 173 665 199 -1 -1 -1 -1000 -1000 -1000 -10 0.982997
127 10 car -1 -1 -10 655 178 692 208 -1 -1 -1 -1000 -1000 -1000 -10 0.999125
127 11 car -1 -1 -10 733 176 788 208 -1 -1 -1 -1000 -1000 -1000 -10 0.999554
127 13 car -1 -1 -10 981 135 1242 331 -1 -1 -1 -1000 -1000 -1000 -10 0.999582
128 8 car -1 -1 -10 797 174 868 202 -1 -1 -1 -1000 -1000 -1000 -10 0.999776
128 9 car -1 -1 -10 633 172 663 199 -1 -1 -1 -1000 -1000 -1000 -10 0.909899
128 10 car -1 -1 -10 650 175 688 207 -1 -1 -1 -1000 -1000 -1000 -10 0.999668
128 11 car -1 -1 -10 727 175 781 208 -1 -1 -1 -1000 -1000 -1000 -10 0.99975
128 13 car -1 -1 -10 944 131 1242 321 -1 -1 -1 -1000 -1000 -1000 -10 0.993601
129 8 car -1 -1 -10 797 174 868 202 -1 -1 -1 -1000 -1000 -1000 -10 0.999733
129 9 car -1 -1 -10 631 171 661 199 -1 -1 -1 -1000 -1000 -1000 -10 0.941053
129 10 car -1 -1 -10 648 175 685 206 -1 -1 -1 -1000 -1000 -1000 -10 0.996478
129 11 car -1 -1 -10 722 174 774 207 -1 -1 -1 -1000 -1000 -1000 -10 0.999922
129 13 car -1 -1 -10 927 144 1216 293 -1 -1 -1 -1000 -1000 -1000 -10 0.999589
130 8 car -1 -1 -10 797 174 868 202 -1 -1 -1 -1000 -1000 -1000 -10 0.999767
130 9 car -1 -1 -10 630 172 658 197 -1 -1 -1 -1000 -1000 -1000 -10 0.82789
130 10 car -1 -1 -10 647 175 681 205 -1 -1 -1 -1000 -1000 -1000 -10 0.998588
130 11 car -1 -1 -10 718 175 768 206 -1 -1 -1 -1000 -1000 -1000 -10 0.999933
130 13 car -1 -1 -10 906 137 1155 292 -1 -1 -1 -1000 -1000 -1000 -10 0.999839
131 8 car -1 -1 -10 797 174 868 202 -1 -1 -1 -1000 -1000 -1000 -10 0.999781
131 9 car -1 -1 -10 628 171 657 197 -1 -1 -1 -1000 -1000 -1000 -10 0.722319
131 10 car -1 -1 -10 645 176 677 204 -1 -1 -1 -1000 -1000 -1000 -10 0.996346
131 11 car -1 -1 -10 715 175 761 204 -1 -1 -1 -1000 -1000 -1000 -10 0.999885
131 13 car -1 -1 -10 878 139 1110 285 -1 -1 -1 -1000 -1000 -1000 -10 0.989863
132 8 car -1 -1 -10 796 174 869 202 -1 -1 -1 -1000 -1000 -1000 -10 0.999776
132 9 car -1 -1 -10 629 172 656 198 -1 -1 -1 -1000 -1000 -1000 -10 0.322834
132 10 car -1 -1 -10 642 175 675 203 -1 -1 -1 -1000 -1000 -1000 -10 0.997387
132 11 car -1 -1 -10 710 174 756 204 -1 -1 -1 -1000 -1000 -1000 -10 0.999826
132 13 car -1 -1 -10 874 147 1064 264 -1 -1 -1 -1000 -1000 -1000 -10 0.997764
133 8 car -1 -1 -10 797 175 870 201 -1 -1 -1 -1000 -1000 -1000 -10 0.999534
133 10 car -1 -1 -10 641 175 672 202 -1 -1 -1 -1000 -1000 -1000 -10 0.987954
133 11 car -1 -1 -10 706 174 750 203 -1 -1 -1 -1000 -1000 -1000 -10 0.999799
133 13 car -1 -1 -10 861 151 1026 257 -1 -1 -1 -1000 -1000 -1000 -10 0.999755
134 8 car -1 -1 -10 797 174 871 201 -1 -1 -1 -1000 -1000 -1000 -10 0.997746
134 10 car -1 -1 -10 639 174 669 201 -1 -1 -1 -1000 -1000 -1000 -10 0.962432
134 11 car -1 -1 -10 703 174 745 202 -1 -1 -1 -1000 -1000 -1000 -10 0.998859
134 13 car -1 -1 -10 847 152 991 253 -1 -1 -1 -1000 -1000 -1000 -10 0.998952
135 8 car -1 -1 -10 797 173 866 203 -1 -1 -1 -1000 -1000 -1000 -10 0.980934
135 10 car -1 -1 -10 639 173 666 200 -1 -1 -1 -1000 -1000 -1000 -10 0.956243
135 11 car -1 -1 -10 699 175 739 201 -1 -1 -1 -1000 -1000 -1000 -10 0.99904
135 13 car -1 -1 -10 825 153 971 246 -1 -1 -1 -1000 -1000 -1000 -10 0.997837
136 8 car -1 -1 -10 799 174 868 203 -1 -1 -1 -1000 -1000 -1000 -10 0.848188
136 10 car -1 -1 -10 638 176 664 200 -1 -1 -1 -1000 -1000 -1000 -10 0.933275
136 11 car -1 -1 -10 696 174 736 201 -1 -1 -1 -1000 -1000 -1000 -10 0.998482
136 13 car -1 -1 -10 809 155 948 238 -1 -1 -1 -1000 -1000 -1000 -10 0.999587
137 8 car -1 -1 -10 800 172 869 206 -1 -1 -1 -1000 -1000 -1000 -10 0.619728
137 10 car -1 -1 -10 637 174 662 198 -1 -1 -1 -1000 -1000 -1000 -10 0.802918
137 11 car -1 -1 -10 695 174 730 199 -1 -1 -1 -1000 -1000 -1000 -10 0.997809
137 13 car -1 -1 -10 799 156 927 235 -1 -1 -1 -1000 -1000 -1000 -10 0.999776
138 8 car -1 -1 -10 796 166 857 205 -1 -1 -1 -1000 -1000 -1000 -10 0.491813
138 11 car -1 -1 -10 692 174 726 198 -1 -1 -1 -1000 -1000 -1000 -10 0.998969
138 13 car -1 -1 -10 791 156 904 232 -1 -1 -1 -1000 -1000 -1000 -10 0.997866
139 8 car -1 -1 -10 799 177 846 201 -1 -1 -1 -1000 -1000 -1000 -10 0.330242
139 11 car -1 -1 -10 688 173 722 199 -1 -1 -1 -1000 -1000 -1000 -10 0.999014
139 13 car -1 -1 -10 782 158 888 228 -1 -1 -1 -1000 -1000 -1000 -10 0.999596
140 11 car -1 -1 -10 687 174 718 197 -1 -1 -1 -1000 -1000 -1000 -10 0.997606
140 13 car -1 -1 -10 772 157 877 226 -1 -1 -1 -1000 -1000 -1000 -10 0.999622
141 11 car -1 -1 -10 683 175 715 196 -1 -1 -1 -1000 -1000 -1000 -10 0.995749
141 13 car -1 -1 -10 763 159 867 223 -1 -1 -1 -1000 -1000 -1000 -10 0.998183
141 14 car -1 -1 -10 810 177 856 202 -1 -1 -1 -1000 -1000 -1000 -10 0.549607
142 11 car -1 -1 -10 681 174 712 196 -1 -1 -1 -1000 -1000 -1000 -10 0.996827
142 13 car -1 -1 -10 754 157 853 222 -1 -1 -1 -1000 -1000 -1000 -10 0.988886
142 14 car -1 -1 -10 804 175 862 203 -1 -1 -1 -1000 -1000 -1000 -10 0.783894
143 11 car -1 -1 -10 680 174 709 196 -1 -1 -1 -1000 -1000 -1000 -10 0.99292
143 13 car -1 -1 -10 745 159 844 219 -1 -1 -1 -1000 -1000 -1000 -10 0.983164
143 14 car -1 -1 -10 796 174 867 202 -1 -1 -1 -1000 -1000 -1000 -10 0.840491
144 11 car -1 -1 -10 677 173 705 196 -1 -1 -1 -1000 -1000 -1000 -10 0.995348
144 13 car -1 -1 -10 743 161 825 215 -1 -1 -1 -1000 -1000 -1000 -10 0.930336
144 14 car -1 -1 -10 796 173 868 203 -1 -1 -1 -1000 -1000 -1000 -10 0.991639
145 11 car -1 -1 -10 675 174 702 194 -1 -1 -1 -1000 -1000 -1000 -10 0.993171
145 13 car -1 -1 -10 744 160 812 211 -1 -1 -1 -1000 -1000 -1000 -10 0.982227
145 14 car -1 -1 -10 796 174 868 203 -1 -1 -1 -1000 -1000 -1000 -10 0.998935
146 13 car -1 -1 -10 738 160 803 212 -1 -1 -1 -1000 -1000 -1000 -10 0.997593
146 14 car -1 -1 -10 798 174 867 203 -1 -1 -1 -1000 -1000 -1000 -10 0.999641
147 13 car -1 -1 -10 732 161 794 211 -1 -1 -1 -1000 -1000 -1000 -10 0.999075
147 14 car -1 -1 -10 797 174 867 203 -1 -1 -1 -1000 -1000 -1000 -10 0.999725
148 11 car -1 -1 -10 668 173 695 194 -1 -1 -1 -1000 -1000 -1000 -10 0.8969
148 13 car -1 -1 -10 728 161 787 210 -1 -1 -1 -1000 -1000 -1000 -10 0.998698
148 14 car -1 -1 -10 797 174 867 202 -1 -1 -1 -1000 -1000 -1000 -10 0.9997
149 11 car -1 -1 -10 666 174 691 193 -1 -1 -1 -1000 -1000 -1000 -10 0.588672
149 13 car -1 -1 -10 721 162 779 208 -1 -1 -1 -1000 -1000 -1000 -10 0.999722
149 14 car -1 -1 -10 797 174 866 202 -1 -1 -1 -1000 -1000 -1000 -10 0.999616
150 13 car -1 -1 -10 719 161 774 208 -1 -1 -1 -1000 -1000 -1000 -10 0.997699
150 14 car -1 -1 -10 796 174 866 202 -1 -1 -1 -1000 -1000 -1000 -10 0.999524
151 13 car -1 -1 -10 712 163 767 206 -1 -1 -1 -1000 -1000 -1000 -10 0.999779
151 14 car -1 -1 -10 796 174 864 202 -1 -1 -1 -1000 -1000 -1000 -10 0.999398
152 13 car -1 -1 -10 707 163 761 206 -1 -1 -1 -1000 -1000 -1000 -10 0.995553
152 14 car -1 -1 -10 796 175 864 201 -1 -1 -1 -1000 -1000 -1000 -10 0.998772
153 13 car -1 -1 -10 703 163 756 204 -1 -1 -1 -1000 -1000 -1000 -10 0.998931
153 14 car -1 -1 -10 796 175 861 200 -1 -1 -1 -1000 -1000 -1000 -10 0.998735
154 13 car -1 -1 -10 700 164 752 203 -1 -1 -1 -1000 -1000 -1000 -10 0.989921
154 14 car -1 -1 -10 795 175 861 200 -1 -1 -1 -1000 -1000 -1000 -10 0.99952
155 13 car -1 -1 -10 696 163 744 202 -1 -1 -1 -1000 -1000 -1000 -10 0.999036
155 14 car -1 -1 -10 794 175 862 200 -1 -1 -1 -1000 -1000 -1000 -10 0.999786
156 13 car -1 -1 -10 694 164 739 202 -1 -1 -1 -1000 -1000 -1000 -10 0.999029
156 14 car -1 -1 -10 790 175 862 201 -1 -1 -1 -1000 -1000 -1000 -10 0.999838
157 13 car -1 -1 -10 692 165 735 201 -1 -1 -1 -1000 -1000 -1000 -10 0.999137
157 14 car -1 -1 -10 787 175 859 201 -1 -1 -1 -1000 -1000 -1000 -10 0.999861
158 13 car -1 -1 -10 688 163 730 200 -1 -1 -1 -1000 -1000 -1000 -10 0.999075
158 14 car -1 -1 -10 786 174 854 202 -1 -1 -1 -1000 -1000 -1000 -10 0.999574
159 13 car -1 -1 -10 687 164 727 200 -1 -1 -1 -1000 -1000 -1000 -10 0.999169
159 14 car -1 -1 -10 785 175 850 200 -1 -1 -1 -1000 -1000 -1000 -10 0.999272
160 13 car -1 -1 -10 684 164 722 199 -1 -1 -1 -1000 -1000 -1000 -10 0.997954
160 14 car -1 -1 -10 781 175 849 202 -1 -1 -1 -1000 -1000 -1000 -10 0.999696
161 13 car -1 -1 -10 680 165 718 199 -1 -1 -1 -1000 -1000 -1000 -10 0.99817
161 14 car -1 -1 -10 778 175 846 201 -1 -1 -1 -1000 -1000 -1000 -10 0.99937
162 13 car -1 -1 -10 679 165 715 198 -1 -1 -1 -1000 -1000 -1000 -10 0.998224
162 14 car -1 -1 -10 775 175 843 201 -1 -1 -1 -1000 -1000 -1000 -10 0.998163
163 13 car -1 -1 -10 678 166 712 197 -1 -1 -1 -1000 -1000 -1000 -10 0.996792
163 14 car -1 -1 -10 773 174 839 201 -1 -1 -1 -1000 -1000 -1000 -10 0.998469
164 13 car -1 -1 -10 675 165 708 196 -1 -1 -1 -1000 -1000 -1000 -10 0.987369
164 14 car -1 -1 -10 770 174 834 201 -1 -1 -1 -1000 -1000 -1000 -10 0.999237
165 13 car -1 -1 -10 673 166 705 196 -1 -1 -1 -1000 -1000 -1000 -10 0.99435
165 14 car -1 -1 -10 767 174 831 201 -1 -1 -1 -1000 -1000 -1000 -10 0.997374
166 13 car -1 -1 -10 671 166 702 195 -1 -1 -1 -1000 -1000 -1000 -10 0.998885
166 14 car -1 -1 -10 763 174 828 201 -1 -1 -1 -1000 -1000 -1000 -10 0.998317
167 13 car -1 -1 -10 670 166 699 194 -1 -1 -1 -1000 -1000 -1000 -10 0.994977
167 14 car -1 -1 -10 760 174 824 201 -1 -1 -1 -1000 -1000 -1000 -10 0.999083
168 13 car -1 -1 -10 667 166 696 194 -1 -1 -1 -1000 -1000 -1000 -10 0.971271
168 14 car -1 -1 -10 758 173 818 200 -1 -1 -1 -1000 -1000 -1000 -10 0.99606
169 13 car -1 -1 -10 665 166 695 193 -1 -1 -1 -1000 -1000 -1000 -10 0.960327
169 14 car -1 -1 -10 753 173 815 200 -1 -1 -1 -1000 -1000 -1000 -10 0.999459
170 13 car -1 -1 -10 664 166 691 193 -1 -1 -1 -1000 -1000 -1000 -10 0.970694
170 14 car -1 -1 -10 750 173 809 200 -1 -1 -1 -1000 -1000 -1000 -10 0.999282
171 13 car -1 -1 -10 661 166 688 193 -1 -1 -1 -1000 -1000 -1000 -10 0.985943
171 14 car -1 -1 -10 746 174 806 199 -1 -1 -1 -1000 -1000 -1000 -10 0.996519
172 14 car -1 -1 -10 744 174 799 199 -1 -1 -1 -1000 -1000 -1000 -10 0.999334
173 13 car -1 -1 -10 659 166 684 192 -1 -1 -1 -1000 -1000 -1000 -10 0.957062
173 14 car -1 -1 -10 739 175 796 200 -1 -1 -1 -1000 -1000 -1000 -10 0.998901
174 14 car -1 -1 -10 737 174 789 199 -1 -1 -1 -1000 -1000 -1000 -10 0.999455
175 14 car -1 -1 -10 735 174 783 199 -1 -1 -1 -1000 -1000 -1000 -10 0.999813
176 14 car -1 -1 -10 730 174 780 199 -1 -1 -1 -1000 -1000 -1000 -10 0.999101
177 14 car -1 -1 -10 727 173 774 199 -1 -1 -1 -1000 -1000 -1000 -10 0.999787
178 14 car -1 -1 -10 726 173 770 199 -1 -1 -1 -1000 -1000 -1000 -10 0.999738
179 14 car -1 -1 -10 719 174 766 198 -1 -1 -1 -1000 -1000 -1000 -10 0.997964
180 14 car -1 -1 -10 717 176 762 199 -1 -1 -1 -1000 -1000 -1000 -10 0.998359
181 14 car -1 -1 -10 716 176 757 197 -1 -1 -1 -1000 -1000 -1000 -10 0.997142
182 14 car -1 -1 -10 710 176 752 197 -1 -1 -1 -1000 -1000 -1000 -10 0.997024
183 14 car -1 -1 -10 709 175 748 197 -1 -1 -1 -1000 -1000 -1000 -10 0.999083
184 14 car -1 -1 -10 707 176 746 197 -1 -1 -1 -1000 -1000 -1000 -10 0.998021
185 14 car -1 -1 -10 703 176 740 197 -1 -1 -1 -1000 -1000 -1000 -10 0.996566
186 14 car -1 -1 -10 700 175 737 197 -1 -1 -1 -1000 -1000 -1000 -10 0.993722
187 14 car -1 -1 -10 698 177 734 199 -1 -1 -1 -1000 -1000 -1000 -10 0.99939
188 14 car -1 -1 -10 695 179 730 200 -1 -1 -1 -1000 -1000 -1000 -10 0.999425
189 14 car -1 -1 -10 691 180 727 201 -1 -1 -1 -1000 -1000 -1000 -10 0.999546
189 15 car -1 -1 -10 477 170 504 197 -1 -1 -1 -1000 -1000 -1000 -10 0.317908
190 14 car -1 -1 -10 690 181 722 202 -1 -1 -1 -1000 -1000 -1000 -10 0.999464
190 15 car -1 -1 -10 476 169 503 198 -1 -1 -1 -1000 -1000 -1000 -10 0.80548
191 14 car -1 -1 -10 687 182 717 201 -1 -1 -1 -1000 -1000 -1000 -10 0.998523
191 15 car -1 -1 -10 474 170 501 198 -1 -1 -1 -1000 -1000 -1000 -10 0.696968
192 14 car -1 -1 -10 683 182 714 200 -1 -1 -1 -1000 -1000 -1000 -10 0.998493
192 15 car -1 -1 -10 470 171 498 198 -1 -1 -1 -1000 -1000 -1000 -10 0.754816
193 14 car -1 -1 -10 681 181 710 201 -1 -1 -1 -1000 -1000 -1000 -10 0.99782
193 15 car -1 -1 -10 467 170 495 199 -1 -1 -1 -1000 -1000 -1000 -10 0.748802
194 14 car -1 -1 -10 677 183 704 202 -1 -1 -1 -1000 -1000 -1000 -10 0.998162
194 15 car -1 -1 -10 464 172 494 199 -1 -1 -1 -1000 -1000 -1000 -10 0.946581
195 14 car -1 -1 -10 674 183 701 201 -1 -1 -1 -1000 -1000 -1000 -10 0.997776
195 15 car -1 -1 -10 460 171 492 201 -1 -1 -1 -1000 -1000 -1000 -10 0.671031
196 14 car -1 -1 -10 671 183 698 203 -1 -1 -1 -1000 -1000 -1000 -10 0.997768
196 15 car -1 -1 -10 456 172 487 204 -1 -1 -1 -1000 -1000 -1000 -10 0.931831
197 14 car -1 -1 -10 667 183 694 204 -1 -1 -1 -1000 -1000 -1000 -10 0.9977
197 15 car -1 -1 -10 452 173 483 205 -1 -1 -1 -1000 -1000 -1000 -10 0.941016
198 14 car -1 -1 -10 663 185 689 205 -1 -1 -1 -1000 -1000 -1000 -10 0.998316
198 15 car -1 -1 -10 449 176 481 205 -1 -1 -1 -1000 -1000 -1000 -10 0.966543
199 14 car -1 -1 -10 659 184 685 206 -1 -1 -1 -1000 -1000 -1000 -10 0.99329
199 15 car -1 -1 -10 443 175 475 207 -1 -1 -1 -1000 -1000 -1000 -10 0.992896
200 14 car -1 -1 -10 656 185 682 205 -1 -1 -1 -1000 -1000 -1000 -10 0.997827
200 15 car -1 -1 -10 439 175 472 208 -1 -1 -1 -1000 -1000 -1000 -10 0.984432
201 14 car -1 -1 -10 651 185 676 204 -1 -1 -1 -1000 -1000 -1000 -10 0.99055
201 15 car -1 -1 -10 434 175 467 209 -1 -1 -1 -1000 -1000 -1000 -10 0.982799
202 14 car -1 -1 -10 647 184 673 204 -1 -1 -1 -1000 -1000 -1000 -10 0.997829
202 15 car -1 -1 -10 429 173 463 208 -1 -1 -1 -1000 -1000 -1000 -10 0.992613
203 15 car -1 -1 -10 423 172 459 207 -1 -1 -1 -1000 -1000 -1000 -10 0.991998
204 15 car -1 -1 -10 418 171 456 208 -1 -1 -1 -1000 -1000 -1000 -10 0.961381
205 14 car -1 -1 -10 638 181 663 200 -1 -1 -1 -1000 -1000 -1000 -10 0.994813
205 15 car -1 -1 -10 416 171 452 206 -1 -1 -1 -1000 -1000 -1000 -10 0.984693
206 15 car -1 -1 -10 411 170 450 206 -1 -1 -1 -1000 -1000 -1000 -10 0.996911
207 15 car -1 -1 -10 407 170 448 206 -1 -1 -1 -1000 -1000 -1000 -10 0.996171
208 15 car -1 -1 -10 404 171 447 206 -1 -1 -1 -1000 -1000 -1000 -10 0.996928
209 15 car -1 -1 -10 402 170 447 206 -1 -1 -1 -1000 -1000 -1000 -10 0.993024
210 15 car -1 -1 -10 401 170 448 207 -1 -1 -1 -1000 -1000 -1000 -10 0.997723
211 15 car -1 -1 -10 402 171 449 207 -1 -1 -1 -1000 -1000 -1000 -10 0.999176
212 15 car -1 -1 -10 405 171 451 208 -1 -1 -1 -1000 -1000 -1000 -10 0.997565
213 15 car -1 -1 -10 410 170 459 210 -1 -1 -1 -1000 -1000 -1000 -10 0.996549
214 15 car -1 -1 -10 415 172 464 211 -1 -1 -1 -1000 -1000 -1000 -10 0.997613
215 15 car -1 -1 -10 422 171 477 211 -1 -1 -1 -1000 -1000 -1000 -10 0.994208
216 15 car -1 -1 -10 431 171 487 211 -1 -1 -1 -1000 -1000 -1000 -10 0.998346
217 15 car -1 -1 -10 445 170 499 211 -1 -1 -1 -1000 -1000 -1000 -10 0.999281
218 15 car -1 -1 -10 460 168 514 211 -1 -1 -1 -1000 -1000 -1000 -10 0.998181
219 15 car -1 -1 -10 476 168 530 210 -1 -1 -1 -1000 -1000 -1000 -10 0.998915
220 15 car -1 -1 -10 494 166 549 211 -1 -1 -1 -1000 -1000 -1000 -10 0.998817
221 15 car -1 -1 -10 514 163 570 208 -1 -1 -1 -1000 -1000 -1000 -10 0.999274
222 15 car -1 -1 -10 537 162 593 208 -1 -1 -1 -1000 -1000 -1000 -10 0.999224
223 15 car -1 -1 -10 559 160 617 207 -1 -1 -1 -1000 -1000 -1000 -10 0.999431
224 15 car -1 -1 -10 584 159 642 207 -1 -1 -1 -1000 -1000 -1000 -10 0.999659
224 16 car -1 -1 -10 864 169 889 186 -1 -1 -1 -1000 -1000 -1000 -10 0.515745
225 15 car -1 -1 -10 608 157 668 209 -1 -1 -1 -1000 -1000 -1000 -10 0.999905
226 15 car -1 -1 -10 636 158 695 211 -1 -1 -1 -1000 -1000 -1000 -10 0.999802
227 15 car -1 -1 -10 663 157 726 213 -1 -1 -1 -1000 -1000 -1000 -10 0.999274
228 15 car -1 -1 -10 691 158 756 213 -1 -1 -1 -1000 -1000 -1000 -10 0.998265
229 15 car -1 -1 -10 724 154 792 216 -1 -1 -1 -1000 -1000 -1000 -10 0.999756
230 15 car -1 -1 -10 754 151 829 213 -1 -1 -1 -1000 -1000 -1000 -10 0.999284
231 15 car -1 -1 -10 790 148 864 213 -1 -1 -1 -1000 -1000 -1000 -10 0.999581
231 17 car -1 -1 -10 1148 161 1180 181 -1 -1 -1 -1000 -1000 -1000 -10 0.399945
232 15 car -1 -1 -10 823 147 907 214 -1 -1 -1 -1000 -1000 -1000 -10 0.999386
233 15 car -1 -1 -10 858 144 955 212 -1 -1 -1 -1000 -1000 -1000 -10 0.99957
234 15 car -1 -1 -10 902 142 999 215 -1 -1 -1 -1000 -1000 -1000 -10 0.999571
235 15 car -1 -1 -10 948 140 1052 218 -1 -1 -1 -1000 -1000 -1000 -10 0.999352
236 15 car -1 -1 -10 1002 138 1108 222 -1 -1 -1 -1000 -1000 -1000 -10 0.998822
237 15 car -1 -1 -10 1061 136 1169 226 -1 -1 -1 -1000 -1000 -1000 -10 0.558139
