0 0 car -1 -1 -10 383 182 443 221 -1 -1 -1 -1000 -1000 -1000 -10 0.999836
0 1 car -1 -1 -10 142 199 311 277 -1 -1 -1 -1000 -1000 -1000 -10 0.996204
0 2 car -1 -1 -10 848 73 1190 321 -1 -1 -1 -1000 -1000 -1000 -10 0.915416
0 3 car -1 -1 -10 458 185 494 206 -1 -1 -1 -1000 -1000 -1000 -10 0.799183
1 2 car -1 -1 -10 844 60 1242 332 -1 -1 -1 -1000 -1000 -1000 -10 0.999861
1 3 car -1 -1 -10 445 184 482 209 -1 -1 -1 -1000 -1000 -1000 -10 0.986152
1 4 car -1 -1 -10 355 181 423 227 -1 -1 -1 -1000 -1000 -1000 -10 0.999975
1 5 car -1 -1 -10 7 201 251 304 -1 -1 -1 -1000 -1000 -1000 -10 0.995541
2 2 car -1 -1 -10 878 33 1242 375 -1 -1 -1 -1000 -1000 -1000 -10 0.998287
2 3 car -1 -1 -10 429 185 472 212 -1 -1 -1 -1000 -1000 -1000 -10 0.99774
2 6 car -1 -1 -10 320 182 403 238 -1 -1 -1 -1000 -1000 -1000 -10 0.999852
2 7 car -1 -1 -10 0 203 158 360 -1 -1 -1 -1000 -1000 -1000 -10 0.999788
2 8 car -1 -1 -10 468 184 497 204 -1 -1 -1 -1000 -1000 -1000 -10 0.377474
3 2 car -1 -1 -10 923 0 1242 375 -1 -1 -1 -1000 -1000 -1000 -10 0.99977
3 3 car -1 -1 -10 412 186 458 215 -1 -1 -1 -1000 -1000 -1000 -10 0.999017
3 8 car -1 -1 -10 458 183 488 205 -1 -1 -1 -1000 -1000 -1000 -10 0.834768
3 9 car -1 -1 -10 272 179 374 247 -1 -1 -1 -1000 -1000 -1000 -10 0.999937
4 2 car -1 -1 -10 982 0 1242 375 -1 -1 -1 -1000 -1000 -1000 -10 0.999094
4 3 car -1 -1 -10 393 187 444 219 -1 -1 -1 -1000 -1000 -1000 -10 0.999613
4 8 car -1 -1 -10 448 184 476 206 -1 -1 -1 -1000 -1000 -1000 -10 0.995281
4 10 car -1 -1 -10 208 180 339 255 -1 -1 -1 -1000 -1000 -1000 -10 0.999738
5 1 car -1 -1 -10 111 183 291 271 -1 -1 -1 -1000 -1000 -1000 -10 0.998742
5 2 car -1 -1 -10 1056 7 1242 375 -1 -1 -1 -1000 -1000 -1000 -10 0.996718
5 3 car -1 -1 -10 370 187 429 223 -1 -1 -1 -1000 -1000 -1000 -10 0.995284
5 8 car -1 -1 -10 433 185 466 208 -1 -1 -1 -1000 -1000 -1000 -10 0.986779
6 3 car -1 -1 -10 344 187 409 226 -1 -1 -1 -1000 -1000 -1000 -10 0.999382
6 5 car -1 -1 -10 0 184 225 292 -1 -1 -1 -1000 -1000 -1000 -10 0.999431
6 8 car -1 -1 -10 418 185 453 209 -1 -1 -1 -1000 -1000 -1000 -10 0.997327
7 3 car -1 -1 -10 312 189 389 231 -1 -1 -1 -1000 -1000 -1000 -10 0.999858
7 7 car -1 -1 -10 0 183 138 310 -1 -1 -1 -1000 -1000 -1000 -10 0.999657
7 8 car -1 -1 -10 401 185 442 212 -1 -1 -1 -1000 -1000 -1000 -10 0.99605
8 3 car -1 -1 -10 271 189 359 239 -1 -1 -1 -1000 -1000 -1000 -10 0.999927
8 8 car -1 -1 -10 382 186 427 215 -1 -1 -1 -1000 -1000 -1000 -10 0.999411
9 8 car -1 -1 -10 361 189 410 217 -1 -1 -1 -1000 -1000 -1000 -10 0.999515
9 10 car -1 -1 -10 216 188 325 249 -1 -1 -1 -1000 -1000 -1000 -10 0.999917
10 1 car -1 -1 -10 148 190 284 263 -1 -1 -1 -1000 -1000 -1000 -10 0.999857
10 8 car -1 -1 -10 333 189 391 223 -1 -1 -1 -1000 -1000 -1000 -10 0.997687
11 5 car -1 -1 -10 33 196 236 280 -1 -1 -1 -1000 -1000 -1000 -10 0.999725
11 8 car -1 -1 -10 303 190 365 231 -1 -1 -1 -1000 -1000 -1000 -10 0.999915
12 8 car -1 -1 -10 265 191 337 239 -1 -1 -1 -1000 -1000 -1000 -10 0.999956
12 11 car -1 -1 -10 0 202 162 303 -1 -1 -1 -1000 -1000 -1000 -10 0.999866
13 10 car -1 -1 -10 212 192 307 249 -1 -1 -1 -1000 -1000 -1000 -10 0.99944
13 12 car -1 -1 -10 0 211 43 297 -1 -1 -1 -1000 -1000 -1000 -10 0.496852
14 1 car -1 -1 -10 150 191 260 263 -1 -1 -1 -1000 -1000 -1000 -10 0.998766
14 13 car -1 -1 -10 482 171 507 199 -1 -1 -1 -1000 -1000 -1000 -10 0.954009
15 5 car -1 -1 -10 53 197 200 271 -1 -1 -1 -1000 -1000 -1000 -10 0.999902
15 13 car -1 -1 -10 478 172 503 199 -1 -1 -1 -1000 -1000 -1000 -10 0.982952
16 11 car -1 -1 -10 0 202 130 292 -1 -1 -1 -1000 -1000 -1000 -10 0.998136
16 13 car -1 -1 -10 474 171 501 201 -1 -1 -1 -1000 -1000 -1000 -10 0.992775
17 13 car -1 -1 -10 471 170 498 200 -1 -1 -1 -1000 -1000 -1000 -10 0.989878
18 13 car -1 -1 -10 468 168 497 200 -1 -1 -1 -1000 -1000 -1000 -10 0.994538
19 13 car -1 -1 -10 466 169 496 200 -1 -1 -1 -1000 -1000 -1000 -10 0.98474
20 13 car -1 -1 -10 465 170 494 201 -1 -1 -1 -1000 -1000 -1000 -10 0.989936
21 13 car -1 -1 -10 463 170 494 203 -1 -1 -1 -1000 -1000 -1000 -10 0.996854
22 13 car -1 -1 -10 463 172 494 204 -1 -1 -1 -1000 -1000 -1000 -10 0.992381
23 13 car -1 -1 -10 462 172 493 205 -1 -1 -1 -1000 -1000 -1000 -10 0.9929
24 13 car -1 -1 -10 461 172 494 207 -1 -1 -1 -1000 -1000 -1000 -10 0.997764
25 13 car -1 -1 -10 460 173 494 209 -1 -1 -1 -1000 -1000 -1000 -10 0.998946
26 13 car -1 -1 -10 459 174 494 210 -1 -1 -1 -1000 -1000 -1000 -10 0.998999
27 13 car -1 -1 -10 458 172 495 211 -1 -1 -1 -1000 -1000 -1000 -10 0.996371
28 13 car -1 -1 -10 457 172 495 211 -1 -1 -1 -1000 -1000 -1000 -10 0.997162
29 13 car -1 -1 -10 454 171 493 211 -1 -1 -1 -1000 -1000 -1000 -10 0.998241
30 13 car -1 -1 -10 453 170 493 211 -1 -1 -1 -1000 -1000 -1000 -10 0.99919
31 13 car -1 -1 -10 451 169 492 211 -1 -1 -1 -1000 -1000 -1000 -10 0.999807
32 13 car -1 -1 -10 447 169 492 211 -1 -1 -1 -1000 -1000 -1000 -10 0.999357
33 13 car -1 -1 -10 444 168 491 211 -1 -1 -1 -1000 -1000 -1000 -10 0.999092
34 13 car -1 -1 -10 442 167 490 211 -1 -1 -1 -1000 -1000 -1000 -10 0.997628
35 13 car -1 -1 -10 438 165 485 212 -1 -1 -1 -1000 -1000 -1000 -10 0.999618
36 13 car -1 -1 -10 434 165 483 213 -1 -1 -1 -1000 -1000 -1000 -10 0.999877
37 13 car -1 -1 -10 429 166 481 217 -1 -1 -1 -1000 -1000 -1000 -10 0.999799
38 13 car -1 -1 -10 422 165 478 219 -1 -1 -1 -1000 -1000 -1000 -10 0.999983
39 13 car -1 -1 -10 415 164 474 219 -1 -1 -1 -1000 -1000 -1000 -10 0.99994
40 13 car -1 -1 -10 406 164 469 223 -1 -1 -1 -1000 -1000 -1000 -10 0.99998
41 13 car -1 -1 -10 397 168 463 230 -1 -1 -1 -1000 -1000 -1000 -10 0.99975
42 13 car -1 -1 -10 385 168 458 232 -1 -1 -1 -1000 -1000 -1000 -10 0.9995
43 13 car -1 -1 -10 370 162 456 232 -1 -1 -1 -1000 -1000 -1000 -10 0.997394
44 13 car -1 -1 -10 354 158 448 234 -1 -1 -1 -1000 -1000 -1000 -10 0.999903
45 13 car -1 -1 -10 337 159 442 238 -1 -1 -1 -1000 -1000 -1000 -10 0.999884
46 13 car -1 -1 -10 322 155 432 243 -1 -1 -1 -1000 -1000 -1000 -10 0.999894
47 13 car -1 -1 -10 299 155 424 247 -1 -1 -1 -1000 -1000 -1000 -10 0.999843
48 13 car -1 -1 -10 276 152 412 253 -1 -1 -1 -1000 -1000 -1000 -10 0.999601
49 13 car -1 -1 -10 248 146 396 259 -1 -1 -1 -1000 -1000 -1000 -10 0.999914
50 13 car -1 -1 -10 202 150 389 270 -1 -1 -1 -1000 -1000 -1000 -10 0.999714
51 13 car -1 -1 -10 161 140 370 282 -1 -1 -1 -1000 -1000 -1000 -10 0.999904
52 13 car -1 -1 -10 109 129 336 292 -1 -1 -1 -1000 -1000 -1000 -10 0.999991
53 13 car -1 -1 -10 22 125 316 304 -1 -1 -1 -1000 -1000 -1000 -10 0.999988
54 13 car -1 -1 -10 0 112 286 321 -1 -1 -1 -1000 -1000 -1000 -10 0.999755
55 13 car -1 -1 -10 0 92 249 351 -1 -1 -1 -1000 -1000 -1000 -10 0.999118
56 13 car -1 -1 -10 0 82 181 352 -1 -1 -1 -1000 -1000 -1000 -10 0.995938
57 13 car -1 -1 -10 0 85 120 344 -1 -1 -1 -1000 -1000 -1000 -10 0.888451
82 14 car -1 -1 -10 503 178 528 198 -1 -1 -1 -1000 -1000 -1000 -10 0.961216
83 14 car -1 -1 -10 496 179 524 198 -1 -1 -1 -1000 -1000 -1000 -10 0.990464
84 14 car -1 -1 -10 488 179 518 200 -1 -1 -1 -1000 -1000 -1000 -10 0.999566
85 14 car -1 -1 -10 479 179 513 202 -1 -1 -1 -1000 -1000 -1000 -10 0.998482
86 14 car -1 -1 -10 470 181 504 205 -1 -1 -1 -1000 -1000 -1000 -10 0.999801
87 14 car -1 -1 -10 458 181 496 208 -1 -1 -1 -1000 -1000 -1000 -10 0.999873
88 14 car -1 -1 -10 444 181 486 211 -1 -1 -1 -1000 -1000 -1000 -10 0.999661
89 14 car -1 -1 -10 427 181 477 212 -1 -1 -1 -1000 -1000 -1000 -10 0.999864
89 15 car -1 -1 -10 494 176 519 196 -1 -1 -1 -1000 -1000 -1000 -10 0.978604
90 14 car -1 -1 -10 406 182 462 215 -1 -1 -1 -1000 -1000 -1000 -10 0.999731
90 15 car -1 -1 -10 486 178 514 198 -1 -1 -1 -1000 -1000 -1000 -10 0.990534
91 14 car -1 -1 -10 382 183 445 220 -1 -1 -1 -1000 -1000 -1000 -10 0.999962
91 15 car -1 -1 -10 477 177 507 200 -1 -1 -1 -1000 -1000 -1000 -10 0.999564
92 14 car -1 -1 -10 348 184 424 228 -1 -1 -1 -1000 -1000 -1000 -10 0.99999
92 15 car -1 -1 -10 468 178 499 203 -1 -1 -1 -1000 -1000 -1000 -10 0.999842
93 14 car -1 -1 -10 301 186 394 238 -1 -1 -1 -1000 -1000 -1000 -10 0.999964
93 15 car -1 -1 -10 456 178 491 204 -1 -1 -1 -1000 -1000 -1000 -10 0.999908
94 14 car -1 -1 -10 237 184 359 249 -1 -1 -1 -1000 -1000 -1000 -10 0.999998
94 15 car -1 -1 -10 443 177 483 206 -1 -1 -1 -1000 -1000 -1000 -10 0.999942
95 14 car -1 -1 -10 134 194 319 266 -1 -1 -1 -1000 -1000 -1000 -10 0.999898
95 15 car -1 -1 -10 427 178 473 211 -1 -1 -1 -1000 -1000 -1000 -10 0.99998
96 14 car -1 -1 -10 0 193 238 299 -1 -1 -1 -1000 -1000 -1000 -10 0.999958
96 15 car -1 -1 -10 406 181 462 216 -1 -1 -1 -1000 -1000 -1000 -10 0.999357
97 14 car -1 -1 -10 0 200 136 338 -1 -1 -1 -1000 -1000 -1000 -10 0.997889
97 15 car -1 -1 -10 383 181 444 220 -1 -1 -1 -1000 -1000 -1000 -10 0.999985
98 15 car -1 -1 -10 353 181 423 228 -1 -1 -1 -1000 -1000 -1000 -10 0.999997
99 15 car -1 -1 -10 310 183 399 238 -1 -1 -1 -1000 -1000 -1000 -10 0.999986
100 15 car -1 -1 -10 246 182 367 250 -1 -1 -1 -1000 -1000 -1000 -10 0.999998
101 15 car -1 -1 -10 153 184 319 270 -1 -1 -1 -1000 -1000 -1000 -10 0.999893
102 15 car -1 -1 -10 0 183 253 303 -1 -1 -1 -1000 -1000 -1000 -10 0.999156
102 16 car -1 -1 -10 498 177 524 195 -1 -1 -1 -1000 -1000 -1000 -10 0.978135
103 15 car -1 -1 -10 0 192 143 339 -1 -1 -1 -1000 -1000 -1000 -10 0.999968
103 16 car -1 -1 -10 491 176 520 197 -1 -1 -1 -1000 -1000 -1000 -10 0.980602
104 16 car -1 -1 -10 485 179 515 200 -1 -1 -1 -1000 -1000 -1000 -10 0.999164
105 16 car -1 -1 -10 476 179 508 202 -1 -1 -1 -1000 -1000 -1000 -10 0.999954
106 16 car -1 -1 -10 466 178 501 204 -1 -1 -1 -1000 -1000 -1000 -10 0.999898
107 16 car -1 -1 -10 454 178 493 205 -1 -1 -1 -1000 -1000 -1000 -10 0.999968
108 16 car -1 -1 -10 439 179 483 208 -1 -1 -1 -1000 -1000 -1000 -10 0.999961
109 16 car -1 -1 -10 422 179 473 213 -1 -1 -1 -1000 -1000 -1000 -10 0.999887
110 16 car -1 -1 -10 399 182 460 216 -1 -1 -1 -1000 -1000 -1000 -10 0.999981
111 16 car -1 -1 -10 374 181 441 221 -1 -1 -1 -1000 -1000 -1000 -10 0.999995
111 17 car -1 -1 -10 503 175 528 193 -1 -1 -1 -1000 -1000 -1000 -10 0.348773
112 16 car -1 -1 -10 338 181 420 228 -1 -1 -1 -1000 -1000 -1000 -10 0.999981
112 17 car -1 -1 -10 500 175 525 193 -1 -1 -1 -1000 -1000 -1000 -10 0.972185
113 16 car -1 -1 -10 287 181 393 237 -1 -1 -1 -1000 -1000 -1000 -10 0.999963
113 17 car -1 -1 -10 494 174 522 194 -1 -1 -1 -1000 -1000 -1000 -10 0.978093
114 16 car -1 -1 -10 221 180 355 249 -1 -1 -1 -1000 -1000 -1000 -10 0.999995
114 17 car -1 -1 -10 488 175 516 195 -1 -1 -1 -1000 -1000 -1000 -10 0.998944
115 16 car -1 -1 -10 115 182 304 271 -1 -1 -1 -1000 -1000 -1000 -10 0.999965
115 17 car -1 -1 -10 481 174 513 198 -1 -1 -1 -1000 -1000 -1000 -10 0.996748
116 16 car -1 -1 -10 0 185 232 309 -1 -1 -1 -1000 -1000 -1000 -10 0.999864
116 17 car -1 -1 -10 472 177 507 202 -1 -1 -1 -1000 -1000 -1000 -10 0.999825
117 17 car -1 -1 -10 462 178 500 204 -1 -1 -1 -1000 -1000 -1000 -10 0.999966
117 18 car -1 -1 -10 0 197 110 328 -1 -1 -1 -1000 -1000 -1000 -10 0.992198
118 17 car -1 -1 -10 452 178 491 206 -1 -1 -1 -1000 -1000 -1000 -10 0.999981
119 17 car -1 -1 -10 438 178 481 210 -1 -1 -1 -1000 -1000 -1000 -10 0.999985
120 17 car -1 -1 -10 419 178 473 214 -1 -1 -1 -1000 -1000 -1000 -10 0.999772
121 17 car -1 -1 -10 400 181 460 218 -1 -1 -1 -1000 -1000 -1000 -10 0.999991
122 17 car -1 -1 -10 375 180 443 225 -1 -1 -1 -1000 -1000 -1000 -10 0.999997
123 17 car -1 -1 -10 341 181 424 232 -1 -1 -1 -1000 -1000 -1000 -10 0.999984
124 17 car -1 -1 -10 291 180 399 245 -1 -1 -1 -1000 -1000 -1000 -10 0.999996
125 17 car -1 -1 -10 222 180 359 262 -1 -1 -1 -1000 -1000 -1000 -10 0.999996
126 17 car -1 -1 -10 111 187 310 283 -1 -1 -1 -1000 -1000 -1000 -10 0.999995
127 17 car -1 -1 -10 0 193 232 323 -1 -1 -1 -1000 -1000 -1000 -10 0.999901
128 17 car -1 -1 -10 0 200 103 350 -1 -1 -1 -1000 -1000 -1000 -10 0.996835
147 19 car -1 -1 -10 578 173 603 194 -1 -1 -1 -1000 -1000 -1000 -10 0.991921
148 19 car -1 -1 -10 575 174 602 194 -1 -1 -1 -1000 -1000 -1000 -10 0.964492
149 19 car -1 -1 -10 574 174 600 193 -1 -1 -1 -1000 -1000 -1000 -10 0.995739
150 19 car -1 -1 -10 574 173 600 193 -1 -1 -1 -1000 -1000 -1000 -10 0.997782
151 19 car -1 -1 -10 574 174 600 194 -1 -1 -1 -1000 -1000 -1000 -10 0.996488
152 19 car -1 -1 -10 574 174 600 194 -1 -1 -1 -1000 -1000 -1000 -10 0.99416
153 19 car -1 -1 -10 574 173 600 194 -1 -1 -1 -1000 -1000 -1000 -10 0.997575
154 19 car -1 -1 -10 574 172 600 193 -1 -1 -1 -1000 -1000 -1000 -10 0.997322
155 19 car -1 -1 -10 573 169 601 190 -1 -1 -1 -1000 -1000 -1000 -10 0.996589
156 19 car -1 -1 -10 574 170 601 191 -1 -1 -1 -1000 -1000 -1000 -10 0.998085
157 19 car -1 -1 -10 574 173 602 195 -1 -1 -1 -1000 -1000 -1000 -10 0.992868
158 19 car -1 -1 -10 573 176 604 199 -1 -1 -1 -1000 -1000 -1000 -10 0.981078
159 19 car -1 -1 -10 575 179 605 202 -1 -1 -1 -1000 -1000 -1000 -10 0.99326
160 19 car -1 -1 -10 574 178 606 201 -1 -1 -1 -1000 -1000 -1000 -10 0.99622
160 20 car -1 -1 -10 543 175 568 196 -1 -1 -1 -1000 -1000 -1000 -10 0.982871
161 19 car -1 -1 -10 576 170 605 194 -1 -1 -1 -1000 -1000 -1000 -10 0.997611
161 20 car -1 -1 -10 544 168 569 190 -1 -1 -1 -1000 -1000 -1000 -10 0.997529
162 19 car -1 -1 -10 576 163 605 188 -1 -1 -1 -1000 -1000 -1000 -10 0.989574
162 20 car -1 -1 -10 543 163 568 183 -1 -1 -1 -1000 -1000 -1000 -10 0.996381
163 19 car -1 -1 -10 576 166 608 190 -1 -1 -1 -1000 -1000 -1000 -10 0.996285
163 20 car -1 -1 -10 543 163 568 184 -1 -1 -1 -1000 -1000 -1000 -10 0.996548
164 19 car -1 -1 -10 576 167 608 192 -1 -1 -1 -1000 -1000 -1000 -10 0.999263
164 20 car -1 -1 -10 542 164 569 187 -1 -1 -1 -1000 -1000 -1000 -10 0.989071
165 19 car -1 -1 -10 576 172 607 198 -1 -1 -1 -1000 -1000 -1000 -10 0.998852
165 20 car -1 -1 -10 542 171 568 192 -1 -1 -1 -1000 -1000 -1000 -10 0.998857
166 19 car -1 -1 -10 577 174 608 198 -1 -1 -1 -1000 -1000 -1000 -10 0.996257
166 20 car -1 -1 -10 542 172 568 193 -1 -1 -1 -1000 -1000 -1000 -10 0.998416
167 19 car -1 -1 -10 576 171 609 196 -1 -1 -1 -1000 -1000 -1000 -10 0.999482
167 20 car -1 -1 -10 542 169 568 190 -1 -1 -1 -1000 -1000 -1000 -10 0.999466
168 19 car -1 -1 -10 576 172 610 198 -1 -1 -1 -1000 -1000 -1000 -10 0.998971
168 20 car -1 -1 -10 542 170 568 192 -1 -1 -1 -1000 -1000 -1000 -10 0.999573
169 19 car -1 -1 -10 577 173 610 199 -1 -1 -1 -1000 -1000 -1000 -10 0.996429
169 20 car -1 -1 -10 541 172 568 194 -1 -1 -1 -1000 -1000 -1000 -10 0.999214
170 19 car -1 -1 -10 578 177 612 203 -1 -1 -1 -1000 -1000 -1000 -10 0.999516
170 20 car -1 -1 -10 540 174 569 198 -1 -1 -1 -1000 -1000 -1000 -10 0.984927
171 19 car -1 -1 -10 578 181 613 208 -1 -1 -1 -1000 -1000 -1000 -10 0.999669
171 20 car -1 -1 -10 541 181 569 203 -1 -1 -1 -1000 -1000 -1000 -10 0.999489
172 19 car -1 -1 -10 578 182 614 209 -1 -1 -1 -1000 -1000 -1000 -10 0.999168
172 20 car -1 -1 -10 540 181 568 203 -1 -1 -1 -1000 -1000 -1000 -10 0.999157
173 19 car -1 -1 -10 578 179 614 206 -1 -1 -1 -1000 -1000 -1000 -10 0.999826
173 20 car -1 -1 -10 540 179 569 201 -1 -1 -1 -1000 -1000 -1000 -10 0.999336
174 19 car -1 -1 -10 579 178 615 205 -1 -1 -1 -1000 -1000 -1000 -10 0.999748
174 20 car -1 -1 -10 540 178 569 200 -1 -1 -1 -1000 -1000 -1000 -10 0.998584
175 19 car -1 -1 -10 580 178 615 206 -1 -1 -1 -1000 -1000 -1000 -10 0.999803
175 20 car -1 -1 -10 540 178 569 200 -1 -1 -1 -1000 -1000 -1000 -10 0.998753
176 19 car -1 -1 -10 580 177 616 206 -1 -1 -1 -1000 -1000 -1000 -10 0.999509
176 20 car -1 -1 -10 538 178 570 201 -1 -1 -1 -1000 -1000 -1000 -10 0.999342
177 19 car -1 -1 -10 580 178 617 208 -1 -1 -1 -1000 -1000 -1000 -10 0.999296
177 20 car -1 -1 -10 538 179 570 202 -1 -1 -1 -1000 -1000 -1000 -10 0.9998
178 19 car -1 -1 -10 580 179 618 208 -1 -1 -1 -1000 -1000 -1000 -10 0.999206
178 20 car -1 -1 -10 538 180 570 203 -1 -1 -1 -1000 -1000 -1000 -10 0.999789
179 19 car -1 -1 -10 582 181 618 209 -1 -1 -1 -1000 -1000 -1000 -10 0.999569
179 20 car -1 -1 -10 538 180 570 204 -1 -1 -1 -1000 -1000 -1000 -10 0.99978
180 19 car -1 -1 -10 583 182 619 210 -1 -1 -1 -1000 -1000 -1000 -10 0.999572
180 20 car -1 -1 -10 538 180 570 205 -1 -1 -1 -1000 -1000 -1000 -10 0.999754
181 19 car -1 -1 -10 583 181 620 210 -1 -1 -1 -1000 -1000 -1000 -10 0.999502
181 20 car -1 -1 -10 537 180 570 205 -1 -1 -1 -1000 -1000 -1000 -10 0.999751
182 19 car -1 -1 -10 583 180 621 210 -1 -1 -1 -1000 -1000 -1000 -10 0.999745
182 20 car -1 -1 -10 537 180 570 204 -1 -1 -1 -1000 -1000 -1000 -10 0.999696
182 21 car -1 -1 -10 606 166 631 194 -1 -1 -1 -1000 -1000 -1000 -10 0.997127
183 19 car -1 -1 -10 583 181 621 211 -1 -1 -1 -1000 -1000 -1000 -10 0.999574
183 20 car -1 -1 -10 536 180 570 205 -1 -1 -1 -1000 -1000 -1000 -10 0.999817
184 19 car -1 -1 -10 583 181 622 212 -1 -1 -1 -1000 -1000 -1000 -10 0.996851
184 20 car -1 -1 -10 535 180 569 207 -1 -1 -1 -1000 -1000 -1000 -10 0.99984
185 19 car -1 -1 -10 583 183 624 214 -1 -1 -1 -1000 -1000 -1000 -10 0.997821
185 20 car -1 -1 -10 533 181 570 208 -1 -1 -1 -1000 -1000 -1000 -10 0.999763
185 21 car -1 -1 -10 607 168 632 197 -1 -1 -1 -1000 -1000 -1000 -10 0.995094
186 19 car -1 -1 -10 584 183 624 215 -1 -1 -1 -1000 -1000 -1000 -10 0.999472
186 20 car -1 -1 -10 532 181 568 209 -1 -1 -1 -1000 -1000 -1000 -10 0.99982
186 21 car -1 -1 -10 607 168 632 197 -1 -1 -1 -1000 -1000 -1000 -10 0.992918
187 19 car -1 -1 -10 583 183 624 215 -1 -1 -1 -1000 -1000 -1000 -10 0.999465
187 20 car -1 -1 -10 531 182 567 210 -1 -1 -1 -1000 -1000 -1000 -10 0.999623
187 21 car -1 -1 -10 607 168 632 198 -1 -1 -1 -1000 -1000 -1000 -10 0.989554
188 19 car -1 -1 -10 583 183 624 215 -1 -1 -1 -1000 -1000 -1000 -10 0.9996
188 20 car -1 -1 -10 530 181 567 210 -1 -1 -1 -1000 -1000 -1000 -10 0.999449
188 21 car -1 -1 -10 607 167 633 197 -1 -1 -1 -1000 -1000 -1000 -10 0.992953
189 19 car -1 -1 -10 583 182 624 215 -1 -1 -1 -1000 -1000 -1000 -10 0.999025
189 20 car -1 -1 -10 529 180 567 209 -1 -1 -1 -1000 -1000 -1000 -10 0.99908
189 21 car -1 -1 -10 606 166 632 197 -1 -1 -1 -1000 -1000 -1000 -10 0.994032
189 22 car -1 -1 -10 447 176 474 196 -1 -1 -1 -1000 -1000 -1000 -10 0.985031
190 19 car -1 -1 -10 582 180 622 213 -1 -1 -1 -1000 -1000 -1000 -10 0.998984
190 20 car -1 -1 -10 526 177 566 207 -1 -1 -1 -1000 -1000 -1000 -10 0.999493
190 21 car -1 -1 -10 607 165 632 193 -1 -1 -1 -1000 -1000 -1000 -10 0.987864
190 22 car -1 -1 -10 438 176 468 194 -1 -1 -1 -1000 -1000 -1000 -10 0.884181
191 19 car -1 -1 -10 581 180 622 213 -1 -1 -1 -1000 -1000 -1000 -10 0.999144
191 20 car -1 -1 -10 525 178 565 208 -1 -1 -1 -1000 -1000 -1000 -10 0.99983
191 21 car -1 -1 -10 605 163 632 194 -1 -1 -1 -1000 -1000 -1000 -10 0.997091
191 22 car -1 -1 -10 433 175 462 195 -1 -1 -1 -1000 -1000 -1000 -10 0.978345
192 19 car -1 -1 -10 582 181 624 216 -1 -1 -1 -1000 -1000 -1000 -10 0.999503
192 20 car -1 -1 -10 523 179 563 209 -1 -1 -1 -1000 -1000 -1000 -10 0.999826
192 21 car -1 -1 -10 606 165 631 196 -1 -1 -1 -1000 -1000 -1000 -10 0.997009
192 22 car -1 -1 -10 424 177 454 198 -1 -1 -1 -1000 -1000 -1000 -10 0.978353
193 19 car -1 -1 -10 581 181 623 217 -1 -1 -1 -1000 -1000 -1000 -10 0.999864
193 20 car -1 -1 -10 523 181 562 210 -1 -1 -1 -1000 -1000 -1000 -10 0.999849
193 22 car -1 -1 -10 414 178 447 201 -1 -1 -1 -1000 -1000 -1000 -10 0.996845
194 19 car -1 -1 -10 580 182 624 218 -1 -1 -1 -1000 -1000 -1000 -10 0.999816
194 20 car -1 -1 -10 521 181 560 210 -1 -1 -1 -1000 -1000 -1000 -10 0.999803
194 22 car -1 -1 -10 404 179 439 203 -1 -1 -1 -1000 -1000 -1000 -10 0.994807
195 19 car -1 -1 -10 578 182 624 219 -1 -1 -1 -1000 -1000 -1000 -10 0.999758
195 20 car -1 -1 -10 519 181 559 211 -1 -1 -1 -1000 -1000 -1000 -10 0.999753
195 22 car -1 -1 -10 393 180 429 205 -1 -1 -1 -1000 -1000 -1000 -10 0.998116
196 19 car -1 -1 -10 577 182 624 219 -1 -1 -1 -1000 -1000 -1000 -10 0.999598
196 20 car -1 -1 -10 519 180 558 211 -1 -1 -1 -1000 -1000 -1000 -10 0.999633
196 21 car -1 -1 -10 603 164 628 199 -1 -1 -1 -1000 -1000 -1000 -10 0.999755
196 22 car -1 -1 -10 381 181 417 207 -1 -1 -1 -1000 -1000 -1000 -10 0.999156
197 19 car -1 -1 -10 577 181 621 219 -1 -1 -1 -1000 -1000 -1000 -10 0.999626
197 20 car -1 -1 -10 518 180 558 211 -1 -1 -1 -1000 -1000 -1000 -10 0.999355
197 21 car -1 -1 -10 603 164 628 199 -1 -1 -1 -1000 -1000 -1000 -10 0.999748
197 22 car -1 -1 -10 366 180 407 208 -1 -1 -1 -1000 -1000 -1000 -10 0.998931
198 19 car -1 -1 -10 577 181 621 219 -1 -1 -1 -1000 -1000 -1000 -10 0.999631
198 20 car -1 -1 -10 514 180 558 210 -1 -1 -1 -1000 -1000 -1000 -10 0.999493
198 21 car -1 -1 -10 602 164 627 199 -1 -1 -1 -1000 -1000 -1000 -10 0.999744
198 22 car -1 -1 -10 348 179 395 211 -1 -1 -1 -1000 -1000 -1000 -10 0.997891
199 19 car -1 -1 -10 577 182 620 220 -1 -1 -1 -1000 -1000 -1000 -10 0.999872
199 20 car -1 -1 -10 513 179 557 211 -1 -1 -1 -1000 -1000 -1000 -10 0.999719
199 21 car -1 -1 -10 601 163 627 199 -1 -1 -1 -1000 -1000 -1000 -10 0.999587
199 22 car -1 -1 -10 328 179 380 213 -1 -1 -1 -1000 -1000 -1000 -10 0.997205
200 19 car -1 -1 -10 576 183 621 221 -1 -1 -1 -1000 -1000 -1000 -10 0.99988
200 20 car -1 -1 -10 512 180 556 211 -1 -1 -1 -1000 -1000 -1000 -10 0.999757
200 21 car -1 -1 -10 600 164 626 200 -1 -1 -1 -1000 -1000 -1000 -10 0.999523
200 22 car -1 -1 -10 303 180 366 217 -1 -1 -1 -1000 -1000 -1000 -10 0.999698
201 19 car -1 -1 -10 575 183 621 222 -1 -1 -1 -1000 -1000 -1000 -10 0.999932
201 20 car -1 -1 -10 512 179 555 211 -1 -1 -1 -1000 -1000 -1000 -10 0.999828
201 21 car -1 -1 -10 600 163 626 200 -1 -1 -1 -1000 -1000 -1000 -10 0.9993
201 22 car -1 -1 -10 277 181 345 218 -1 -1 -1 -1000 -1000 -1000 -10 0.999929
202 19 car -1 -1 -10 573 183 620 222 -1 -1 -1 -1000 -1000 -1000 -10 0.999929
202 20 car -1 -1 -10 511 179 554 211 -1 -1 -1 -1000 -1000 -1000 -10 0.999825
202 21 car -1 -1 -10 598 163 625 199 -1 -1 -1 -1000 -1000 -1000 -10 0.999046
202 22 car -1 -1 -10 244 180 324 223 -1 -1 -1 -1000 -1000 -1000 -10 0.999973
203 19 car -1 -1 -10 573 184 620 223 -1 -1 -1 -1000 -1000 -1000 -10 0.999844
203 20 car -1 -1 -10 510 180 553 211 -1 -1 -1 -1000 -1000 -1000 -10 0.999855
203 21 car -1 -1 -10 597 164 625 199 -1 -1 -1 -1000 -1000 -1000 -10 0.997008
203 22 car -1 -1 -10 205 181 297 229 -1 -1 -1 -1000 -1000 -1000 -10 0.999926
203 23 car -1 -1 -10 401 179 435 199 -1 -1 -1 -1000 -1000 -1000 -10 0.976206
204 19 car -1 -1 -10 571 184 620 228 -1 -1 -1 -1000 -1000 -1000 -10 0.999147
204 20 car -1 -1 -10 509 183 554 214 -1 -1 -1 -1000 -1000 -1000 -10 0.9997
204 21 car -1 -1 -10 595 165 624 201 -1 -1 -1 -1000 -1000 -1000 -10 0.996858
204 22 car -1 -1 -10 146 186 271 238 -1 -1 -1 -1000 -1000 -1000 -10 0.999973
204 24 car -1 -1 -10 391 183 426 203 -1 -1 -1 -1000 -1000 -1000 -10 0.999529
205 19 car -1 -1 -10 571 187 619 231 -1 -1 -1 -1000 -1000 -1000 -10 0.999319
205 20 car -1 -1 -10 508 186 553 217 -1 -1 -1 -1000 -1000 -1000 -10 0.999669
205 21 car -1 -1 -10 595 168 622 202 -1 -1 -1 -1000 -1000 -1000 -10 0.996037
205 22 car -1 -1 -10 86 186 229 254 -1 -1 -1 -1000 -1000 -1000 -10 0.999976
205 25 car -1 -1 -10 381 185 418 207 -1 -1 -1 -1000 -1000 -1000 -10 0.999274
206 19 car -1 -1 -10 570 187 619 231 -1 -1 -1 -1000 -1000 -1000 -10 0.999512
206 20 car -1 -1 -10 507 185 552 217 -1 -1 -1 -1000 -1000 -1000 -10 0.999679
206 21 car -1 -1 -10 594 168 621 203 -1 -1 -1 -1000 -1000 -1000 -10 0.999012
206 22 car -1 -1 -10 0 186 181 267 -1 -1 -1 -1000 -1000 -1000 -10 0.999686
206 25 car -1 -1 -10 368 184 409 209 -1 -1 -1 -1000 -1000 -1000 -10 0.999647
207 19 car -1 -1 -10 569 184 620 227 -1 -1 -1 -1000 -1000 -1000 -10 0.999529
207 20 car -1 -1 -10 507 182 553 215 -1 -1 -1 -1000 -1000 -1000 -10 0.999415
207 21 car -1 -1 -10 593 163 621 201 -1 -1 -1 -1000 -1000 -1000 -10 0.999698
207 22 car -1 -1 -10 0 187 122 276 -1 -1 -1 -1000 -1000 -1000 -10 0.998237
207 25 car -1 -1 -10 355 182 398 209 -1 -1 -1 -1000 -1000 -1000 -10 0.999966
208 19 car -1 -1 -10 569 179 619 224 -1 -1 -1 -1000 -1000 -1000 -10 0.999683
208 20 car -1 -1 -10 506 178 552 210 -1 -1 -1 -1000 -1000 -1000 -10 0.999681
208 21 car -1 -1 -10 591 160 620 196 -1 -1 -1 -1000 -1000 -1000 -10 0.993992
208 25 car -1 -1 -10 339 179 387 206 -1 -1 -1 -1000 -1000 -1000 -10 0.999942
208 26 car -1 -1 -10 0 193 35 274 -1 -1 -1 -1000 -1000 -1000 -10 0.466523
209 19 car -1 -1 -10 569 178 619 223 -1 -1 -1 -1000 -1000 -1000 -10 0.999777
209 20 car -1 -1 -10 505 177 553 209 -1 -1 -1 -1000 -1000 -1000 -10 0.999807
209 21 car -1 -1 -10 592 157 617 193 -1 -1 -1 -1000 -1000 -1000 -10 0.998815
209 25 car -1 -1 -10 321 178 375 207 -1 -1 -1 -1000 -1000 -1000 -10 0.99992
209 27 car -1 -1 -10 436 168 462 188 -1 -1 -1 -1000 -1000 -1000 -10 0.387072
210 19 car -1 -1 -10 569 179 619 224 -1 -1 -1 -1000 -1000 -1000 -10 0.999845
210 20 car -1 -1 -10 505 177 552 210 -1 -1 -1 -1000 -1000 -1000 -10 0.999664
210 21 car -1 -1 -10 591 157 617 194 -1 -1 -1 -1000 -1000 -1000 -10 0.989269
210 25 car -1 -1 -10 302 179 360 212 -1 -1 -1 -1000 -1000 -1000 -10 0.999822
210 27 car -1 -1 -10 429 169 457 190 -1 -1 -1 -1000 -1000 -1000 -10 0.978153
211 19 car -1 -1 -10 568 180 619 225 -1 -1 -1 -1000 -1000 -1000 -10 0.999885
211 20 car -1 -1 -10 506 178 552 211 -1 -1 -1 -1000 -1000 -1000 -10 0.999835
211 21 car -1 -1 -10 590 161 618 195 -1 -1 -1 -1000 -1000 -1000 -10 0.99615
211 25 car -1 -1 -10 279 182 346 215 -1 -1 -1 -1000 -1000 -1000 -10 0.999991
211 27 car -1 -1 -10 425 171 453 191 -1 -1 -1 -1000 -1000 -1000 -10 0.984824
212 19 car -1 -1 -10 569 181 619 226 -1 -1 -1 -1000 -1000 -1000 -10 0.999881
212 20 car -1 -1 -10 507 180 552 212 -1 -1 -1 -1000 -1000 -1000 -10 0.999872
212 21 car -1 -1 -10 589 160 618 196 -1 -1 -1 -1000 -1000 -1000 -10 0.998298
212 25 car -1 -1 -10 255 184 324 219 -1 -1 -1 -1000 -1000 -1000 -10 0.999997
212 27 car -1 -1 -10 419 172 449 193 -1 -1 -1 -1000 -1000 -1000 -10 0.992365
213 19 car -1 -1 -10 569 182 619 228 -1 -1 -1 -1000 -1000 -1000 -10 0.999917
213 20 car -1 -1 -10 505 182 555 214 -1 -1 -1 -1000 -1000 -1000 -10 0.99948
213 21 car -1 -1 -10 589 161 617 197 -1 -1 -1 -1000 -1000 -1000 -10 0.999516
213 25 car -1 -1 -10 224 185 303 227 -1 -1 -1 -1000 -1000 -1000 -10 0.999988
213 27 car -1 -1 -10 413 172 444 195 -1 -1 -1 -1000 -1000 -1000 -10 0.997919
214 19 car -1 -1 -10 568 183 620 228 -1 -1 -1 -1000 -1000 -1000 -10 0.999908
214 20 car -1 -1 -10 506 183 555 214 -1 -1 -1 -1000 -1000 -1000 -10 0.999539
214 21 car -1 -1 -10 588 161 617 197 -1 -1 -1 -1000 -1000 -1000 -10 0.999493
214 25 car -1 -1 -10 187 189 277 233 -1 -1 -1 -1000 -1000 -1000 -10 0.999937
214 27 car -1 -1 -10 407 174 436 197 -1 -1 -1 -1000 -1000 -1000 -10 0.994213
215 19 car -1 -1 -10 569 183 620 228 -1 -1 -1 -1000 -1000 -1000 -10 0.999938
215 20 car -1 -1 -10 506 182 555 214 -1 -1 -1 -1000 -1000 -1000 -10 0.999519
215 21 car -1 -1 -10 588 161 616 197 -1 -1 -1 -1000 -1000 -1000 -10 0.999101
215 25 car -1 -1 -10 137 189 249 240 -1 -1 -1 -1000 -1000 -1000 -10 0.99986
215 27 car -1 -1 -10 401 173 431 197 -1 -1 -1 -1000 -1000 -1000 -10 0.999336
216 19 car -1 -1 -10 569 182 619 228 -1 -1 -1 -1000 -1000 -1000 -10 0.999944
216 20 car -1 -1 -10 507 181 553 213 -1 -1 -1 -1000 -1000 -1000 -10 0.999403
216 21 car -1 -1 -10 587 162 617 196 -1 -1 -1 -1000 -1000 -1000 -10 0.998012
216 25 car -1 -1 -10 82 189 211 249 -1 -1 -1 -1000 -1000 -1000 -10 0.999996
216 27 car -1 -1 -10 393 174 426 198 -1 -1 -1 -1000 -1000 -1000 -10 0.99961
217 19 car -1 -1 -10 569 182 619 227 -1 -1 -1 -1000 -1000 -1000 -10 0.999933
217 20 car -1 -1 -10 507 179 553 212 -1 -1 -1 -1000 -1000 -1000 -10 0.99979
217 21 car -1 -1 -10 586 162 616 195 -1 -1 -1 -1000 -1000 -1000 -10 0.995455
217 25 car -1 -1 -10 6 190 165 260 -1 -1 -1 -1000 -1000 -1000 -10 0.999859
217 27 car -1 -1 -10 384 173 418 198 -1 -1 -1 -1000 -1000 -1000 -10 0.997169
218 19 car -1 -1 -10 569 182 619 227 -1 -1 -1 -1000 -1000 -1000 -10 0.999926
218 20 car -1 -1 -10 508 179 553 211 -1 -1 -1 -1000 -1000 -1000 -10 0.999831
218 21 car -1 -1 -10 585 159 614 197 -1 -1 -1 -1000 -1000 -1000 -10 0.976979
218 25 car -1 -1 -10 0 193 118 270 -1 -1 -1 -1000 -1000 -1000 -10 0.99728
218 27 car -1 -1 -10 376 172 411 198 -1 -1 -1 -1000 -1000 -1000 -10 0.999631
219 19 car -1 -1 -10 568 180 620 226 -1 -1 -1 -1000 -1000 -1000 -10 0.999916
219 20 car -1 -1 -10 508 178 553 211 -1 -1 -1 -1000 -1000 -1000 -10 0.999916
219 21 car -1 -1 -10 583 157 613 194 -1 -1 -1 -1000 -1000 -1000 -10 0.970845
219 27 car -1 -1 -10 367 172 403 198 -1 -1 -1 -1000 -1000 -1000 -10 0.99986
219 28 car -1 -1 -10 0 197 47 274 -1 -1 -1 -1000 -1000 -1000 -10 0.982679
219 29 car -1 -1 -10 410 174 437 192 -1 -1 -1 -1000 -1000 -1000 -10 0.776914
220 19 car -1 -1 -10 568 179 619 224 -1 -1 -1 -1000 -1000 -1000 -10 0.999887
220 20 car -1 -1 -10 509 177 554 209 -1 -1 -1 -1000 -1000 -1000 -10 0.999922
220 21 car -1 -1 -10 583 157 611 194 -1 -1 -1 -1000 -1000 -1000 -10 0.995746
220 27 car -1 -1 -10 354 172 393 197 -1 -1 -1 -1000 -1000 -1000 -10 0.999781
220 29 car -1 -1 -10 403 174 430 192 -1 -1 -1 -1000 -1000 -1000 -10 0.95385
221 19 car -1 -1 -10 567 180 618 225 -1 -1 -1 -1000 -1000 -1000 -10 0.999867
221 20 car -1 -1 -10 508 177 553 209 -1 -1 -1 -1000 -1000 -1000 -10 0.999924
221 21 car -1 -1 -10 582 157 610 194 -1 -1 -1 -1000 -1000 -1000 -10 0.99487
221 27 car -1 -1 -10 341 173 383 199 -1 -1 -1 -1000 -1000 -1000 -10 0.998228
221 29 car -1 -1 -10 396 174 424 194 -1 -1 -1 -1000 -1000 -1000 -10 0.978241
222 19 car -1 -1 -10 567 180 618 224 -1 -1 -1 -1000 -1000 -1000 -10 0.999886
222 20 car -1 -1 -10 508 178 552 209 -1 -1 -1 -1000 -1000 -1000 -10 0.999937
222 21 car -1 -1 -10 582 157 608 194 -1 -1 -1 -1000 -1000 -1000 -10 0.99614
222 27 car -1 -1 -10 325 175 372 203 -1 -1 -1 -1000 -1000 -1000 -10 0.997856
222 29 car -1 -1 -10 390 176 417 196 -1 -1 -1 -1000 -1000 -1000 -10 0.987021
223 19 car -1 -1 -10 567 180 617 224 -1 -1 -1 -1000 -1000 -1000 -10 0.999892
223 20 car -1 -1 -10 508 177 552 209 -1 -1 -1 -1000 -1000 -1000 -10 0.999934
223 21 car -1 -1 -10 581 156 606 195 -1 -1 -1 -1000 -1000 -1000 -10 0.993978
223 27 car -1 -1 -10 311 175 360 206 -1 -1 -1 -1000 -1000 -1000 -10 0.999876
223 29 car -1 -1 -10 382 176 410 196 -1 -1 -1 -1000 -1000 -1000 -10 0.986851
224 19 car -1 -1 -10 566 179 616 223 -1 -1 -1 -1000 -1000 -1000 -10 0.999897
224 20 car -1 -1 -10 507 178 552 209 -1 -1 -1 -1000 -1000 -1000 -10 0.999929
224 21 car -1 -1 -10 580 157 605 194 -1 -1 -1 -1000 -1000 -1000 -10 0.998544
224 27 car -1 -1 -10 291 176 348 211 -1 -1 -1 -1000 -1000 -1000 -10 0.999892
224 29 car -1 -1 -10 372 178 403 198 -1 -1 -1 -1000 -1000 -1000 -10 0.996278
225 19 car -1 -1 -10 566 180 615 223 -1 -1 -1 -1000 -1000 -1000 -10 0.999891
225 20 car -1 -1 -10 508 178 550 209 -1 -1 -1 -1000 -1000 -1000 -10 0.999936
225 21 car -1 -1 -10 579 156 604 195 -1 -1 -1 -1000 -1000 -1000 -10 0.994624
225 27 car -1 -1 -10 270 175 333 215 -1 -1 -1 -1000 -1000 -1000 -10 0.99995
225 29 car -1 -1 -10 362 178 396 200 -1 -1 -1 -1000 -1000 -1000 -10 0.999587
226 19 car -1 -1 -10 564 181 613 226 -1 -1 -1 -1000 -1000 -1000 -10 0.999713
226 20 car -1 -1 -10 507 179 549 212 -1 -1 -1 -1000 -1000 -1000 -10 0.999904
226 21 car -1 -1 -10 575 161 606 195 -1 -1 -1 -1000 -1000 -1000 -10 0.992453
226 27 car -1 -1 -10 246 179 315 220 -1 -1 -1 -1000 -1000 -1000 -10 0.999989
226 29 car -1 -1 -10 351 180 387 204 -1 -1 -1 -1000 -1000 -1000 -10 0.999748
227 19 car -1 -1 -10 563 184 612 226 -1 -1 -1 -1000 -1000 -1000 -10 0.999742
227 20 car -1 -1 -10 506 181 549 213 -1 -1 -1 -1000 -1000 -1000 -10 0.99935
227 21 car -1 -1 -10 573 162 603 199 -1 -1 -1 -1000 -1000 -1000 -10 0.992232
227 27 car -1 -1 -10 215 181 292 226 -1 -1 -1 -1000 -1000 -1000 -10 0.999985
227 29 car -1 -1 -10 339 183 377 208 -1 -1 -1 -1000 -1000 -1000 -10 0.999822
228 19 car -1 -1 -10 562 184 611 227 -1 -1 -1 -1000 -1000 -1000 -10 0.999653
228 20 car -1 -1 -10 504 180 548 213 -1 -1 -1 -1000 -1000 -1000 -10 0.998828
228 21 car -1 -1 -10 571 163 600 200 -1 -1 -1 -1000 -1000 -1000 -10 0.99798
228 27 car -1 -1 -10 180 179 270 231 -1 -1 -1 -1000 -1000 -1000 -10 0.999867
228 29 car -1 -1 -10 325 183 365 209 -1 -1 -1 -1000 -1000 -1000 -10 0.999909
229 19 car -1 -1 -10 560 184 611 227 -1 -1 -1 -1000 -1000 -1000 -10 0.999774
229 20 car -1 -1 -10 504 181 547 213 -1 -1 -1 -1000 -1000 -1000 -10 0.999662
229 21 car -1 -1 -10 570 163 598 199 -1 -1 -1 -1000 -1000 -1000 -10 0.996899
229 27 car -1 -1 -10 134 180 243 237 -1 -1 -1 -1000 -1000 -1000 -10 0.999853
229 29 car -1 -1 -10 310 183 353 210 -1 -1 -1 -1000 -1000 -1000 -10 0.999813
230 19 car -1 -1 -10 558 184 610 227 -1 -1 -1 -1000 -1000 -1000 -10 0.999798
230 20 car -1 -1 -10 502 181 545 213 -1 -1 -1 -1000 -1000 -1000 -10 0.999703
230 21 car -1 -1 -10 567 164 595 198 -1 -1 -1 -1000 -1000 -1000 -10 0.998073
230 27 car -1 -1 -10 81 179 210 244 -1 -1 -1 -1000 -1000 -1000 -10 0.999982
230 29 car -1 -1 -10 292 183 341 214 -1 -1 -1 -1000 -1000 -1000 -10 0.999943
231 19 car -1 -1 -10 558 183 609 227 -1 -1 -1 -1000 -1000 -1000 -10 0.99973
231 20 car -1 -1 -10 501 181 544 212 -1 -1 -1 -1000 -1000 -1000 -10 0.999729
231 21 car -1 -1 -10 564 163 595 196 -1 -1 -1 -1000 -1000 -1000 -10 0.994929
231 27 car -1 -1 -10 14 179 170 250 -1 -1 -1 -1000 -1000 -1000 -10 0.999769
231 29 car -1 -1 -10 273 183 327 214 -1 -1 -1 -1000 -1000 -1000 -10 0.999953
232 19 car -1 -1 -10 557 180 605 224 -1 -1 -1 -1000 -1000 -1000 -10 0.999872
232 20 car -1 -1 -10 500 180 541 210 -1 -1 -1 -1000 -1000 -1000 -10 0.999884
232 21 car -1 -1 -10 561 160 592 196 -1 -1 -1 -1000 -1000 -1000 -10 0.979144
232 27 car -1 -1 -10 0 179 123 263 -1 -1 -1 -1000 -1000 -1000 -10 0.999388
232 29 car -1 -1 -10 250 183 308 215 -1 -1 -1 -1000 -1000 -1000 -10 0.999834
233 19 car -1 -1 -10 555 180 604 224 -1 -1 -1 -1000 -1000 -1000 -10 0.99981
233 20 car -1 -1 -10 499 179 539 210 -1 -1 -1 -1000 -1000 -1000 -10 0.999919
233 21 car -1 -1 -10 558 163 590 193 -1 -1 -1 -1000 -1000 -1000 -10 0.971494
233 29 car -1 -1 -10 227 183 289 218 -1 -1 -1 -1000 -1000 -1000 -10 0.999991
233 30 car -1 -1 -10 0 183 54 269 -1 -1 -1 -1000 -1000 -1000 -10 0.997186
234 19 car -1 -1 -10 552 183 601 225 -1 -1 -1 -1000 -1000 -1000 -10 0.999619
234 20 car -1 -1 -10 497 181 537 211 -1 -1 -1 -1000 -1000 -1000 -10 0.999597
234 21 car -1 -1 -10 558 163 587 196 -1 -1 -1 -1000 -1000 -1000 -10 0.997382
234 29 car -1 -1 -10 199 185 264 226 -1 -1 -1 -1000 -1000 -1000 -10 0.999982
235 19 car -1 -1 -10 550 185 600 226 -1 -1 -1 -1000 -1000 -1000 -10 0.999402
235 20 car -1 -1 -10 495 181 536 212 -1 -1 -1 -1000 -1000 -1000 -10 0.997609
235 21 car -1 -1 -10 557 165 585 198 -1 -1 -1 -1000 -1000 -1000 -10 0.997443
235 29 car -1 -1 -10 163 189 240 230 -1 -1 -1 -1000 -1000 -1000 -10 0.999969
236 19 car -1 -1 -10 547 185 599 227 -1 -1 -1 -1000 -1000 -1000 -10 0.999275
236 20 car -1 -1 -10 494 183 533 214 -1 -1 -1 -1000 -1000 -1000 -10 0.999502
236 21 car -1 -1 -10 554 166 584 199 -1 -1 -1 -1000 -1000 -1000 -10 0.987021
236 29 car -1 -1 -10 120 189 210 235 -1 -1 -1 -1000 -1000 -1000 -10 0.99995
236 31 car -1 -1 -10 839 183 892 207 -1 -1 -1 -1000 -1000 -1000 -10 0.502794
237 19 car -1 -1 -10 546 185 596 226 -1 -1 -1 -1000 -1000 -1000 -10 0.998775
237 20 car -1 -1 -10 492 183 530 214 -1 -1 -1 -1000 -1000 -1000 -10 0.999475
237 21 car -1 -1 -10 552 166 581 200 -1 -1 -1 -1000 -1000 -1000 -10 0.995028
237 29 car -1 -1 -10 67 189 176 242 -1 -1 -1 -1000 -1000 -1000 -10 0.999853
237 32 car -1 -1 -10 725 184 792 202 -1 -1 -1 -1000 -1000 -1000 -10 0.776383
238 19 car -1 -1 -10 545 187 594 225 -1 -1 -1 -1000 -1000 -1000 -10 0.998466
238 20 car -1 -1 -10 490 184 530 213 -1 -1 -1 -1000 -1000 -1000 -10 0.999146
238 21 car -1 -1 -10 551 167 578 201 -1 -1 -1 -1000 -1000 -1000 -10 0.997429
238 29 car -1 -1 -10 0 187 132 248 -1 -1 -1 -1000 -1000 -1000 -10 0.999986
238 31 car -1 -1 -10 838 186 899 207 -1 -1 -1 -1000 -1000 -1000 -10 0.927808
238 32 car -1 -1 -10 730 184 789 204 -1 -1 -1 -1000 -1000 -1000 -10 0.967771
239 19 car -1 -1 -10 543 187 593 225 -1 -1 -1 -1000 -1000 -1000 -10 0.99725
239 20 car -1 -1 -10 489 183 529 213 -1 -1 -1 -1000 -1000 -1000 -10 0.999186
239 21 car -1 -1 -10 550 167 576 201 -1 -1 -1 -1000 -1000 -1000 -10 0.995273
239 30 car -1 -1 -10 0 190 83 259 -1 -1 -1 -1000 -1000 -1000 -10 0.999368
239 31 car -1 -1 -10 841 187 903 211 -1 -1 -1 -1000 -1000 -1000 -10 0.99082
239 32 car -1 -1 -10 734 185 792 205 -1 -1 -1 -1000 -1000 -1000 -10 0.996214
240 19 car -1 -1 -10 543 187 592 224 -1 -1 -1 -1000 -1000 -1000 -10 0.999352
240 20 car -1 -1 -10 488 183 529 213 -1 -1 -1 -1000 -1000 -1000 -10 0.998139
240 21 car -1 -1 -10 550 167 576 201 -1 -1 -1 -1000 -1000 -1000 -10 0.996596
240 31 car -1 -1 -10 848 187 909 214 -1 -1 -1 -1000 -1000 -1000 -10 0.994839
240 32 car -1 -1 -10 736 184 796 206 -1 -1 -1 -1000 -1000 -1000 -10 0.994452
241 19 car -1 -1 -10 543 186 591 223 -1 -1 -1 -1000 -1000 -1000 -10 0.999795
241 20 car -1 -1 -10 489 182 526 211 -1 -1 -1 -1000 -1000 -1000 -10 0.999103
241 21 car -1 -1 -10 548 166 575 199 -1 -1 -1 -1000 -1000 -1000 -10 0.996597
241 31 car -1 -1 -10 855 184 917 215 -1 -1 -1 -1000 -1000 -1000 -10 0.986252
241 32 car -1 -1 -10 742 183 801 205 -1 -1 -1 -1000 -1000 -1000 -10 0.998147
242 19 car -1 -1 -10 543 184 591 221 -1 -1 -1 -1000 -1000 -1000 -10 0.999841
242 20 car -1 -1 -10 488 181 527 209 -1 -1 -1 -1000 -1000 -1000 -10 0.999659
242 21 car -1 -1 -10 548 165 576 196 -1 -1 -1 -1000 -1000 -1000 -10 0.996595
242 31 car -1 -1 -10 857 184 919 209 -1 -1 -1 -1000 -1000 -1000 -10 0.97541
242 32 car -1 -1 -10 746 181 809 206 -1 -1 -1 -1000 -1000 -1000 -10 0.998276
243 19 car -1 -1 -10 544 183 591 221 -1 -1 -1 -1000 -1000 -1000 -10 0.999817
243 20 car -1 -1 -10 489 181 528 208 -1 -1 -1 -1000 -1000 -1000 -10 0.999445
243 21 car -1 -1 -10 548 164 576 194 -1 -1 -1 -1000 -1000 -1000 -10 0.984914
243 31 car -1 -1 -10 860 183 934 210 -1 -1 -1 -1000 -1000 -1000 -10 0.988304
243 32 car -1 -1 -10 753 181 815 206 -1 -1 -1 -1000 -1000 -1000 -10 0.999566
244 19 car -1 -1 -10 546 184 593 223 -1 -1 -1 -1000 -1000 -1000 -10 0.999655
244 20 car -1 -1 -10 491 182 528 210 -1 -1 -1 -1000 -1000 -1000 -10 0.999593
244 21 car -1 -1 -10 550 166 577 198 -1 -1 -1 -1000 -1000 -1000 -10 0.978411
244 31 car -1 -1 -10 871 185 936 212 -1 -1 -1 -1000 -1000 -1000 -10 0.948953
244 32 car -1 -1 -10 760 183 823 209 -1 -1 -1 -1000 -1000 -1000 -10 0.997364
245 19 car -1 -1 -10 546 186 593 225 -1 -1 -1 -1000 -1000 -1000 -10 0.999455
245 20 car -1 -1 -10 494 185 529 211 -1 -1 -1 -1000 -1000 -1000 -10 0.995872
245 21 car -1 -1 -10 552 168 577 201 -1 -1 -1 -1000 -1000 -1000 -10 0.987648
245 31 car -1 -1 -10 882 188 947 214 -1 -1 -1 -1000 -1000 -1000 -10 0.891181
245 32 car -1 -1 -10 767 185 835 213 -1 -1 -1 -1000 -1000 -1000 -10 0.999715
246 19 car -1 -1 -10 546 187 594 226 -1 -1 -1 -1000 -1000 -1000 -10 0.999229
246 20 car -1 -1 -10 494 187 530 214 -1 -1 -1 -1000 -1000 -1000 -10 0.999557
246 21 car -1 -1 -10 553 169 578 202 -1 -1 -1 -1000 -1000 -1000 -10 0.988556
246 31 car -1 -1 -10 887 190 956 217 -1 -1 -1 -1000 -1000 -1000 -10 0.99137
246 32 car -1 -1 -10 774 189 846 214 -1 -1 -1 -1000 -1000 -1000 -10 0.999689
247 19 car -1 -1 -10 548 190 595 227 -1 -1 -1 -1000 -1000 -1000 -10 0.9996
247 20 car -1 -1 -10 496 187 530 214 -1 -1 -1 -1000 -1000 -1000 -10 0.999633
247 21 car -1 -1 -10 553 169 579 202 -1 -1 -1 -1000 -1000 -1000 -10 0.993204
247 31 car -1 -1 -10 893 191 966 219 -1 -1 -1 -1000 -1000 -1000 -10 0.983153
247 32 car -1 -1 -10 781 189 853 217 -1 -1 -1 -1000 -1000 -1000 -10 0.999833
248 19 car -1 -1 -10 548 191 596 227 -1 -1 -1 -1000 -1000 -1000 -10 0.99968
248 20 car -1 -1 -10 497 187 531 214 -1 -1 -1 -1000 -1000 -1000 -10 0.999798
248 21 car -1 -1 -10 554 169 580 203 -1 -1 -1 -1000 -1000 -1000 -10 0.983657
248 31 car -1 -1 -10 905 193 976 220 -1 -1 -1 -1000 -1000 -1000 -10 0.998098
248 32 car -1 -1 -10 789 190 861 218 -1 -1 -1 -1000 -1000 -1000 -10 0.999946
249 19 car -1 -1 -10 550 189 595 225 -1 -1 -1 -1000 -1000 -1000 -10 0.998964
249 20 car -1 -1 -10 498 186 532 214 -1 -1 -1 -1000 -1000 -1000 -10 0.999699
249 21 car -1 -1 -10 555 170 581 202 -1 -1 -1 -1000 -1000 -1000 -10 0.957552
249 31 car -1 -1 -10 914 193 987 221 -1 -1 -1 -1000 -1000 -1000 -10 0.996473
249 32 car -1 -1 -10 796 191 871 220 -1 -1 -1 -1000 -1000 -1000 -10 0.999955
250 19 car -1 -1 -10 551 186 595 224 -1 -1 -1 -1000 -1000 -1000 -10 0.999808
250 20 car -1 -1 -10 497 186 534 211 -1 -1 -1 -1000 -1000 -1000 -10 0.997539
250 21 car -1 -1 -10 556 168 583 201 -1 -1 -1 -1000 -1000 -1000 -10 0.976403
250 31 car -1 -1 -10 924 192 1000 221 -1 -1 -1 -1000 -1000 -1000 -10 0.998927
250 32 car -1 -1 -10 806 190 881 220 -1 -1 -1 -1000 -1000 -1000 -10 0.999978
251 19 car -1 -1 -10 550 184 596 220 -1 -1 -1 -1000 -1000 -1000 -10 0.999908
251 20 car -1 -1 -10 499 183 535 208 -1 -1 -1 -1000 -1000 -1000 -10 0.998813
251 21 car -1 -1 -10 557 166 584 198 -1 -1 -1 -1000 -1000 -1000 -10 0.99064
251 31 car -1 -1 -10 933 189 1013 219 -1 -1 -1 -1000 -1000 -1000 -10 0.995356
251 32 car -1 -1 -10 815 186 894 218 -1 -1 -1 -1000 -1000 -1000 -10 0.999974
252 19 car -1 -1 -10 550 181 596 217 -1 -1 -1 -1000 -1000 -1000 -10 0.999896
252 20 car -1 -1 -10 500 180 535 206 -1 -1 -1 -1000 -1000 -1000 -10 0.999415
252 21 car -1 -1 -10 557 164 584 193 -1 -1 -1 -1000 -1000 -1000 -10 0.941018
252 31 car -1 -1 -10 944 187 1032 221 -1 -1 -1 -1000 -1000 -1000 -10 0.9994
252 32 car -1 -1 -10 824 185 906 218 -1 -1 -1 -1000 -1000 -1000 -10 0.999979
253 19 car -1 -1 -10 551 184 597 219 -1 -1 -1 -1000 -1000 -1000 -10 0.999893
253 20 car -1 -1 -10 500 183 536 209 -1 -1 -1 -1000 -1000 -1000 -10 0.99948
253 21 car -1 -1 -10 558 166 585 198 -1 -1 -1 -1000 -1000 -1000 -10 0.98437
253 31 car -1 -1 -10 957 192 1043 226 -1 -1 -1 -1000 -1000 -1000 -10 0.999374
253 32 car -1 -1 -10 833 189 919 223 -1 -1 -1 -1000 -1000 -1000 -10 0.999968
254 19 car -1 -1 -10 551 187 597 222 -1 -1 -1 -1000 -1000 -1000 -10 0.999893
254 20 car -1 -1 -10 504 186 537 212 -1 -1 -1 -1000 -1000 -1000 -10 0.999016
254 21 car -1 -1 -10 559 168 586 201 -1 -1 -1 -1000 -1000 -1000 -10 0.992857
254 31 car -1 -1 -10 969 195 1058 232 -1 -1 -1 -1000 -1000 -1000 -10 0.9999
254 32 car -1 -1 -10 846 193 932 227 -1 -1 -1 -1000 -1000 -1000 -10 0.999973
255 19 car -1 -1 -10 553 187 598 223 -1 -1 -1 -1000 -1000 -1000 -10 0.999878
255 20 car -1 -1 -10 504 186 538 212 -1 -1 -1 -1000 -1000 -1000 -10 0.999528
255 21 car -1 -1 -10 561 168 586 201 -1 -1 -1 -1000 -1000 -1000 -10 0.99222
255 31 car -1 -1 -10 986 197 1075 237 -1 -1 -1 -1000 -1000 -1000 -10 0.99992
255 32 car -1 -1 -10 857 194 950 232 -1 -1 -1 -1000 -1000 -1000 -10 0.999979
256 19 car -1 -1 -10 554 186 598 221 -1 -1 -1 -1000 -1000 -1000 -10 0.999923
256 20 car -1 -1 -10 504 183 537 210 -1 -1 -1 -1000 -1000 -1000 -10 0.997445
256 21 car -1 -1 -10 562 167 587 201 -1 -1 -1 -1000 -1000 -1000 -10 0.994919
256 31 car -1 -1 -10 1000 200 1093 238 -1 -1 -1 -1000 -1000 -1000 -10 0.998638
256 32 car -1 -1 -10 868 194 966 232 -1 -1 -1 -1000 -1000 -1000 -10 0.999989
257 19 car -1 -1 -10 554 186 597 220 -1 -1 -1 -1000 -1000 -1000 -10 0.999877
257 20 car -1 -1 -10 504 183 537 209 -1 -1 -1 -1000 -1000 -1000 -10 0.999723
257 21 car -1 -1 -10 562 166 588 201 -1 -1 -1 -1000 -1000 -1000 -10 0.997768
257 31 car -1 -1 -10 1017 199 1116 240 -1 -1 -1 -1000 -1000 -1000 -10 0.998653
257 32 car -1 -1 -10 882 193 981 236 -1 -1 -1 -1000 -1000 -1000 -10 0.999983
258 19 car -1 -1 -10 555 184 597 219 -1 -1 -1 -1000 -1000 -1000 -10 0.999873
258 20 car -1 -1 -10 505 183 538 208 -1 -1 -1 -1000 -1000 -1000 -10 0.999871
258 21 car -1 -1 -10 562 165 588 200 -1 -1 -1 -1000 -1000 -1000 -10 0.996851
258 31 car -1 -1 -10 1038 198 1138 240 -1 -1 -1 -1000 -1000 -1000 -10 0.995021
258 32 car -1 -1 -10 897 193 1000 237 -1 -1 -1 -1000 -1000 -1000 -10 0.999987
259 19 car -1 -1 -10 556 182 597 217 -1 -1 -1 -1000 -1000 -1000 -10 0.999888
259 20 car -1 -1 -10 506 181 538 206 -1 -1 -1 -1000 -1000 -1000 -10 0.999894
259 21 car -1 -1 -10 562 163 589 198 -1 -1 -1 -1000 -1000 -1000 -10 0.994491
259 31 car -1 -1 -10 1062 194 1163 240 -1 -1 -1 -1000 -1000 -1000 -10 0.998356
259 32 car -1 -1 -10 913 191 1022 238 -1 -1 -1 -1000 -1000 -1000 -10 0.999967
260 19 car -1 -1 -10 557 181 598 216 -1 -1 -1 -1000 -1000 -1000 -10 0.999453
260 20 car -1 -1 -10 507 180 539 204 -1 -1 -1 -1000 -1000 -1000 -10 0.999898
260 21 car -1 -1 -10 562 162 589 197 -1 -1 -1 -1000 -1000 -1000 -10 0.992801
260 31 car -1 -1 -10 1076 192 1196 242 -1 -1 -1 -1000 -1000 -1000 -10 0.999017
260 32 car -1 -1 -10 930 191 1045 239 -1 -1 -1 -1000 -1000 -1000 -10 0.999887
261 19 car -1 -1 -10 558 179 597 214 -1 -1 -1 -1000 -1000 -1000 -10 0.995934
261 20 car -1 -1 -10 508 179 540 204 -1 -1 -1 -1000 -1000 -1000 -10 0.999771
261 21 car -1 -1 -10 564 162 591 196 -1 -1 -1 -1000 -1000 -1000 -10 0.986932
261 31 car -1 -1 -10 1102 193 1227 246 -1 -1 -1 -1000 -1000 -1000 -10 0.999249
261 32 car -1 -1 -10 948 192 1070 240 -1 -1 -1 -1000 -1000 -1000 -10 0.999942
262 19 car -1 -1 -10 557 181 598 216 -1 -1 -1 -1000 -1000 -1000 -10 0.997705
262 20 car -1 -1 -10 509 179 540 204 -1 -1 -1 -1000 -1000 -1000 -10 0.999692
262 21 car -1 -1 -10 564 163 592 196 -1 -1 -1 -1000 -1000 -1000 -10 0.985547
262 31 car -1 -1 -10 1128 193 1242 250 -1 -1 -1 -1000 -1000 -1000 -10 0.999463
262 32 car -1 -1 -10 967 192 1100 244 -1 -1 -1 -1000 -1000 -1000 -10 0.999956
263 19 car -1 -1 -10 558 181 598 216 -1 -1 -1 -1000 -1000 -1000 -10 0.99897
263 20 car -1 -1 -10 510 181 541 205 -1 -1 -1 -1000 -1000 -1000 -10 0.999016
263 21 car -1 -1 -10 566 165 594 199 -1 -1 -1 -1000 -1000 -1000 -10 0.984635
263 31 car -1 -1 -10 1155 196 1242 253 -1 -1 -1 -1000 -1000 -1000 -10 0.998359
263 32 car -1 -1 -10 991 196 1131 250 -1 -1 -1 -1000 -1000 -1000 -10 0.999969
264 19 car -1 -1 -10 558 182 598 217 -1 -1 -1 -1000 -1000 -1000 -10 0.999078
264 20 car -1 -1 -10 510 182 542 206 -1 -1 -1 -1000 -1000 -1000 -10 0.998914
264 21 car -1 -1 -10 566 166 593 201 -1 -1 -1 -1000 -1000 -1000 -10 0.981883
264 31 car -1 -1 -10 1194 198 1242 254 -1 -1 -1 -1000 -1000 -1000 -10 0.781736
264 32 car -1 -1 -10 1016 197 1164 257 -1 -1 -1 -1000 -1000 -1000 -10 0.999854
265 19 car -1 -1 -10 558 183 598 218 -1 -1 -1 -1000 -1000 -1000 -10 0.999033
265 20 car -1 -1 -10 511 184 543 207 -1 -1 -1 -1000 -1000 -1000 -10 0.998575
265 21 car -1 -1 -10 567 167 594 201 -1 -1 -1 -1000 -1000 -1000 -10 0.989571
265 32 car -1 -1 -10 1043 201 1208 262 -1 -1 -1 -1000 -1000 -1000 -10 0.999866
266 19 car -1 -1 -10 559 184 600 219 -1 -1 -1 -1000 -1000 -1000 -10 0.999187
266 20 car -1 -1 -10 512 184 543 209 -1 -1 -1 -1000 -1000 -1000 -10 0.998475
266 21 car -1 -1 -10 569 168 595 201 -1 -1 -1 -1000 -1000 -1000 -10 0.996457
266 32 car -1 -1 -10 1079 199 1242 266 -1 -1 -1 -1000 -1000 -1000 -10 0.998175
267 19 car -1 -1 -10 560 185 601 219 -1 -1 -1 -1000 -1000 -1000 -10 0.999665
267 20 car -1 -1 -10 513 186 545 210 -1 -1 -1 -1000 -1000 -1000 -10 0.994858
267 32 car -1 -1 -10 1120 196 1242 274 -1 -1 -1 -1000 -1000 -1000 -10 0.998387
268 19 car -1 -1 -10 560 185 601 219 -1 -1 -1 -1000 -1000 -1000 -10 0.999723
268 20 car -1 -1 -10 515 186 546 210 -1 -1 -1 -1000 -1000 -1000 -10 0.994146
268 32 car -1 -1 -10 1167 195 1242 280 -1 -1 -1 -1000 -1000 -1000 -10 0.995134
269 19 car -1 -1 -10 562 183 602 216 -1 -1 -1 -1000 -1000 -1000 -10 0.999566
269 20 car -1 -1 -10 516 183 547 208 -1 -1 -1 -1000 -1000 -1000 -10 0.999336
269 21 car -1 -1 -10 572 165 597 201 -1 -1 -1 -1000 -1000 -1000 -10 0.997958
270 19 car -1 -1 -10 564 184 603 216 -1 -1 -1 -1000 -1000 -1000 -10 0.999611
270 20 car -1 -1 -10 518 183 548 208 -1 -1 -1 -1000 -1000 -1000 -10 0.999621
270 21 car -1 -1 -10 573 167 598 201 -1 -1 -1 -1000 -1000 -1000 -10 0.996919
271 19 car -1 -1 -10 565 189 603 220 -1 -1 -1 -1000 -1000 -1000 -10 0.999792
271 20 car -1 -1 -10 519 186 550 211 -1 -1 -1 -1000 -1000 -1000 -10 0.999101
272 19 car -1 -1 -10 565 194 603 224 -1 -1 -1 -1000 -1000 -1000 -10 0.99848
272 20 car -1 -1 -10 519 191 550 214 -1 -1 -1 -1000 -1000 -1000 -10 0.99948
272 21 car -1 -1 -10 574 175 601 208 -1 -1 -1 -1000 -1000 -1000 -10 0.995002
273 19 car -1 -1 -10 565 194 603 225 -1 -1 -1 -1000 -1000 -1000 -10 0.999768
273 20 car -1 -1 -10 520 193 551 215 -1 -1 -1 -1000 -1000 -1000 -10 0.999204
273 21 car -1 -1 -10 574 177 600 210 -1 -1 -1 -1000 -1000 -1000 -10 0.99365
274 19 car -1 -1 -10 566 194 603 225 -1 -1 -1 -1000 -1000 -1000 -10 0.999497
274 20 car -1 -1 -10 520 191 550 214 -1 -1 -1 -1000 -1000 -1000 -10 0.999414
274 21 car -1 -1 -10 575 176 601 209 -1 -1 -1 -1000 -1000 -1000 -10 0.982529
275 19 car -1 -1 -10 566 189 603 221 -1 -1 -1 -1000 -1000 -1000 -10 0.998769
275 20 car -1 -1 -10 520 187 552 211 -1 -1 -1 -1000 -1000 -1000 -10 0.999422
275 21 car -1 -1 -10 575 171 601 206 -1 -1 -1 -1000 -1000 -1000 -10 0.964602
276 19 car -1 -1 -10 566 185 603 216 -1 -1 -1 -1000 -1000 -1000 -10 0.99974
276 20 car -1 -1 -10 521 184 550 205 -1 -1 -1 -1000 -1000 -1000 -10 0.999332
277 19 car -1 -1 -10 567 178 602 211 -1 -1 -1 -1000 -1000 -1000 -10 0.999528
277 20 car -1 -1 -10 521 177 551 202 -1 -1 -1 -1000 -1000 -1000 -10 0.99954
277 21 car -1 -1 -10 575 161 601 196 -1 -1 -1 -1000 -1000 -1000 -10 0.961851
278 19 car -1 -1 -10 567 176 603 206 -1 -1 -1 -1000 -1000 -1000 -10 0.99993
278 20 car -1 -1 -10 521 174 551 198 -1 -1 -1 -1000 -1000 -1000 -10 0.997401
279 19 car -1 -1 -10 566 175 603 205 -1 -1 -1 -1000 -1000 -1000 -10 0.999887
279 20 car -1 -1 -10 521 174 552 198 -1 -1 -1 -1000 -1000 -1000 -10 0.996997
279 21 car -1 -1 -10 575 159 601 190 -1 -1 -1 -1000 -1000 -1000 -10 0.907458
280 19 car -1 -1 -10 568 179 603 210 -1 -1 -1 -1000 -1000 -1000 -10 0.999401
280 20 car -1 -1 -10 521 180 552 204 -1 -1 -1 -1000 -1000 -1000 -10 0.996848
280 33 car -1 -1 -10 575 165 602 197 -1 -1 -1 -1000 -1000 -1000 -10 0.85127
281 19 car -1 -1 -10 568 184 604 216 -1 -1 -1 -1000 -1000 -1000 -10 0.999676
281 20 car -1 -1 -10 522 185 553 208 -1 -1 -1 -1000 -1000 -1000 -10 0.993691
282 19 car -1 -1 -10 567 186 604 218 -1 -1 -1 -1000 -1000 -1000 -10 0.999645
282 20 car -1 -1 -10 522 187 553 210 -1 -1 -1 -1000 -1000 -1000 -10 0.995602
283 19 car -1 -1 -10 567 185 604 218 -1 -1 -1 -1000 -1000 -1000 -10 0.999585
283 20 car -1 -1 -10 522 187 554 210 -1 -1 -1 -1000 -1000 -1000 -10 0.993154
284 19 car -1 -1 -10 569 183 603 216 -1 -1 -1 -1000 -1000 -1000 -10 0.99943
284 20 car -1 -1 -10 523 185 553 208 -1 -1 -1 -1000 -1000 -1000 -10 0.995134
285 19 car -1 -1 -10 570 183 604 215 -1 -1 -1 -1000 -1000 -1000 -10 0.998745
285 20 car -1 -1 -10 524 184 554 206 -1 -1 -1 -1000 -1000 -1000 -10 0.997853
286 19 car -1 -1 -10 570 183 606 213 -1 -1 -1 -1000 -1000 -1000 -10 0.998454
286 20 car -1 -1 -10 525 183 554 205 -1 -1 -1 -1000 -1000 -1000 -10 0.998319
286 33 car -1 -1 -10 580 165 605 202 -1 -1 -1 -1000 -1000 -1000 -10 0.9889
287 19 car -1 -1 -10 571 184 605 215 -1 -1 -1 -1000 -1000 -1000 -10 0.993114
287 20 car -1 -1 -10 525 184 555 208 -1 -1 -1 -1000 -1000 -1000 -10 0.998801
288 19 car -1 -1 -10 574 185 607 215 -1 -1 -1 -1000 -1000 -1000 -10 0.991694
288 20 car -1 -1 -10 526 184 555 208 -1 -1 -1 -1000 -1000 -1000 -10 0.998107
289 19 car -1 -1 -10 573 184 608 213 -1 -1 -1 -1000 -1000 -1000 -10 0.993283
289 20 car -1 -1 -10 527 183 556 205 -1 -1 -1 -1000 -1000 -1000 -10 0.998356
289 34 car -1 -1 -10 430 178 455 194 -1 -1 -1 -1000 -1000 -1000 -10 0.488722
290 19 car -1 -1 -10 575 179 608 210 -1 -1 -1 -1000 -1000 -1000 -10 0.996126
290 20 car -1 -1 -10 528 180 557 203 -1 -1 -1 -1000 -1000 -1000 -10 0.998875
290 34 car -1 -1 -10 425 175 451 193 -1 -1 -1 -1000 -1000 -1000 -10 0.955558
291 19 car -1 -1 -10 577 180 609 210 -1 -1 -1 -1000 -1000 -1000 -10 0.998536
291 20 car -1 -1 -10 529 181 558 203 -1 -1 -1 -1000 -1000 -1000 -10 0.999535
292 19 car -1 -1 -10 579 181 611 211 -1 -1 -1 -1000 -1000 -1000 -10 0.989621
292 20 car -1 -1 -10 531 182 558 205 -1 -1 -1 -1000 -1000 -1000 -10 0.999327
292 35 car -1 -1 -10 412 180 439 198 -1 -1 -1 -1000 -1000 -1000 -10 0.937449
293 19 car -1 -1 -10 580 182 612 211 -1 -1 -1 -1000 -1000 -1000 -10 0.99338
293 20 car -1 -1 -10 532 183 560 206 -1 -1 -1 -1000 -1000 -1000 -10 0.998515
293 35 car -1 -1 -10 404 181 432 201 -1 -1 -1 -1000 -1000 -1000 -10 0.998467
294 19 car -1 -1 -10 581 181 613 209 -1 -1 -1 -1000 -1000 -1000 -10 0.998203
294 20 car -1 -1 -10 532 181 561 205 -1 -1 -1 -1000 -1000 -1000 -10 0.998504
294 33 car -1 -1 -10 591 165 616 200 -1 -1 -1 -1000 -1000 -1000 -10 0.99751
294 35 car -1 -1 -10 394 179 426 200 -1 -1 -1 -1000 -1000 -1000 -10 0.999095
295 19 car -1 -1 -10 581 181 614 208 -1 -1 -1 -1000 -1000 -1000 -10 0.999237
295 20 car -1 -1 -10 532 180 562 204 -1 -1 -1 -1000 -1000 -1000 -10 0.996805
295 35 car -1 -1 -10 383 179 417 200 -1 -1 -1 -1000 -1000 -1000 -10 0.998694
296 19 car -1 -1 -10 581 181 615 209 -1 -1 -1 -1000 -1000 -1000 -10 0.997118
296 20 car -1 -1 -10 532 180 562 205 -1 -1 -1 -1000 -1000 -1000 -10 0.996916
296 33 car -1 -1 -10 592 164 617 200 -1 -1 -1 -1000 -1000 -1000 -10 0.998146
296 35 car -1 -1 -10 370 180 407 203 -1 -1 -1 -1000 -1000 -1000 -10 0.999912
297 19 car -1 -1 -10 582 184 615 214 -1 -1 -1 -1000 -1000 -1000 -10 0.998546
297 20 car -1 -1 -10 531 183 563 208 -1 -1 -1 -1000 -1000 -1000 -10 0.994709
297 35 car -1 -1 -10 357 183 394 207 -1 -1 -1 -1000 -1000 -1000 -10 0.999957
298 19 car -1 -1 -10 581 188 616 216 -1 -1 -1 -1000 -1000 -1000 -10 0.998104
298 20 car -1 -1 -10 533 187 563 210 -1 -1 -1 -1000 -1000 -1000 -10 0.992113
298 33 car -1 -1 -10 594 169 619 203 -1 -1 -1 -1000 -1000 -1000 -10 0.977029
298 35 car -1 -1 -10 339 187 382 211 -1 -1 -1 -1000 -1000 -1000 -10 0.999826
299 19 car -1 -1 -10 582 187 615 216 -1 -1 -1 -1000 -1000 -1000 -10 0.99788
299 20 car -1 -1 -10 531 184 562 209 -1 -1 -1 -1000 -1000 -1000 -10 0.988709
299 33 car -1 -1 -10 594 169 620 203 -1 -1 -1 -1000 -1000 -1000 -10 0.989344
299 35 car -1 -1 -10 319 185 366 211 -1 -1 -1 -1000 -1000 -1000 -10 0.999867
300 19 car -1 -1 -10 583 186 615 213 -1 -1 -1 -1000 -1000 -1000 -10 0.998128
300 20 car -1 -1 -10 532 184 561 207 -1 -1 -1 -1000 -1000 -1000 -10 0.998888
300 35 car -1 -1 -10 296 180 347 211 -1 -1 -1 -1000 -1000 -1000 -10 0.999973
301 19 car -1 -1 -10 582 184 615 212 -1 -1 -1 -1000 -1000 -1000 -10 0.994892
301 20 car -1 -1 -10 532 182 560 205 -1 -1 -1 -1000 -1000 -1000 -10 0.999573
301 35 car -1 -1 -10 268 179 325 210 -1 -1 -1 -1000 -1000 -1000 -10 0.999604
302 19 car -1 -1 -10 581 184 616 209 -1 -1 -1 -1000 -1000 -1000 -10 0.985784
302 20 car -1 -1 -10 531 181 559 204 -1 -1 -1 -1000 -1000 -1000 -10 0.999522
302 35 car -1 -1 -10 238 179 300 212 -1 -1 -1 -1000 -1000 -1000 -10 0.999987
303 19 car -1 -1 -10 581 184 617 212 -1 -1 -1 -1000 -1000 -1000 -10 0.959898
303 20 car -1 -1 -10 531 182 560 205 -1 -1 -1 -1000 -1000 -1000 -10 0.998587
303 35 car -1 -1 -10 201 181 272 217 -1 -1 -1 -1000 -1000 -1000 -10 0.99996
304 19 car -1 -1 -10 585 179 617 208 -1 -1 -1 -1000 -1000 -1000 -10 0.988567
304 20 car -1 -1 -10 531 180 560 203 -1 -1 -1 -1000 -1000 -1000 -10 0.999603
304 33 car -1 -1 -10 597 168 622 197 -1 -1 -1 -1000 -1000 -1000 -10 0.967639
304 35 car -1 -1 -10 152 179 237 220 -1 -1 -1 -1000 -1000 -1000 -10 0.999979
305 19 car -1 -1 -10 585 178 617 204 -1 -1 -1 -1000 -1000 -1000 -10 0.999079
305 20 car -1 -1 -10 530 176 561 200 -1 -1 -1 -1000 -1000 -1000 -10 0.999151
305 33 car -1 -1 -10 598 163 623 193 -1 -1 -1 -1000 -1000 -1000 -10 0.914686
305 35 car -1 -1 -10 90 176 194 224 -1 -1 -1 -1000 -1000 -1000 -10 0.999932
306 19 car -1 -1 -10 585 177 618 204 -1 -1 -1 -1000 -1000 -1000 -10 0.999181
306 20 car -1 -1 -10 529 174 560 198 -1 -1 -1 -1000 -1000 -1000 -10 0.997313
306 33 car -1 -1 -10 598 163 623 192 -1 -1 -1 -1000 -1000 -1000 -10 0.894524
306 35 car -1 -1 -10 12 173 136 234 -1 -1 -1 -1000 -1000 -1000 -10 0.999994
307 19 car -1 -1 -10 586 179 618 206 -1 -1 -1 -1000 -1000 -1000 -10 0.999598
307 20 car -1 -1 -10 529 177 561 201 -1 -1 -1 -1000 -1000 -1000 -10 0.999596
307 35 car -1 -1 -10 0 179 67 243 -1 -1 -1 -1000 -1000 -1000 -10 0.997996
308 19 car -1 -1 -10 586 180 618 207 -1 -1 -1 -1000 -1000 -1000 -10 0.999453
308 20 car -1 -1 -10 528 179 560 202 -1 -1 -1 -1000 -1000 -1000 -10 0.999305
308 33 car -1 -1 -10 599 164 624 197 -1 -1 -1 -1000 -1000 -1000 -10 0.990815
309 19 car -1 -1 -10 586 182 617 208 -1 -1 -1 -1000 -1000 -1000 -10 0.998004
309 20 car -1 -1 -10 529 180 559 203 -1 -1 -1 -1000 -1000 -1000 -10 0.999308
309 33 car -1 -1 -10 599 167 624 199 -1 -1 -1 -1000 -1000 -1000 -10 0.996765
310 19 car -1 -1 -10 586 182 616 208 -1 -1 -1 -1000 -1000 -1000 -10 0.99715
310 20 car -1 -1 -10 528 180 558 203 -1 -1 -1 -1000 -1000 -1000 -10 0.999232
310 33 car -1 -1 -10 598 166 624 199 -1 -1 -1 -1000 -1000 -1000 -10 0.994893
311 19 car -1 -1 -10 585 180 617 207 -1 -1 -1 -1000 -1000 -1000 -10 0.998019
311 20 car -1 -1 -10 529 180 558 202 -1 -1 -1 -1000 -1000 -1000 -10 0.999626
311 33 car -1 -1 -10 598 166 624 197 -1 -1 -1 -1000 -1000 -1000 -10 0.993278
312 19 car -1 -1 -10 585 180 617 207 -1 -1 -1 -1000 -1000 -1000 -10 0.995783
312 20 car -1 -1 -10 528 179 557 202 -1 -1 -1 -1000 -1000 -1000 -10 0.99938
312 33 car -1 -1 -10 597 166 624 197 -1 -1 -1 -1000 -1000 -1000 -10 0.991595
313 19 car -1 -1 -10 584 186 617 211 -1 -1 -1 -1000 -1000 -1000 -10 0.918867
313 20 car -1 -1 -10 527 182 555 205 -1 -1 -1 -1000 -1000 -1000 -10 0.999569
313 33 car -1 -1 -10 598 168 623 200 -1 -1 -1 -1000 -1000 -1000 -10 0.987904
314 19 car -1 -1 -10 584 186 617 212 -1 -1 -1 -1000 -1000 -1000 -10 0.991487
314 20 car -1 -1 -10 525 184 555 207 -1 -1 -1 -1000 -1000 -1000 -10 0.999626
315 19 car -1 -1 -10 582 183 616 208 -1 -1 -1 -1000 -1000 -1000 -10 0.963951
315 20 car -1 -1 -10 524 181 554 205 -1 -1 -1 -1000 -1000 -1000 -10 0.999653
316 19 car -1 -1 -10 583 181 615 207 -1 -1 -1 -1000 -1000 -1000 -10 0.985975
316 20 car -1 -1 -10 523 179 554 202 -1 -1 -1 -1000 -1000 -1000 -10 0.999134
317 19 car -1 -1 -10 583 180 615 205 -1 -1 -1 -1000 -1000 -1000 -10 0.988786
317 20 car -1 -1 -10 521 178 553 201 -1 -1 -1 -1000 -1000 -1000 -10 0.998365
318 19 car -1 -1 -10 584 178 614 204 -1 -1 -1 -1000 -1000 -1000 -10 0.990159
318 20 car -1 -1 -10 521 177 552 201 -1 -1 -1 -1000 -1000 -1000 -10 0.999641
319 19 car -1 -1 -10 586 178 616 203 -1 -1 -1 -1000 -1000 -1000 -10 0.995814
319 20 car -1 -1 -10 520 176 552 201 -1 -1 -1 -1000 -1000 -1000 -10 0.999517
319 33 car -1 -1 -10 598 164 623 193 -1 -1 -1 -1000 -1000 -1000 -10 0.904461
320 19 car -1 -1 -10 586 179 617 205 -1 -1 -1 -1000 -1000 -1000 -10 0.998597
320 20 car -1 -1 -10 520 177 552 201 -1 -1 -1 -1000 -1000 -1000 -10 0.999389
320 33 car -1 -1 -10 598 166 623 194 -1 -1 -1 -1000 -1000 -1000 -10 0.950631
320 36 car -1 -1 -10 0 180 152 375 -1 -1 -1 -1000 -1000 -1000 -10 0.896905
321 19 car -1 -1 -10 587 181 617 208 -1 -1 -1 -1000 -1000 -1000 -10 0.997163
321 20 car -1 -1 -10 521 182 551 204 -1 -1 -1 -1000 -1000 -1000 -10 0.999395
321 33 car -1 -1 -10 599 168 623 199 -1 -1 -1 -1000 -1000 -1000 -10 0.987968
321 36 car -1 -1 -10 0 182 185 375 -1 -1 -1 -1000 -1000 -1000 -10 0.984302
322 19 car -1 -1 -10 588 181 617 208 -1 -1 -1 -1000 -1000 -1000 -10 0.998789
322 20 car -1 -1 -10 520 181 550 204 -1 -1 -1 -1000 -1000 -1000 -10 0.999725
322 36 car -1 -1 -10 0 193 212 375 -1 -1 -1 -1000 -1000 -1000 -10 0.99895
323 19 car -1 -1 -10 587 179 618 205 -1 -1 -1 -1000 -1000 -1000 -10 0.999635
323 20 car -1 -1 -10 520 177 552 201 -1 -1 -1 -1000 -1000 -1000 -10 0.999591
323 33 car -1 -1 -10 599 164 624 194 -1 -1 -1 -1000 -1000 -1000 -10 0.990694
323 36 car -1 -1 -10 0 198 255 369 -1 -1 -1 -1000 -1000 -1000 -10 0.999982
324 19 car -1 -1 -10 588 177 619 203 -1 -1 -1 -1000 -1000 -1000 -10 0.999775
324 20 car -1 -1 -10 519 176 552 200 -1 -1 -1 -1000 -1000 -1000 -10 0.999722
324 36 car -1 -1 -10 0 196 285 365 -1 -1 -1 -1000 -1000 -1000 -10 0.9999
325 19 car -1 -1 -10 588 179 619 204 -1 -1 -1 -1000 -1000 -1000 -10 0.999762
325 20 car -1 -1 -10 519 178 550 201 -1 -1 -1 -1000 -1000 -1000 -10 0.99983
325 36 car -1 -1 -10 0 187 295 375 -1 -1 -1 -1000 -1000 -1000 -10 0.999762
326 19 car -1 -1 -10 588 180 619 206 -1 -1 -1 -1000 -1000 -1000 -10 0.999739
326 20 car -1 -1 -10 518 180 548 203 -1 -1 -1 -1000 -1000 -1000 -10 0.999922
326 36 car -1 -1 -10 0 180 316 375 -1 -1 -1 -1000 -1000 -1000 -10 0.999834
327 19 car -1 -1 -10 589 182 618 208 -1 -1 -1 -1000 -1000 -1000 -10 0.999417
327 20 car -1 -1 -10 517 182 547 206 -1 -1 -1 -1000 -1000 -1000 -10 0.999829
327 36 car -1 -1 -10 0 178 328 375 -1 -1 -1 -1000 -1000 -1000 -10 0.999928
328 19 car -1 -1 -10 589 181 617 208 -1 -1 -1 -1000 -1000 -1000 -10 0.998423
328 20 car -1 -1 -10 514 183 545 209 -1 -1 -1 -1000 -1000 -1000 -10 0.999576
328 36 car -1 -1 -10 0 185 341 375 -1 -1 -1 -1000 -1000 -1000 -10 0.999852
329 19 car -1 -1 -10 587 180 616 208 -1 -1 -1 -1000 -1000 -1000 -10 0.995252
329 20 car -1 -1 -10 511 184 543 208 -1 -1 -1 -1000 -1000 -1000 -10 0.997715
329 36 car -1 -1 -10 0 184 362 375 -1 -1 -1 -1000 -1000 -1000 -10 0.999934
330 19 car -1 -1 -10 583 181 614 207 -1 -1 -1 -1000 -1000 -1000 -10 0.996948
330 20 car -1 -1 -10 509 183 539 207 -1 -1 -1 -1000 -1000 -1000 -10 0.999676
330 36 car -1 -1 -10 0 186 377 375 -1 -1 -1 -1000 -1000 -1000 -10 0.999947
331 19 car -1 -1 -10 581 182 612 207 -1 -1 -1 -1000 -1000 -1000 -10 0.999398
331 20 car -1 -1 -10 505 182 537 207 -1 -1 -1 -1000 -1000 -1000 -10 0.999773
331 36 car -1 -1 -10 0 187 381 374 -1 -1 -1 -1000 -1000 -1000 -10 0.999968
332 19 car -1 -1 -10 578 179 611 206 -1 -1 -1 -1000 -1000 -1000 -10 0.999668
332 20 car -1 -1 -10 502 182 534 206 -1 -1 -1 -1000 -1000 -1000 -10 0.999675
332 36 car -1 -1 -10 0 184 386 375 -1 -1 -1 -1000 -1000 -1000 -10 0.999982
332 37 car -1 -1 -10 591 166 616 197 -1 -1 -1 -1000 -1000 -1000 -10 0.996086
333 19 car -1 -1 -10 578 178 608 204 -1 -1 -1 -1000 -1000 -1000 -10 0.999615
333 20 car -1 -1 -10 498 179 531 204 -1 -1 -1 -1000 -1000 -1000 -10 0.999676
333 36 car -1 -1 -10 24 189 388 369 -1 -1 -1 -1000 -1000 -1000 -10 0.999971
333 37 car -1 -1 -10 588 163 614 195 -1 -1 -1 -1000 -1000 -1000 -10 0.98858
334 19 car -1 -1 -10 576 177 606 202 -1 -1 -1 -1000 -1000 -1000 -10 0.998999
334 20 car -1 -1 -10 494 178 528 203 -1 -1 -1 -1000 -1000 -1000 -10 0.999706
334 36 car -1 -1 -10 45 179 393 364 -1 -1 -1 -1000 -1000 -1000 -10 0.999986
334 37 car -1 -1 -10 587 164 613 193 -1 -1 -1 -1000 -1000 -1000 -10 0.736923
334 38 car -1 -1 -10 452 171 482 187 -1 -1 -1 -1000 -1000 -1000 -10 0.445267
335 19 car -1 -1 -10 573 176 603 202 -1 -1 -1 -1000 -1000 -1000 -10 0.996827
335 20 car -1 -1 -10 490 176 525 202 -1 -1 -1 -1000 -1000 -1000 -10 0.999494
335 36 car -1 -1 -10 72 178 407 354 -1 -1 -1 -1000 -1000 -1000 -10 0.999991
335 38 car -1 -1 -10 444 169 476 188 -1 -1 -1 -1000 -1000 -1000 -10 0.6859
336 19 car -1 -1 -10 571 176 602 201 -1 -1 -1 -1000 -1000 -1000 -10 0.998736
336 20 car -1 -1 -10 486 176 523 202 -1 -1 -1 -1000 -1000 -1000 -10 0.999583
336 36 car -1 -1 -10 105 178 403 346 -1 -1 -1 -1000 -1000 -1000 -10 0.999999
336 37 car -1 -1 -10 582 160 607 191 -1 -1 -1 -1000 -1000 -1000 -10 0.941564
336 38 car -1 -1 -10 435 170 469 189 -1 -1 -1 -1000 -1000 -1000 -10 0.89564
337 19 car -1 -1 -10 568 177 600 202 -1 -1 -1 -1000 -1000 -1000 -10 0.999578
337 20 car -1 -1 -10 485 178 519 203 -1 -1 -1 -1000 -1000 -1000 -10 0.999542
337 36 car -1 -1 -10 128 183 414 337 -1 -1 -1 -1000 -1000 -1000 -10 0.999998
337 38 car -1 -1 -10 428 172 461 192 -1 -1 -1 -1000 -1000 -1000 -10 0.425668
338 19 car -1 -1 -10 568 178 598 203 -1 -1 -1 -1000 -1000 -1000 -10 0.99957
338 20 car -1 -1 -10 483 180 516 205 -1 -1 -1 -1000 -1000 -1000 -10 0.99763
338 36 car -1 -1 -10 155 180 415 338 -1 -1 -1 -1000 -1000 -1000 -10 0.999987
338 38 car -1 -1 -10 418 175 451 196 -1 -1 -1 -1000 -1000 -1000 -10 0.838468
339 19 car -1 -1 -10 566 180 596 204 -1 -1 -1 -1000 -1000 -1000 -10 0.998467
339 20 car -1 -1 -10 481 183 514 209 -1 -1 -1 -1000 -1000 -1000 -10 0.999479
339 36 car -1 -1 -10 173 180 420 333 -1 -1 -1 -1000 -1000 -1000 -10 0.999994
339 38 car -1 -1 -10 407 177 441 200 -1 -1 -1 -1000 -1000 -1000 -10 0.994752
340 19 car -1 -1 -10 563 180 593 203 -1 -1 -1 -1000 -1000 -1000 -10 0.989958
340 20 car -1 -1 -10 477 182 512 209 -1 -1 -1 -1000 -1000 -1000 -10 0.996301
340 36 car -1 -1 -10 197 184 427 325 -1 -1 -1 -1000 -1000 -1000 -10 0.999993
340 37 car -1 -1 -10 578 168 603 195 -1 -1 -1 -1000 -1000 -1000 -10 0.984913
340 38 car -1 -1 -10 393 177 430 203 -1 -1 -1 -1000 -1000 -1000 -10 0.995316
341 19 car -1 -1 -10 562 181 591 203 -1 -1 -1 -1000 -1000 -1000 -10 0.999095
341 20 car -1 -1 -10 476 183 511 209 -1 -1 -1 -1000 -1000 -1000 -10 0.998819
341 36 car -1 -1 -10 216 186 433 320 -1 -1 -1 -1000 -1000 -1000 -10 0.999975
341 37 car -1 -1 -10 577 169 602 195 -1 -1 -1 -1000 -1000 -1000 -10 0.969387
341 38 car -1 -1 -10 379 178 418 205 -1 -1 -1 -1000 -1000 -1000 -10 0.998089
342 19 car -1 -1 -10 560 182 591 205 -1 -1 -1 -1000 -1000 -1000 -10 0.9986
342 20 car -1 -1 -10 475 184 509 213 -1 -1 -1 -1000 -1000 -1000 -10 0.995398
342 36 car -1 -1 -10 228 187 445 307 -1 -1 -1 -1000 -1000 -1000 -10 0.999815
342 38 car -1 -1 -10 362 180 411 208 -1 -1 -1 -1000 -1000 -1000 -10 0.980032
343 19 car -1 -1 -10 559 188 590 209 -1 -1 -1 -1000 -1000 -1000 -10 0.978789
343 20 car -1 -1 -10 471 188 508 216 -1 -1 -1 -1000 -1000 -1000 -10 0.996991
343 36 car -1 -1 -10 243 187 449 307 -1 -1 -1 -1000 -1000 -1000 -10 0.999954
343 38 car -1 -1 -10 337 184 408 219 -1 -1 -1 -1000 -1000 -1000 -10 0.626888
344 19 car -1 -1 -10 558 184 589 208 -1 -1 -1 -1000 -1000 -1000 -10 0.995559
344 20 car -1 -1 -10 468 187 507 215 -1 -1 -1 -1000 -1000 -1000 -10 0.990817
344 36 car -1 -1 -10 259 186 452 304 -1 -1 -1 -1000 -1000 -1000 -10 0.999991
344 38 car -1 -1 -10 325 183 400 218 -1 -1 -1 -1000 -1000 -1000 -10 0.519682
345 19 car -1 -1 -10 555 180 587 204 -1 -1 -1 -1000 -1000 -1000 -10 0.998852
345 20 car -1 -1 -10 466 185 506 211 -1 -1 -1 -1000 -1000 -1000 -10 0.983282
345 36 car -1 -1 -10 274 183 455 299 -1 -1 -1 -1000 -1000 -1000 -10 0.999991
345 38 car -1 -1 -10 295 182 372 226 -1 -1 -1 -1000 -1000 -1000 -10 0.827634
346 19 car -1 -1 -10 554 180 585 202 -1 -1 -1 -1000 -1000 -1000 -10 0.994189
346 20 car -1 -1 -10 464 183 502 210 -1 -1 -1 -1000 -1000 -1000 -10 0.991976
346 36 car -1 -1 -10 287 184 458 290 -1 -1 -1 -1000 -1000 -1000 -10 0.999986
346 39 car -1 -1 -10 256 180 325 222 -1 -1 -1 -1000 -1000 -1000 -10 0.999822
347 19 car -1 -1 -10 552 181 582 203 -1 -1 -1 -1000 -1000 -1000 -10 0.995061
347 20 car -1 -1 -10 460 184 499 212 -1 -1 -1 -1000 -1000 -1000 -10 0.990548
347 36 car -1 -1 -10 299 185 463 290 -1 -1 -1 -1000 -1000 -1000 -10 0.999987
347 40 car -1 -1 -10 213 181 294 233 -1 -1 -1 -1000 -1000 -1000 -10 0.999969
347 41 car -1 -1 -10 282 183 336 213 -1 -1 -1 -1000 -1000 -1000 -10 0.961364
348 19 car -1 -1 -10 549 183 580 206 -1 -1 -1 -1000 -1000 -1000 -10 0.99255
348 20 car -1 -1 -10 456 187 497 215 -1 -1 -1 -1000 -1000 -1000 -10 0.996932
348 36 car -1 -1 -10 308 191 467 290 -1 -1 -1 -1000 -1000 -1000 -10 0.999945
348 39 car -1 -1 -10 249 188 313 220 -1 -1 -1 -1000 -1000 -1000 -10 0.999906
348 42 car -1 -1 -10 148 184 253 243 -1 -1 -1 -1000 -1000 -1000 -10 0.999915
349 19 car -1 -1 -10 549 188 578 208 -1 -1 -1 -1000 -1000 -1000 -10 0.973285
349 20 car -1 -1 -10 452 189 494 217 -1 -1 -1 -1000 -1000 -1000 -10 0.981914
349 36 car -1 -1 -10 318 195 469 287 -1 -1 -1 -1000 -1000 -1000 -10 0.999835
349 37 car -1 -1 -10 570 175 596 201 -1 -1 -1 -1000 -1000 -1000 -10 0.99035
349 40 car -1 -1 -10 209 192 285 226 -1 -1 -1 -1000 -1000 -1000 -10 0.999973
349 43 car -1 -1 -10 66 188 197 258 -1 -1 -1 -1000 -1000 -1000 -10 0.999983
350 19 car -1 -1 -10 545 185 576 207 -1 -1 -1 -1000 -1000 -1000 -10 0.992489
350 20 car -1 -1 -10 449 187 491 217 -1 -1 -1 -1000 -1000 -1000 -10 0.98004
350 36 car -1 -1 -10 329 190 468 284 -1 -1 -1 -1000 -1000 -1000 -10 0.999878
350 42 car -1 -1 -10 161 191 251 231 -1 -1 -1 -1000 -1000 -1000 -10 0.999985
350 44 car -1 -1 -10 0 187 132 275 -1 -1 -1 -1000 -1000 -1000 -10 0.9999
351 19 car -1 -1 -10 543 181 572 204 -1 -1 -1 -1000 -1000 -1000 -10 0.991527
351 20 car -1 -1 -10 443 186 489 214 -1 -1 -1 -1000 -1000 -1000 -10 0.926072
351 36 car -1 -1 -10 335 186 471 279 -1 -1 -1 -1000 -1000 -1000 -10 0.999904
351 43 car -1 -1 -10 99 186 209 235 -1 -1 -1 -1000 -1000 -1000 -10 0.999922
352 19 car -1 -1 -10 541 180 569 202 -1 -1 -1 -1000 -1000 -1000 -10 0.996752
352 20 car -1 -1 -10 437 184 485 213 -1 -1 -1 -1000 -1000 -1000 -10 0.978452
352 36 car -1 -1 -10 343 184 474 276 -1 -1 -1 -1000 -1000 -1000 -10 0.999931
352 45 car -1 -1 -10 15 181 153 241 -1 -1 -1 -1000 -1000 -1000 -10 0.999985
352 46 car -1 -1 -10 348 178 390 199 -1 -1 -1 -1000 -1000 -1000 -10 0.504892
353 19 car -1 -1 -10 538 179 565 202 -1 -1 -1 -1000 -1000 -1000 -10 0.990564
353 20 car -1 -1 -10 436 182 483 211 -1 -1 -1 -1000 -1000 -1000 -10 0.974564
353 36 car -1 -1 -10 350 182 479 270 -1 -1 -1 -1000 -1000 -1000 -10 0.999948
353 46 car -1 -1 -10 337 178 378 199 -1 -1 -1 -1000 -1000 -1000 -10 0.990076
353 47 car -1 -1 -10 0 180 86 248 -1 -1 -1 -1000 -1000 -1000 -10 0.995697
353 48 car -1 -1 -10 565 169 590 195 -1 -1 -1 -1000 -1000 -1000 -10 0.98772
354 19 car -1 -1 -10 535 182 565 203 -1 -1 -1 -1000 -1000 -1000 -10 0.982236
354 20 car -1 -1 -10 432 184 482 213 -1 -1 -1 -1000 -1000 -1000 -10 0.961231
354 36 car -1 -1 -10 358 182 478 269 -1 -1 -1 -1000 -1000 -1000 -10 0.999983
354 46 car -1 -1 -10 317 177 360 201 -1 -1 -1 -1000 -1000 -1000 -10 0.996071
355 19 car -1 -1 -10 532 182 561 203 -1 -1 -1 -1000 -1000 -1000 -10 0.94604
355 36 car -1 -1 -10 363 183 482 269 -1 -1 -1 -1000 -1000 -1000 -10 0.999988
355 46 car -1 -1 -10 298 181 343 206 -1 -1 -1 -1000 -1000 -1000 -10 0.999515
356 19 car -1 -1 -10 532 184 559 204 -1 -1 -1 -1000 -1000 -1000 -10 0.986136
356 20 car -1 -1 -10 419 189 478 216 -1 -1 -1 -1000 -1000 -1000 -10 0.602053
356 36 car -1 -1 -10 369 183 485 268 -1 -1 -1 -1000 -1000 -1000 -10 0.999989
356 46 car -1 -1 -10 272 181 324 211 -1 -1 -1 -1000 -1000 -1000 -10 0.999449
357 19 car -1 -1 -10 531 183 558 205 -1 -1 -1 -1000 -1000 -1000 -10 0.993527
357 36 car -1 -1 -10 376 183 487 267 -1 -1 -1 -1000 -1000 -1000 -10 0.99997
357 46 car -1 -1 -10 242 184 301 213 -1 -1 -1 -1000 -1000 -1000 -10 0.999577
358 19 car -1 -1 -10 530 183 557 205 -1 -1 -1 -1000 -1000 -1000 -10 0.995719
358 36 car -1 -1 -10 383 183 489 263 -1 -1 -1 -1000 -1000 -1000 -10 0.999985
358 46 car -1 -1 -10 209 184 273 216 -1 -1 -1 -1000 -1000 -1000 -10 0.999948
359 19 car -1 -1 -10 529 181 557 203 -1 -1 -1 -1000 -1000 -1000 -10 0.996449
359 36 car -1 -1 -10 388 180 491 258 -1 -1 -1 -1000 -1000 -1000 -10 0.999992
359 46 car -1 -1 -10 164 182 240 218 -1 -1 -1 -1000 -1000 -1000 -10 0.999933
360 19 car -1 -1 -10 530 179 556 201 -1 -1 -1 -1000 -1000 -1000 -10 0.99764
360 36 car -1 -1 -10 393 178 493 254 -1 -1 -1 -1000 -1000 -1000 -10 0.999983
360 46 car -1 -1 -10 110 179 197 223 -1 -1 -1 -1000 -1000 -1000 -10 0.99995
361 19 car -1 -1 -10 530 181 557 203 -1 -1 -1 -1000 -1000 -1000 -10 0.997798
361 36 car -1 -1 -10 399 178 499 254 -1 -1 -1 -1000 -1000 -1000 -10 0.99996
361 45 car -1 -1 -10 33 180 141 234 -1 -1 -1 -1000 -1000 -1000 -10 0.999475
362 19 car -1 -1 -10 532 182 557 203 -1 -1 -1 -1000 -1000 -1000 -10 0.997319
362 36 car -1 -1 -10 406 178 504 252 -1 -1 -1 -1000 -1000 -1000 -10 0.999953
362 47 car -1 -1 -10 0 185 82 243 -1 -1 -1 -1000 -1000 -1000 -10 0.998726
363 19 car -1 -1 -10 532 180 558 201 -1 -1 -1 -1000 -1000 -1000 -10 0.998713
363 36 car -1 -1 -10 411 177 506 249 -1 -1 -1 -1000 -1000 -1000 -10 0.999963
363 49 car -1 -1 -10 398 181 461 219 -1 -1 -1 -1000 -1000 -1000 -10 0.988792
364 19 car -1 -1 -10 533 179 559 201 -1 -1 -1 -1000 -1000 -1000 -10 0.997276
364 36 car -1 -1 -10 415 178 509 245 -1 -1 -1 -1000 -1000 -1000 -10 0.999926
364 49 car -1 -1 -10 395 183 456 219 -1 -1 -1 -1000 -1000 -1000 -10 0.98115
365 19 car -1 -1 -10 534 181 559 201 -1 -1 -1 -1000 -1000 -1000 -10 0.997246
365 36 car -1 -1 -10 419 179 513 247 -1 -1 -1 -1000 -1000 -1000 -10 0.999949
365 49 car -1 -1 -10 392 183 460 223 -1 -1 -1 -1000 -1000 -1000 -10 0.997866
366 19 car -1 -1 -10 534 182 560 203 -1 -1 -1 -1000 -1000 -1000 -10 0.989454
366 36 car -1 -1 -10 424 181 517 246 -1 -1 -1 -1000 -1000 -1000 -10 0.999866
366 49 car -1 -1 -10 388 184 463 225 -1 -1 -1 -1000 -1000 -1000 -10 0.996673
367 19 car -1 -1 -10 535 183 562 204 -1 -1 -1 -1000 -1000 -1000 -10 0.994967
367 36 car -1 -1 -10 433 188 518 245 -1 -1 -1 -1000 -1000 -1000 -10 0.99934
367 49 car -1 -1 -10 384 187 450 230 -1 -1 -1 -1000 -1000 -1000 -10 0.99888
368 36 car -1 -1 -10 435 187 521 246 -1 -1 -1 -1000 -1000 -1000 -10 0.999804
368 49 car -1 -1 -10 377 189 445 230 -1 -1 -1 -1000 -1000 -1000 -10 0.999611
369 36 car -1 -1 -10 440 187 521 246 -1 -1 -1 -1000 -1000 -1000 -10 0.999883
369 49 car -1 -1 -10 373 189 443 232 -1 -1 -1 -1000 -1000 -1000 -10 0.999952
370 36 car -1 -1 -10 444 188 523 244 -1 -1 -1 -1000 -1000 -1000 -10 0.999683
370 49 car -1 -1 -10 367 189 439 234 -1 -1 -1 -1000 -1000 -1000 -10 0.999966
371 36 car -1 -1 -10 448 189 525 243 -1 -1 -1 -1000 -1000 -1000 -10 0.999802
371 49 car -1 -1 -10 360 188 437 236 -1 -1 -1 -1000 -1000 -1000 -10 0.99999
372 36 car -1 -1 -10 451 188 528 241 -1 -1 -1 -1000 -1000 -1000 -10 0.999971
372 49 car -1 -1 -10 352 189 434 237 -1 -1 -1 -1000 -1000 -1000 -10 0.999978
373 36 car -1 -1 -10 454 189 528 243 -1 -1 -1 -1000 -1000 -1000 -10 0.999974
373 49 car -1 -1 -10 345 190 429 241 -1 -1 -1 -1000 -1000 -1000 -10 0.999989
374 36 car -1 -1 -10 458 184 529 240 -1 -1 -1 -1000 -1000 -1000 -10 0.999982
374 49 car -1 -1 -10 336 186 421 239 -1 -1 -1 -1000 -1000 -1000 -10 0.999955
375 36 car -1 -1 -10 461 179 532 230 -1 -1 -1 -1000 -1000 -1000 -10 0.999747
375 49 car -1 -1 -10 325 180 419 232 -1 -1 -1 -1000 -1000 -1000 -10 0.999638
376 36 car -1 -1 -10 464 175 534 227 -1 -1 -1 -1000 -1000 -1000 -10 0.999957
376 49 car -1 -1 -10 311 173 413 234 -1 -1 -1 -1000 -1000 -1000 -10 0.999992
376 50 car -1 -1 -10 542 171 567 191 -1 -1 -1 -1000 -1000 -1000 -10 0.997922
377 36 car -1 -1 -10 467 174 536 226 -1 -1 -1 -1000 -1000 -1000 -10 0.999973
377 49 car -1 -1 -10 300 174 406 238 -1 -1 -1 -1000 -1000 -1000 -10 0.999985
377 50 car -1 -1 -10 544 170 569 191 -1 -1 -1 -1000 -1000 -1000 -10 0.998103
378 36 car -1 -1 -10 470 177 537 228 -1 -1 -1 -1000 -1000 -1000 -10 0.999964
378 49 car -1 -1 -10 289 177 402 245 -1 -1 -1 -1000 -1000 -1000 -10 0.999995
378 50 car -1 -1 -10 544 173 571 194 -1 -1 -1 -1000 -1000 -1000 -10 0.988483
379 36 car -1 -1 -10 473 179 541 228 -1 -1 -1 -1000 -1000 -1000 -10 0.999877
379 49 car -1 -1 -10 276 180 392 250 -1 -1 -1 -1000 -1000 -1000 -10 0.999996
379 50 car -1 -1 -10 547 176 572 195 -1 -1 -1 -1000 -1000 -1000 -10 0.992624
379 51 car -1 -1 -10 517 174 543 194 -1 -1 -1 -1000 -1000 -1000 -10 0.891565
380 36 car -1 -1 -10 476 177 541 227 -1 -1 -1 -1000 -1000 -1000 -10 0.99998
380 49 car -1 -1 -10 258 180 384 254 -1 -1 -1 -1000 -1000 -1000 -10 0.999996
380 51 car -1 -1 -10 516 173 544 195 -1 -1 -1 -1000 -1000 -1000 -10 0.880899
381 36 car -1 -1 -10 480 175 544 225 -1 -1 -1 -1000 -1000 -1000 -10 0.99997
381 49 car -1 -1 -10 238 179 374 261 -1 -1 -1 -1000 -1000 -1000 -10 0.999979
381 50 car -1 -1 -10 550 174 575 193 -1 -1 -1 -1000 -1000 -1000 -10 0.989373
381 51 car -1 -1 -10 514 173 544 196 -1 -1 -1 -1000 -1000 -1000 -10 0.812898
382 36 car -1 -1 -10 483 175 546 223 -1 -1 -1 -1000 -1000 -1000 -10 0.999953
382 49 car -1 -1 -10 218 181 366 263 -1 -1 -1 -1000 -1000 -1000 -10 0.999949
382 50 car -1 -1 -10 552 173 577 192 -1 -1 -1 -1000 -1000 -1000 -10 0.981294
382 51 car -1 -1 -10 511 172 545 194 -1 -1 -1 -1000 -1000 -1000 -10 0.598371
383 36 car -1 -1 -10 487 175 549 222 -1 -1 -1 -1000 -1000 -1000 -10 0.999838
383 49 car -1 -1 -10 195 183 355 267 -1 -1 -1 -1000 -1000 -1000 -10 0.999816
383 50 car -1 -1 -10 553 171 578 192 -1 -1 -1 -1000 -1000 -1000 -10 0.981807
383 51 car -1 -1 -10 510 169 541 191 -1 -1 -1 -1000 -1000 -1000 -10 0.470219
384 36 car -1 -1 -10 489 175 550 222 -1 -1 -1 -1000 -1000 -1000 -10 0.999846
384 49 car -1 -1 -10 161 183 347 276 -1 -1 -1 -1000 -1000 -1000 -10 0.999949
384 51 car -1 -1 -10 510 170 540 191 -1 -1 -1 -1000 -1000 -1000 -10 0.848869
385 36 car -1 -1 -10 490 175 552 222 -1 -1 -1 -1000 -1000 -1000 -10 0.999928
385 49 car -1 -1 -10 126 183 333 283 -1 -1 -1 -1000 -1000 -1000 -10 0.999989
385 50 car -1 -1 -10 554 174 579 193 -1 -1 -1 -1000 -1000 -1000 -10 0.978563
385 51 car -1 -1 -10 512 172 539 193 -1 -1 -1 -1000 -1000 -1000 -10 0.768112
386 36 car -1 -1 -10 493 176 552 222 -1 -1 -1 -1000 -1000 -1000 -10 0.999952
386 49 car -1 -1 -10 90 186 309 292 -1 -1 -1 -1000 -1000 -1000 -10 0.999977
386 50 car -1 -1 -10 554 175 579 195 -1 -1 -1 -1000 -1000 -1000 -10 0.990578
386 51 car -1 -1 -10 505 175 535 194 -1 -1 -1 -1000 -1000 -1000 -10 0.397072
387 36 car -1 -1 -10 495 177 555 223 -1 -1 -1 -1000 -1000 -1000 -10 0.999951
387 49 car -1 -1 -10 45 189 290 301 -1 -1 -1 -1000 -1000 -1000 -10 0.999524
388 36 car -1 -1 -10 496 179 555 224 -1 -1 -1 -1000 -1000 -1000 -10 0.999982
388 49 car -1 -1 -10 0 188 274 321 -1 -1 -1 -1000 -1000 -1000 -10 0.999901
388 51 car -1 -1 -10 497 177 530 202 -1 -1 -1 -1000 -1000 -1000 -10 0.941422
389 36 car -1 -1 -10 497 181 554 224 -1 -1 -1 -1000 -1000 -1000 -10 0.999978
389 49 car -1 -1 -10 0 195 249 340 -1 -1 -1 -1000 -1000 -1000 -10 0.999957
389 51 car -1 -1 -10 489 179 525 205 -1 -1 -1 -1000 -1000 -1000 -10 0.969808
