0 0 pedestrian -1 -1 -10 385 134 486 351 -1 -1 -1 -1000 -1000 -1000 -10 0.744846
0 1 pedestrian -1 -1 -10 480 138 549 339 -1 -1 -1 -1000 -1000 -1000 -10 0.556586
1 0 pedestrian -1 -1 -10 389 130 491 370 -1 -1 -1 -1000 -1000 -1000 -10 0.740689
1 1 pedestrian -1 -1 -10 489 130 554 352 -1 -1 -1 -1000 -1000 -1000 -10 0.963155
2 0 pedestrian -1 -1 -10 421 132 503 370 -1 -1 -1 -1000 -1000 -1000 -10 0.829787
2 1 pedestrian -1 -1 -10 497 141 568 336 -1 -1 -1 -1000 -1000 -1000 -10 0.740972
3 0 pedestrian -1 -1 -10 440 140 521 366 -1 -1 -1 -1000 -1000 -1000 -10 0.977142
3 1 pedestrian -1 -1 -10 502 140 577 343 -1 -1 -1 -1000 -1000 -1000 -10 0.890243
4 0 pedestrian -1 -1 -10 448 137 534 365 -1 -1 -1 -1000 -1000 -1000 -10 0.965176
4 1 pedestrian -1 -1 -10 511 135 599 347 -1 -1 -1 -1000 -1000 -1000 -10 0.964576
5 0 pedestrian -1 -1 -10 452 143 551 360 -1 -1 -1 -1000 -1000 -1000 -10 0.965054
5 1 pedestrian -1 -1 -10 521 135 607 348 -1 -1 -1 -1000 -1000 -1000 -10 0.924975
6 0 pedestrian -1 -1 -10 461 138 571 363 -1 -1 -1 -1000 -1000 -1000 -10 0.94421
6 1 pedestrian -1 -1 -10 542 130 616 368 -1 -1 -1 -1000 -1000 -1000 -10 0.954098
7 0 pedestrian -1 -1 -10 479 130 567 370 -1 -1 -1 -1000 -1000 -1000 -10 0.911234
7 1 pedestrian -1 -1 -10 567 127 620 370 -1 -1 -1 -1000 -1000 -1000 -10 0.627518
8 0 pedestrian -1 -1 -10 506 136 579 370 -1 -1 -1 -1000 -1000 -1000 -10 0.965108
8 1 pedestrian -1 -1 -10 576 135 632 367 -1 -1 -1 -1000 -1000 -1000 -10 0.95022
8 2 pedestrian -1 -1 -10 217 139 274 298 -1 -1 -1 -1000 -1000 -1000 -10 0.880668
9 0 pedestrian -1 -1 -10 521 143 596 368 -1 -1 -1 -1000 -1000 -1000 -10 0.957342
9 1 pedestrian -1 -1 -10 565 142 642 364 -1 -1 -1 -1000 -1000 -1000 -10 0.759906
9 2 pedestrian -1 -1 -10 216 130 277 298 -1 -1 -1 -1000 -1000 -1000 -10 0.51958
10 0 pedestrian -1 -1 -10 531 142 619 367 -1 -1 -1 -1000 -1000 -1000 -10 0.828114
10 1 pedestrian -1 -1 -10 586 137 664 369 -1 -1 -1 -1000 -1000 -1000 -10 0.710042
11 0 pedestrian -1 -1 -10 533 147 632 366 -1 -1 -1 -1000 -1000 -1000 -10 0.92225
11 1 pedestrian -1 -1 -10 604 139 681 370 -1 -1 -1 -1000 -1000 -1000 -10 0.714052
12 0 pedestrian -1 -1 -10 555 141 647 370 -1 -1 -1 -1000 -1000 -1000 -10 0.912687
12 1 pedestrian -1 -1 -10 627 142 688 370 -1 -1 -1 -1000 -1000 -1000 -10 0.721483
12 3 pedestrian -1 -1 -10 251 135 322 306 -1 -1 -1 -1000 -1000 -1000 -10 0.723539
13 0 pedestrian -1 -1 -10 575 130 659 370 -1 -1 -1 -1000 -1000 -1000 -10 0.898673
13 1 pedestrian -1 -1 -10 629 123 694 370 -1 -1 -1 -1000 -1000 -1000 -10 0.86766
13 2 pedestrian -1 -1 -10 219 116 286 320 -1 -1 -1 -1000 -1000 -1000 -10 0.906041
14 0 pedestrian -1 -1 -10 590 127 688 370 -1 -1 -1 -1000 -1000 -1000 -10 0.92025
14 3 pedestrian -1 -1 -10 273 136 350 323 -1 -1 -1 -1000 -1000 -1000 -10 0.890977
15 0 pedestrian -1 -1 -10 594 137 688 370 -1 -1 -1 -1000 -1000 -1000 -10 0.96563
15 1 pedestrian -1 -1 -10 644 129 729 370 -1 -1 -1 -1000 -1000 -1000 -10 0.693896
15 3 pedestrian -1 -1 -10 294 142 361 322 -1 -1 -1 -1000 -1000 -1000 -10 0.509846
15 4 pedestrian -1 -1 -10 258 125 326 320 -1 -1 -1 -1000 -1000 -1000 -10 0.584532
16 0 pedestrian -1 -1 -10 604 142 709 366 -1 -1 -1 -1000 -1000 -1000 -10 0.951373
16 1 pedestrian -1 -1 -10 660 141 747 363 -1 -1 -1 -1000 -1000 -1000 -10 0.736101
16 3 pedestrian -1 -1 -10 315 138 381 323 -1 -1 -1 -1000 -1000 -1000 -10 0.431334
16 4 pedestrian -1 -1 -10 270 123 347 322 -1 -1 -1 -1000 -1000 -1000 -10 0.674826
17 0 pedestrian -1 -1 -10 609 142 719 369 -1 -1 -1 -1000 -1000 -1000 -10 0.973004
17 1 pedestrian -1 -1 -10 677 143 761 363 -1 -1 -1 -1000 -1000 -1000 -10 0.367142
17 3 pedestrian -1 -1 -10 338 144 399 322 -1 -1 -1 -1000 -1000 -1000 -10 0.67119
17 4 pedestrian -1 -1 -10 278 114 348 344 -1 -1 -1 -1000 -1000 -1000 -10 0.818318
18 0 pedestrian -1 -1 -10 631 137 726 370 -1 -1 -1 -1000 -1000 -1000 -10 0.970433
18 1 pedestrian -1 -1 -10 685 133 762 370 -1 -1 -1 -1000 -1000 -1000 -10 0.802562
18 3 pedestrian -1 -1 -10 338 136 412 325 -1 -1 -1 -1000 -1000 -1000 -10 0.665889
18 4 pedestrian -1 -1 -10 290 122 367 337 -1 -1 -1 -1000 -1000 -1000 -10 0.639105
19 0 pedestrian -1 -1 -10 655 136 745 370 -1 -1 -1 -1000 -1000 -1000 -10 0.962772
19 1 pedestrian -1 -1 -10 705 135 778 368 -1 -1 -1 -1000 -1000 -1000 -10 0.491555
19 4 pedestrian -1 -1 -10 279 112 350 351 -1 -1 -1 -1000 -1000 -1000 -10 0.833826
19 5 pedestrian -1 -1 -10 510 144 536 209 -1 -1 -1 -1000 -1000 -1000 -10 0.955057
19 6 pedestrian -1 -1 -10 1097 129 1212 370 -1 -1 -1 -1000 -1000 -1000 -10 0.536145
19 7 pedestrian -1 -1 -10 313 128 393 332 -1 -1 -1 -1000 -1000 -1000 -10 0.519466
20 0 pedestrian -1 -1 -10 664 137 753 370 -1 -1 -1 -1000 -1000 -1000 -10 0.834655
20 1 pedestrian -1 -1 -10 727 122 795 370 -1 -1 -1 -1000 -1000 -1000 -10 0.584823
20 3 pedestrian -1 -1 -10 359 129 429 333 -1 -1 -1 -1000 -1000 -1000 -10 0.905762
20 4 pedestrian -1 -1 -10 276 108 354 361 -1 -1 -1 -1000 -1000 -1000 -10 0.801757
20 6 pedestrian -1 -1 -10 1062 114 1174 370 -1 -1 -1 -1000 -1000 -1000 -10 0.529305
21 0 pedestrian -1 -1 -10 680 141 771 367 -1 -1 -1 -1000 -1000 -1000 -10 0.919426
21 1 pedestrian -1 -1 -10 721 133 810 370 -1 -1 -1 -1000 -1000 -1000 -10 0.494829
21 3 pedestrian -1 -1 -10 365 130 439 332 -1 -1 -1 -1000 -1000 -1000 -10 0.939429
21 4 pedestrian -1 -1 -10 290 107 367 356 -1 -1 -1 -1000 -1000 -1000 -10 0.827763
21 6 pedestrian -1 -1 -10 1001 141 1156 365 -1 -1 -1 -1000 -1000 -1000 -10 0.914378
22 0 pedestrian -1 -1 -10 696 146 797 367 -1 -1 -1 -1000 -1000 -1000 -10 0.9553
22 3 pedestrian -1 -1 -10 381 139 459 327 -1 -1 -1 -1000 -1000 -1000 -10 0.972941
22 4 pedestrian -1 -1 -10 300 117 373 353 -1 -1 -1 -1000 -1000 -1000 -10 0.949679
22 6 pedestrian -1 -1 -10 977 140 1129 370 -1 -1 -1 -1000 -1000 -1000 -10 0.897657
23 0 pedestrian -1 -1 -10 713 143 812 370 -1 -1 -1 -1000 -1000 -1000 -10 0.867313
23 3 pedestrian -1 -1 -10 387 136 480 331 -1 -1 -1 -1000 -1000 -1000 -10 0.980713
23 6 pedestrian -1 -1 -10 960 139 1072 370 -1 -1 -1 -1000 -1000 -1000 -10 0.851204
23 7 pedestrian -1 -1 -10 317 115 393 353 -1 -1 -1 -1000 -1000 -1000 -10 0.960709
23 8 pedestrian -1 -1 -10 772 141 852 370 -1 -1 -1 -1000 -1000 -1000 -10 0.665158
24 1 pedestrian -1 -1 -10 733 128 831 370 -1 -1 -1 -1000 -1000 -1000 -10 0.599075
24 3 pedestrian -1 -1 -10 392 134 487 332 -1 -1 -1 -1000 -1000 -1000 -10 0.981631
24 5 pedestrian -1 -1 -10 520 143 545 210 -1 -1 -1 -1000 -1000 -1000 -10 0.872354
24 6 pedestrian -1 -1 -10 934 131 1044 370 -1 -1 -1 -1000 -1000 -1000 -10 0.928263
24 7 pedestrian -1 -1 -10 323 118 398 353 -1 -1 -1 -1000 -1000 -1000 -10 0.849115
24 8 pedestrian -1 -1 -10 788 122 864 370 -1 -1 -1 -1000 -1000 -1000 -10 0.803992
25 1 pedestrian -1 -1 -10 750 134 859 370 -1 -1 -1 -1000 -1000 -1000 -10 0.834832
25 3 pedestrian -1 -1 -10 413 127 499 339 -1 -1 -1 -1000 -1000 -1000 -10 0.957444
25 5 pedestrian -1 -1 -10 521 143 547 211 -1 -1 -1 -1000 -1000 -1000 -10 0.947813
25 6 pedestrian -1 -1 -10 909 131 1004 370 -1 -1 -1 -1000 -1000 -1000 -10 0.80916
25 7 pedestrian -1 -1 -10 336 106 419 363 -1 -1 -1 -1000 -1000 -1000 -10 0.952364
25 8 pedestrian -1 -1 -10 800 127 884 370 -1 -1 -1 -1000 -1000 -1000 -10 0.379824
26 1 pedestrian -1 -1 -10 752 135 868 366 -1 -1 -1 -1000 -1000 -1000 -10 0.670687
26 3 pedestrian -1 -1 -10 436 134 514 338 -1 -1 -1 -1000 -1000 -1000 -10 0.966388
26 5 pedestrian -1 -1 -10 523 145 548 210 -1 -1 -1 -1000 -1000 -1000 -10 0.929673
26 6 pedestrian -1 -1 -10 895 141 996 370 -1 -1 -1 -1000 -1000 -1000 -10 0.836032
26 7 pedestrian -1 -1 -10 344 117 418 355 -1 -1 -1 -1000 -1000 -1000 -10 0.848376
26 8 pedestrian -1 -1 -10 820 135 906 369 -1 -1 -1 -1000 -1000 -1000 -10 0.509541
27 1 pedestrian -1 -1 -10 748 150 913 359 -1 -1 -1 -1000 -1000 -1000 -10 0.872723
27 3 pedestrian -1 -1 -10 462 124 520 338 -1 -1 -1 -1000 -1000 -1000 -10 0.954884
27 7 pedestrian -1 -1 -10 360 109 435 364 -1 -1 -1 -1000 -1000 -1000 -10 0.973366
28 1 pedestrian -1 -1 -10 766 144 933 364 -1 -1 -1 -1000 -1000 -1000 -10 0.921142
28 3 pedestrian -1 -1 -10 462 124 541 342 -1 -1 -1 -1000 -1000 -1000 -10 0.973467
28 7 pedestrian -1 -1 -10 371 109 447 366 -1 -1 -1 -1000 -1000 -1000 -10 0.944462
29 1 pedestrian -1 -1 -10 795 143 955 365 -1 -1 -1 -1000 -1000 -1000 -10 0.857364
29 3 pedestrian -1 -1 -10 470 129 556 337 -1 -1 -1 -1000 -1000 -1000 -10 0.961927
29 7 pedestrian -1 -1 -10 371 113 465 364 -1 -1 -1 -1000 -1000 -1000 -10 0.966634
30 1 pedestrian -1 -1 -10 796 148 967 358 -1 -1 -1 -1000 -1000 -1000 -10 0.58193
30 3 pedestrian -1 -1 -10 486 129 563 348 -1 -1 -1 -1000 -1000 -1000 -10 0.90658
30 6 pedestrian -1 -1 -10 885 133 978 369 -1 -1 -1 -1000 -1000 -1000 -10 0.596376
30 7 pedestrian -1 -1 -10 385 116 479 363 -1 -1 -1 -1000 -1000 -1000 -10 0.955273
31 0 pedestrian -1 -1 -10 761 153 863 366 -1 -1 -1 -1000 -1000 -1000 -10 0.934541
31 1 pedestrian -1 -1 -10 826 151 997 360 -1 -1 -1 -1000 -1000 -1000 -10 0.848607
31 3 pedestrian -1 -1 -10 505 135 574 345 -1 -1 -1 -1000 -1000 -1000 -10 0.989028
31 7 pedestrian -1 -1 -10 391 124 486 358 -1 -1 -1 -1000 -1000 -1000 -10 0.950294
32 1 pedestrian -1 -1 -10 843 146 1007 368 -1 -1 -1 -1000 -1000 -1000 -10 0.778717
32 3 pedestrian -1 -1 -10 520 130 591 369 -1 -1 -1 -1000 -1000 -1000 -10 0.866397
32 7 pedestrian -1 -1 -10 410 119 494 364 -1 -1 -1 -1000 -1000 -1000 -10 0.878583
32 9 pedestrian -1 -1 -10 746 153 840 366 -1 -1 -1 -1000 -1000 -1000 -10 0.960103
33 1 pedestrian -1 -1 -10 880 141 1040 370 -1 -1 -1 -1000 -1000 -1000 -10 0.732213
33 3 pedestrian -1 -1 -10 534 126 614 357 -1 -1 -1 -1000 -1000 -1000 -10 0.991224
33 7 pedestrian -1 -1 -10 422 121 502 362 -1 -1 -1 -1000 -1000 -1000 -10 0.824371
33 9 pedestrian -1 -1 -10 730 145 810 369 -1 -1 -1 -1000 -1000 -1000 -10 0.981227
34 1 pedestrian -1 -1 -10 914 136 1084 370 -1 -1 -1 -1000 -1000 -1000 -10 0.748483
34 3 pedestrian -1 -1 -10 536 130 632 353 -1 -1 -1 -1000 -1000 -1000 -10 0.993447
34 7 pedestrian -1 -1 -10 439 124 520 356 -1 -1 -1 -1000 -1000 -1000 -10 0.9755
34 9 pedestrian -1 -1 -10 704 147 791 370 -1 -1 -1 -1000 -1000 -1000 -10 0.984131
35 1 pedestrian -1 -1 -10 933 137 1085 370 -1 -1 -1 -1000 -1000 -1000 -10 0.713945
35 3 pedestrian -1 -1 -10 554 131 651 369 -1 -1 -1 -1000 -1000 -1000 -10 0.985636
35 7 pedestrian -1 -1 -10 456 126 541 357 -1 -1 -1 -1000 -1000 -1000 -10 0.976308
35 9 pedestrian -1 -1 -10 684 143 792 369 -1 -1 -1 -1000 -1000 -1000 -10 0.939654
36 1 pedestrian -1 -1 -10 960 134 1118 370 -1 -1 -1 -1000 -1000 -1000 -10 0.888273
36 3 pedestrian -1 -1 -10 581 134 658 369 -1 -1 -1 -1000 -1000 -1000 -10 0.979549
36 7 pedestrian -1 -1 -10 476 119 553 363 -1 -1 -1 -1000 -1000 -1000 -10 0.903122
36 9 pedestrian -1 -1 -10 664 149 748 366 -1 -1 -1 -1000 -1000 -1000 -10 0.97504
37 1 pedestrian -1 -1 -10 985 144 1167 362 -1 -1 -1 -1000 -1000 -1000 -10 0.804758
37 3 pedestrian -1 -1 -10 598 143 671 360 -1 -1 -1 -1000 -1000 -1000 -10 0.927651
37 7 pedestrian -1 -1 -10 474 127 573 351 -1 -1 -1 -1000 -1000 -1000 -10 0.7774
37 9 pedestrian -1 -1 -10 652 150 724 357 -1 -1 -1 -1000 -1000 -1000 -10 0.983058
38 1 pedestrian -1 -1 -10 1008 152 1186 355 -1 -1 -1 -1000 -1000 -1000 -10 0.735922
38 3 pedestrian -1 -1 -10 603 147 678 360 -1 -1 -1 -1000 -1000 -1000 -10 0.963004
38 7 pedestrian -1 -1 -10 495 116 588 367 -1 -1 -1 -1000 -1000 -1000 -10 0.780842
39 1 pedestrian -1 -1 -10 1035 150 1224 359 -1 -1 -1 -1000 -1000 -1000 -10 0.941654
39 3 pedestrian -1 -1 -10 606 138 710 366 -1 -1 -1 -1000 -1000 -1000 -10 0.807008
39 7 pedestrian -1 -1 -10 519 119 604 370 -1 -1 -1 -1000 -1000 -1000 -10 0.911006
40 1 pedestrian -1 -1 -10 1060 155 1224 359 -1 -1 -1 -1000 -1000 -1000 -10 0.969649
40 3 pedestrian -1 -1 -10 626 139 708 370 -1 -1 -1 -1000 -1000 -1000 -10 0.491902
40 7 pedestrian -1 -1 -10 537 136 617 370 -1 -1 -1 -1000 -1000 -1000 -10 0.918834
40 10 pedestrian -1 -1 -10 592 153 661 358 -1 -1 -1 -1000 -1000 -1000 -10 0.842632
41 1 pedestrian -1 -1 -10 1081 157 1224 363 -1 -1 -1 -1000 -1000 -1000 -10 0.92387
41 3 pedestrian -1 -1 -10 645 130 720 370 -1 -1 -1 -1000 -1000 -1000 -10 0.961054
41 7 pedestrian -1 -1 -10 547 117 650 370 -1 -1 -1 -1000 -1000 -1000 -10 0.683821
41 11 pedestrian -1 -1 -10 555 146 579 210 -1 -1 -1 -1000 -1000 -1000 -10 0.699324
42 3 pedestrian -1 -1 -10 658 132 739 370 -1 -1 -1 -1000 -1000 -1000 -10 0.933648
42 7 pedestrian -1 -1 -10 536 117 633 366 -1 -1 -1 -1000 -1000 -1000 -10 0.844061
42 12 pedestrian -1 -1 -10 598 140 631 216 -1 -1 -1 -1000 -1000 -1000 -10 0.303099
43 3 pedestrian -1 -1 -10 673 141 763 364 -1 -1 -1 -1000 -1000 -1000 -10 0.978583
43 7 pedestrian -1 -1 -10 536 139 614 364 -1 -1 -1 -1000 -1000 -1000 -10 0.915851
43 10 pedestrian -1 -1 -10 580 133 651 369 -1 -1 -1 -1000 -1000 -1000 -10 0.667396
44 3 pedestrian -1 -1 -10 674 137 787 370 -1 -1 -1 -1000 -1000 -1000 -10 0.979412
44 7 pedestrian -1 -1 -10 510 136 597 364 -1 -1 -1 -1000 -1000 -1000 -10 0.677075
44 10 pedestrian -1 -1 -10 580 129 669 370 -1 -1 -1 -1000 -1000 -1000 -10 0.944715
44 11 pedestrian -1 -1 -10 560 140 585 224 -1 -1 -1 -1000 -1000 -1000 -10 0.917636
45 3 pedestrian -1 -1 -10 694 139 808 368 -1 -1 -1 -1000 -1000 -1000 -10 0.975974
45 7 pedestrian -1 -1 -10 495 145 570 353 -1 -1 -1 -1000 -1000 -1000 -10 0.865562
45 9 pedestrian -1 -1 -10 611 106 703 370 -1 -1 -1 -1000 -1000 -1000 -10 0.808891
46 3 pedestrian -1 -1 -10 714 137 820 368 -1 -1 -1 -1000 -1000 -1000 -10 0.943429
46 7 pedestrian -1 -1 -10 481 136 543 349 -1 -1 -1 -1000 -1000 -1000 -10 0.798397
46 11 pedestrian -1 -1 -10 568 147 597 227 -1 -1 -1 -1000 -1000 -1000 -10 0.787674
46 13 pedestrian -1 -1 -10 623 113 709 370 -1 -1 -1 -1000 -1000 -1000 -10 0.827797
47 3 pedestrian -1 -1 -10 734 135 834 365 -1 -1 -1 -1000 -1000 -1000 -10 0.768176
47 7 pedestrian -1 -1 -10 453 142 536 340 -1 -1 -1 -1000 -1000 -1000 -10 0.990331
47 11 pedestrian -1 -1 -10 572 145 597 228 -1 -1 -1 -1000 -1000 -1000 -10 0.791673
47 13 pedestrian -1 -1 -10 636 112 733 370 -1 -1 -1 -1000 -1000 -1000 -10 0.855667
48 3 pedestrian -1 -1 -10 755 128 854 370 -1 -1 -1 -1000 -1000 -1000 -10 0.676246
48 7 pedestrian -1 -1 -10 432 146 518 334 -1 -1 -1 -1000 -1000 -1000 -10 0.96833
48 13 pedestrian -1 -1 -10 658 106 756 370 -1 -1 -1 -1000 -1000 -1000 -10 0.703706
49 3 pedestrian -1 -1 -10 770 126 874 370 -1 -1 -1 -1000 -1000 -1000 -10 0.45049
49 7 pedestrian -1 -1 -10 417 143 497 344 -1 -1 -1 -1000 -1000 -1000 -10 0.983823
49 13 pedestrian -1 -1 -10 671 107 780 370 -1 -1 -1 -1000 -1000 -1000 -10 0.743301
50 3 pedestrian -1 -1 -10 792 126 899 370 -1 -1 -1 -1000 -1000 -1000 -10 0.676759
50 7 pedestrian -1 -1 -10 395 145 469 336 -1 -1 -1 -1000 -1000 -1000 -10 0.976631
50 13 pedestrian -1 -1 -10 679 104 831 370 -1 -1 -1 -1000 -1000 -1000 -10 0.709421
51 3 pedestrian -1 -1 -10 821 123 913 370 -1 -1 -1 -1000 -1000 -1000 -10 0.838944
51 7 pedestrian -1 -1 -10 380 149 450 337 -1 -1 -1 -1000 -1000 -1000 -10 0.971717
51 11 pedestrian -1 -1 -10 581 146 608 219 -1 -1 -1 -1000 -1000 -1000 -10 0.974211
51 13 pedestrian -1 -1 -10 688 101 838 370 -1 -1 -1 -1000 -1000 -1000 -10 0.722413
52 7 pedestrian -1 -1 -10 357 148 437 331 -1 -1 -1 -1000 -1000 -1000 -10 0.990707
52 11 pedestrian -1 -1 -10 582 145 609 221 -1 -1 -1 -1000 -1000 -1000 -10 0.933252
52 13 pedestrian -1 -1 -10 693 115 887 365 -1 -1 -1 -1000 -1000 -1000 -10 0.902338
53 3 pedestrian -1 -1 -10 857 133 960 346 -1 -1 -1 -1000 -1000 -1000 -10 0.595004
53 7 pedestrian -1 -1 -10 347 148 416 330 -1 -1 -1 -1000 -1000 -1000 -10 0.96156
53 11 pedestrian -1 -1 -10 588 146 617 229 -1 -1 -1 -1000 -1000 -1000 -10 0.870432
53 13 pedestrian -1 -1 -10 715 109 891 366 -1 -1 -1 -1000 -1000 -1000 -10 0.838032
54 3 pedestrian -1 -1 -10 863 130 1031 353 -1 -1 -1 -1000 -1000 -1000 -10 0.369464
54 7 pedestrian -1 -1 -10 334 146 399 332 -1 -1 -1 -1000 -1000 -1000 -10 0.981109
54 11 pedestrian -1 -1 -10 590 142 619 234 -1 -1 -1 -1000 -1000 -1000 -10 0.982651
54 13 pedestrian -1 -1 -10 732 107 946 364 -1 -1 -1 -1000 -1000 -1000 -10 0.727018
55 3 pedestrian -1 -1 -10 891 128 1050 370 -1 -1 -1 -1000 -1000 -1000 -10 0.713091
55 7 pedestrian -1 -1 -10 316 140 378 331 -1 -1 -1 -1000 -1000 -1000 -10 0.991736
55 11 pedestrian -1 -1 -10 591 142 624 235 -1 -1 -1 -1000 -1000 -1000 -10 0.984199
55 13 pedestrian -1 -1 -10 765 92 930 370 -1 -1 -1 -1000 -1000 -1000 -10 0.658265
56 3 pedestrian -1 -1 -10 913 120 1085 365 -1 -1 -1 -1000 -1000 -1000 -10 0.792511
56 7 pedestrian -1 -1 -10 297 151 366 325 -1 -1 -1 -1000 -1000 -1000 -10 0.995227
56 11 pedestrian -1 -1 -10 591 146 626 235 -1 -1 -1 -1000 -1000 -1000 -10 0.978579
56 13 pedestrian -1 -1 -10 793 93 973 370 -1 -1 -1 -1000 -1000 -1000 -10 0.798176
57 3 pedestrian -1 -1 -10 949 122 1118 355 -1 -1 -1 -1000 -1000 -1000 -10 0.658039
57 7 pedestrian -1 -1 -10 284 151 352 328 -1 -1 -1 -1000 -1000 -1000 -10 0.987951
57 11 pedestrian -1 -1 -10 599 147 630 232 -1 -1 -1 -1000 -1000 -1000 -10 0.961956
57 13 pedestrian -1 -1 -10 815 93 1018 370 -1 -1 -1 -1000 -1000 -1000 -10 0.724257
57 14 pedestrian -1 -1 -10 536 140 561 212 -1 -1 -1 -1000 -1000 -1000 -10 0.924311
58 3 pedestrian -1 -1 -10 964 111 1132 369 -1 -1 -1 -1000 -1000 -1000 -10 0.341335
58 7 pedestrian -1 -1 -10 263 151 333 324 -1 -1 -1 -1000 -1000 -1000 -10 0.993169
58 11 pedestrian -1 -1 -10 600 145 632 233 -1 -1 -1 -1000 -1000 -1000 -10 0.989818
58 13 pedestrian -1 -1 -10 844 106 1013 370 -1 -1 -1 -1000 -1000 -1000 -10 0.782307
59 3 pedestrian -1 -1 -10 996 96 1166 370 -1 -1 -1 -1000 -1000 -1000 -10 0.503635
59 7 pedestrian -1 -1 -10 246 146 311 325 -1 -1 -1 -1000 -1000 -1000 -10 0.797531
59 11 pedestrian -1 -1 -10 603 145 635 230 -1 -1 -1 -1000 -1000 -1000 -10 0.907236
59 13 pedestrian -1 -1 -10 880 97 1056 370 -1 -1 -1 -1000 -1000 -1000 -10 0.726793
59 14 pedestrian -1 -1 -10 539 134 565 218 -1 -1 -1 -1000 -1000 -1000 -10 0.979035
60 11 pedestrian -1 -1 -10 613 148 642 226 -1 -1 -1 -1000 -1000 -1000 -10 0.792718
60 13 pedestrian -1 -1 -10 906 99 1104 361 -1 -1 -1 -1000 -1000 -1000 -10 0.845344
60 14 pedestrian -1 -1 -10 541 134 567 217 -1 -1 -1 -1000 -1000 -1000 -10 0.950533
60 15 pedestrian -1 -1 -10 570 143 596 217 -1 -1 -1 -1000 -1000 -1000 -10 0.951459
61 11 pedestrian -1 -1 -10 614 148 646 229 -1 -1 -1 -1000 -1000 -1000 -10 0.875714
61 13 pedestrian -1 -1 -10 923 96 1155 357 -1 -1 -1 -1000 -1000 -1000 -10 0.475231
61 14 pedestrian -1 -1 -10 541 133 568 219 -1 -1 -1 -1000 -1000 -1000 -10 0.962408
61 15 pedestrian -1 -1 -10 572 143 597 218 -1 -1 -1 -1000 -1000 -1000 -10 0.982207
62 11 pedestrian -1 -1 -10 621 150 653 228 -1 -1 -1 -1000 -1000 -1000 -10 0.780122
62 13 pedestrian -1 -1 -10 938 87 1224 370 -1 -1 -1 -1000 -1000 -1000 -10 0.616887
62 14 pedestrian -1 -1 -10 543 136 570 217 -1 -1 -1 -1000 -1000 -1000 -10 0.955208
62 15 pedestrian -1 -1 -10 572 145 598 217 -1 -1 -1 -1000 -1000 -1000 -10 0.98016
63 11 pedestrian -1 -1 -10 622 144 655 237 -1 -1 -1 -1000 -1000 -1000 -10 0.94345
63 13 pedestrian -1 -1 -10 954 85 1224 370 -1 -1 -1 -1000 -1000 -1000 -10 0.631659
63 14 pedestrian -1 -1 -10 544 136 570 217 -1 -1 -1 -1000 -1000 -1000 -10 0.967195
63 15 pedestrian -1 -1 -10 573 144 599 221 -1 -1 -1 -1000 -1000 -1000 -10 0.982808
64 3 pedestrian -1 -1 -10 1010 95 1224 355 -1 -1 -1 -1000 -1000 -1000 -10 0.915594
64 11 pedestrian -1 -1 -10 628 145 661 236 -1 -1 -1 -1000 -1000 -1000 -10 0.974833
64 15 pedestrian -1 -1 -10 575 143 600 220 -1 -1 -1 -1000 -1000 -1000 -10 0.982651
65 3 pedestrian -1 -1 -10 1048 76 1224 358 -1 -1 -1 -1000 -1000 -1000 -10 0.826399
65 11 pedestrian -1 -1 -10 631 145 667 238 -1 -1 -1 -1000 -1000 -1000 -10 0.958737
65 14 pedestrian -1 -1 -10 547 138 572 217 -1 -1 -1 -1000 -1000 -1000 -10 0.889063
65 15 pedestrian -1 -1 -10 575 144 602 221 -1 -1 -1 -1000 -1000 -1000 -10 0.983517
66 11 pedestrian -1 -1 -10 633 149 676 245 -1 -1 -1 -1000 -1000 -1000 -10 0.919014
66 14 pedestrian -1 -1 -10 549 135 575 220 -1 -1 -1 -1000 -1000 -1000 -10 0.97508
66 15 pedestrian -1 -1 -10 576 144 603 221 -1 -1 -1 -1000 -1000 -1000 -10 0.925202
67 11 pedestrian -1 -1 -10 635 146 676 250 -1 -1 -1 -1000 -1000 -1000 -10 0.987356
67 14 pedestrian -1 -1 -10 549 135 576 221 -1 -1 -1 -1000 -1000 -1000 -10 0.990648
67 15 pedestrian -1 -1 -10 582 144 608 220 -1 -1 -1 -1000 -1000 -1000 -10 0.987251
68 11 pedestrian -1 -1 -10 641 147 677 249 -1 -1 -1 -1000 -1000 -1000 -10 0.930402
68 14 pedestrian -1 -1 -10 549 133 578 223 -1 -1 -1 -1000 -1000 -1000 -10 0.993064
68 15 pedestrian -1 -1 -10 583 144 611 221 -1 -1 -1 -1000 -1000 -1000 -10 0.987106
69 11 pedestrian -1 -1 -10 649 141 685 256 -1 -1 -1 -1000 -1000 -1000 -10 0.94149
69 14 pedestrian -1 -1 -10 551 133 578 224 -1 -1 -1 -1000 -1000 -1000 -10 0.994502
69 15 pedestrian -1 -1 -10 585 144 613 219 -1 -1 -1 -1000 -1000 -1000 -10 0.984645
70 11 pedestrian -1 -1 -10 659 144 692 254 -1 -1 -1 -1000 -1000 -1000 -10 0.878128
70 14 pedestrian -1 -1 -10 551 133 579 222 -1 -1 -1 -1000 -1000 -1000 -10 0.994262
70 15 pedestrian -1 -1 -10 588 143 618 220 -1 -1 -1 -1000 -1000 -1000 -10 0.978831
71 11 pedestrian -1 -1 -10 660 147 699 256 -1 -1 -1 -1000 -1000 -1000 -10 0.918571
71 14 pedestrian -1 -1 -10 550 129 579 225 -1 -1 -1 -1000 -1000 -1000 -10 0.993193
71 15 pedestrian -1 -1 -10 592 141 620 222 -1 -1 -1 -1000 -1000 -1000 -10 0.982876
72 11 pedestrian -1 -1 -10 666 145 704 258 -1 -1 -1 -1000 -1000 -1000 -10 0.794529
72 14 pedestrian -1 -1 -10 550 134 581 223 -1 -1 -1 -1000 -1000 -1000 -10 0.993832
72 15 pedestrian -1 -1 -10 593 142 622 223 -1 -1 -1 -1000 -1000 -1000 -10 0.984939
73 11 pedestrian -1 -1 -10 669 153 712 263 -1 -1 -1 -1000 -1000 -1000 -10 0.963277
73 14 pedestrian -1 -1 -10 551 137 581 222 -1 -1 -1 -1000 -1000 -1000 -10 0.992572
73 15 pedestrian -1 -1 -10 594 142 624 224 -1 -1 -1 -1000 -1000 -1000 -10 0.959495
74 11 pedestrian -1 -1 -10 678 147 716 258 -1 -1 -1 -1000 -1000 -1000 -10 0.970714
74 14 pedestrian -1 -1 -10 551 135 582 223 -1 -1 -1 -1000 -1000 -1000 -10 0.992667
74 15 pedestrian -1 -1 -10 599 142 627 223 -1 -1 -1 -1000 -1000 -1000 -10 0.977658
75 11 pedestrian -1 -1 -10 681 151 732 264 -1 -1 -1 -1000 -1000 -1000 -10 0.97207
75 14 pedestrian -1 -1 -10 552 134 582 227 -1 -1 -1 -1000 -1000 -1000 -10 0.995728
75 15 pedestrian -1 -1 -10 601 142 633 223 -1 -1 -1 -1000 -1000 -1000 -10 0.984286
76 11 pedestrian -1 -1 -10 685 149 736 266 -1 -1 -1 -1000 -1000 -1000 -10 0.988296
76 14 pedestrian -1 -1 -10 552 134 584 226 -1 -1 -1 -1000 -1000 -1000 -10 0.989161
76 15 pedestrian -1 -1 -10 604 148 635 223 -1 -1 -1 -1000 -1000 -1000 -10 0.938366
77 11 pedestrian -1 -1 -10 693 152 738 264 -1 -1 -1 -1000 -1000 -1000 -10 0.936729
77 14 pedestrian -1 -1 -10 557 133 586 227 -1 -1 -1 -1000 -1000 -1000 -10 0.953092
77 15 pedestrian -1 -1 -10 608 148 639 224 -1 -1 -1 -1000 -1000 -1000 -10 0.869119
78 11 pedestrian -1 -1 -10 700 153 739 266 -1 -1 -1 -1000 -1000 -1000 -10 0.98024
78 14 pedestrian -1 -1 -10 557 134 587 226 -1 -1 -1 -1000 -1000 -1000 -10 0.97718
78 15 pedestrian -1 -1 -10 608 144 640 227 -1 -1 -1 -1000 -1000 -1000 -10 0.949538
79 11 pedestrian -1 -1 -10 707 150 747 271 -1 -1 -1 -1000 -1000 -1000 -10 0.959277
79 14 pedestrian -1 -1 -10 557 135 588 226 -1 -1 -1 -1000 -1000 -1000 -10 0.99225
79 15 pedestrian -1 -1 -10 610 145 644 227 -1 -1 -1 -1000 -1000 -1000 -10 0.9699
79 16 pedestrian -1 -1 -10 672 147 699 228 -1 -1 -1 -1000 -1000 -1000 -10 0.970947
80 11 pedestrian -1 -1 -10 717 148 760 274 -1 -1 -1 -1000 -1000 -1000 -10 0.955351
80 14 pedestrian -1 -1 -10 558 136 590 226 -1 -1 -1 -1000 -1000 -1000 -10 0.997387
80 15 pedestrian -1 -1 -10 614 143 647 230 -1 -1 -1 -1000 -1000 -1000 -10 0.964903
80 16 pedestrian -1 -1 -10 674 148 702 229 -1 -1 -1 -1000 -1000 -1000 -10 0.989905
81 11 pedestrian -1 -1 -10 715 149 766 277 -1 -1 -1 -1000 -1000 -1000 -10 0.90115
81 14 pedestrian -1 -1 -10 559 134 592 228 -1 -1 -1 -1000 -1000 -1000 -10 0.99362
81 15 pedestrian -1 -1 -10 616 147 651 229 -1 -1 -1 -1000 -1000 -1000 -10 0.980039
81 16 pedestrian -1 -1 -10 676 148 704 231 -1 -1 -1 -1000 -1000 -1000 -10 0.956007
82 11 pedestrian -1 -1 -10 718 147 775 287 -1 -1 -1 -1000 -1000 -1000 -10 0.885036
82 14 pedestrian -1 -1 -10 560 135 594 227 -1 -1 -1 -1000 -1000 -1000 -10 0.993319
82 15 pedestrian -1 -1 -10 618 146 653 233 -1 -1 -1 -1000 -1000 -1000 -10 0.99494
82 16 pedestrian -1 -1 -10 682 148 708 230 -1 -1 -1 -1000 -1000 -1000 -10 0.933756
83 11 pedestrian -1 -1 -10 733 141 785 289 -1 -1 -1 -1000 -1000 -1000 -10 0.930952
83 14 pedestrian -1 -1 -10 562 135 596 227 -1 -1 -1 -1000 -1000 -1000 -10 0.986649
83 15 pedestrian -1 -1 -10 619 146 656 232 -1 -1 -1 -1000 -1000 -1000 -10 0.992019
83 16 pedestrian -1 -1 -10 682 150 710 229 -1 -1 -1 -1000 -1000 -1000 -10 0.98304
84 11 pedestrian -1 -1 -10 744 140 795 295 -1 -1 -1 -1000 -1000 -1000 -10 0.961394
84 14 pedestrian -1 -1 -10 560 135 598 227 -1 -1 -1 -1000 -1000 -1000 -10 0.982001
84 15 pedestrian -1 -1 -10 627 149 660 230 -1 -1 -1 -1000 -1000 -1000 -10 0.977917
84 16 pedestrian -1 -1 -10 683 152 714 230 -1 -1 -1 -1000 -1000 -1000 -10 0.992282
85 11 pedestrian -1 -1 -10 750 141 807 298 -1 -1 -1 -1000 -1000 -1000 -10 0.993572
85 14 pedestrian -1 -1 -10 565 135 601 230 -1 -1 -1 -1000 -1000 -1000 -10 0.974385
85 15 pedestrian -1 -1 -10 628 149 662 232 -1 -1 -1 -1000 -1000 -1000 -10 0.995463
85 16 pedestrian -1 -1 -10 691 150 720 230 -1 -1 -1 -1000 -1000 -1000 -10 0.927547
86 11 pedestrian -1 -1 -10 752 142 813 301 -1 -1 -1 -1000 -1000 -1000 -10 0.997754
86 14 pedestrian -1 -1 -10 567 129 605 246 -1 -1 -1 -1000 -1000 -1000 -10 0.993903
86 15 pedestrian -1 -1 -10 629 149 666 233 -1 -1 -1 -1000 -1000 -1000 -10 0.994008
86 16 pedestrian -1 -1 -10 693 149 721 232 -1 -1 -1 -1000 -1000 -1000 -10 0.983201
87 11 pedestrian -1 -1 -10 755 141 820 303 -1 -1 -1 -1000 -1000 -1000 -10 0.987861
87 14 pedestrian -1 -1 -10 572 134 607 229 -1 -1 -1 -1000 -1000 -1000 -10 0.945779
87 15 pedestrian -1 -1 -10 631 148 667 236 -1 -1 -1 -1000 -1000 -1000 -10 0.993756
88 11 pedestrian -1 -1 -10 773 143 831 302 -1 -1 -1 -1000 -1000 -1000 -10 0.935875
88 14 pedestrian -1 -1 -10 576 132 612 241 -1 -1 -1 -1000 -1000 -1000 -10 0.986244
88 15 pedestrian -1 -1 -10 632 145 668 235 -1 -1 -1 -1000 -1000 -1000 -10 0.995093
88 16 pedestrian -1 -1 -10 696 150 729 231 -1 -1 -1 -1000 -1000 -1000 -10 0.951393
89 11 pedestrian -1 -1 -10 781 144 837 314 -1 -1 -1 -1000 -1000 -1000 -10 0.916923
89 14 pedestrian -1 -1 -10 578 132 613 240 -1 -1 -1 -1000 -1000 -1000 -10 0.983967
89 15 pedestrian -1 -1 -10 633 146 670 238 -1 -1 -1 -1000 -1000 -1000 -10 0.980232
89 16 pedestrian -1 -1 -10 704 151 732 234 -1 -1 -1 -1000 -1000 -1000 -10 0.968899
90 11 pedestrian -1 -1 -10 791 144 853 316 -1 -1 -1 -1000 -1000 -1000 -10 0.988121
90 14 pedestrian -1 -1 -10 579 136 615 239 -1 -1 -1 -1000 -1000 -1000 -10 0.994432
90 15 pedestrian -1 -1 -10 636 147 672 240 -1 -1 -1 -1000 -1000 -1000 -10 0.981652
90 16 pedestrian -1 -1 -10 706 149 735 235 -1 -1 -1 -1000 -1000 -1000 -10 0.964409
91 11 pedestrian -1 -1 -10 788 142 867 323 -1 -1 -1 -1000 -1000 -1000 -10 0.993872
91 14 pedestrian -1 -1 -10 584 135 621 243 -1 -1 -1 -1000 -1000 -1000 -10 0.971947
91 15 pedestrian -1 -1 -10 639 144 674 249 -1 -1 -1 -1000 -1000 -1000 -10 0.97007
91 16 pedestrian -1 -1 -10 713 149 740 235 -1 -1 -1 -1000 -1000 -1000 -10 0.912942
92 11 pedestrian -1 -1 -10 807 146 876 318 -1 -1 -1 -1000 -1000 -1000 -10 0.988209
92 14 pedestrian -1 -1 -10 585 133 626 246 -1 -1 -1 -1000 -1000 -1000 -10 0.988651
92 15 pedestrian -1 -1 -10 640 144 677 242 -1 -1 -1 -1000 -1000 -1000 -10 0.961383
92 16 pedestrian -1 -1 -10 714 151 742 235 -1 -1 -1 -1000 -1000 -1000 -10 0.976531
93 11 pedestrian -1 -1 -10 822 142 889 326 -1 -1 -1 -1000 -1000 -1000 -10 0.975527
93 14 pedestrian -1 -1 -10 586 134 629 248 -1 -1 -1 -1000 -1000 -1000 -10 0.992083
93 15 pedestrian -1 -1 -10 641 145 676 249 -1 -1 -1 -1000 -1000 -1000 -10 0.981257
93 16 pedestrian -1 -1 -10 714 151 749 236 -1 -1 -1 -1000 -1000 -1000 -10 0.960821
94 11 pedestrian -1 -1 -10 838 142 904 330 -1 -1 -1 -1000 -1000 -1000 -10 0.9947
94 14 pedestrian -1 -1 -10 585 137 630 246 -1 -1 -1 -1000 -1000 -1000 -10 0.991974
94 15 pedestrian -1 -1 -10 642 145 678 250 -1 -1 -1 -1000 -1000 -1000 -10 0.967169
94 16 pedestrian -1 -1 -10 722 151 752 236 -1 -1 -1 -1000 -1000 -1000 -10 0.965993
95 11 pedestrian -1 -1 -10 843 144 926 333 -1 -1 -1 -1000 -1000 -1000 -10 0.997936
95 14 pedestrian -1 -1 -10 585 134 633 252 -1 -1 -1 -1000 -1000 -1000 -10 0.957633
95 15 pedestrian -1 -1 -10 646 151 683 248 -1 -1 -1 -1000 -1000 -1000 -10 0.962172
95 16 pedestrian -1 -1 -10 724 154 758 239 -1 -1 -1 -1000 -1000 -1000 -10 0.927679
96 11 pedestrian -1 -1 -10 847 147 939 336 -1 -1 -1 -1000 -1000 -1000 -10 0.993493
96 14 pedestrian -1 -1 -10 591 132 637 253 -1 -1 -1 -1000 -1000 -1000 -10 0.948193
96 15 pedestrian -1 -1 -10 649 152 686 249 -1 -1 -1 -1000 -1000 -1000 -10 0.982719
96 16 pedestrian -1 -1 -10 733 152 763 240 -1 -1 -1 -1000 -1000 -1000 -10 0.909201
97 11 pedestrian -1 -1 -10 863 140 952 357 -1 -1 -1 -1000 -1000 -1000 -10 0.987216
97 14 pedestrian -1 -1 -10 602 135 644 259 -1 -1 -1 -1000 -1000 -1000 -10 0.931473
97 15 pedestrian -1 -1 -10 649 150 690 254 -1 -1 -1 -1000 -1000 -1000 -10 0.977045
97 16 pedestrian -1 -1 -10 734 150 765 244 -1 -1 -1 -1000 -1000 -1000 -10 0.929964
98 11 pedestrian -1 -1 -10 889 130 964 354 -1 -1 -1 -1000 -1000 -1000 -10 0.903974
98 14 pedestrian -1 -1 -10 605 135 646 259 -1 -1 -1 -1000 -1000 -1000 -10 0.986887
98 15 pedestrian -1 -1 -10 656 152 694 249 -1 -1 -1 -1000 -1000 -1000 -10 0.940177
98 16 pedestrian -1 -1 -10 736 153 773 243 -1 -1 -1 -1000 -1000 -1000 -10 0.919277
99 11 pedestrian -1 -1 -10 909 138 982 365 -1 -1 -1 -1000 -1000 -1000 -10 0.980599
99 14 pedestrian -1 -1 -10 606 136 647 259 -1 -1 -1 -1000 -1000 -1000 -10 0.987671
99 15 pedestrian -1 -1 -10 656 151 696 255 -1 -1 -1 -1000 -1000 -1000 -10 0.988183
99 16 pedestrian -1 -1 -10 743 153 777 245 -1 -1 -1 -1000 -1000 -1000 -10 0.984345
100 11 pedestrian -1 -1 -10 909 144 1005 362 -1 -1 -1 -1000 -1000 -1000 -10 0.976208
100 14 pedestrian -1 -1 -10 608 133 651 262 -1 -1 -1 -1000 -1000 -1000 -10 0.969171
100 15 pedestrian -1 -1 -10 658 147 700 260 -1 -1 -1 -1000 -1000 -1000 -10 0.962849
100 16 pedestrian -1 -1 -10 746 156 781 241 -1 -1 -1 -1000 -1000 -1000 -10 0.956333
101 11 pedestrian -1 -1 -10 919 136 1024 368 -1 -1 -1 -1000 -1000 -1000 -10 0.989375
101 14 pedestrian -1 -1 -10 612 136 655 261 -1 -1 -1 -1000 -1000 -1000 -10 0.985546
101 15 pedestrian -1 -1 -10 661 149 700 266 -1 -1 -1 -1000 -1000 -1000 -10 0.94851
101 16 pedestrian -1 -1 -10 751 152 787 243 -1 -1 -1 -1000 -1000 -1000 -10 0.986327
102 11 pedestrian -1 -1 -10 952 143 1042 362 -1 -1 -1 -1000 -1000 -1000 -10 0.967738
102 14 pedestrian -1 -1 -10 612 135 658 262 -1 -1 -1 -1000 -1000 -1000 -10 0.986992
102 15 pedestrian -1 -1 -10 666 155 705 263 -1 -1 -1 -1000 -1000 -1000 -10 0.959316
102 16 pedestrian -1 -1 -10 753 154 794 246 -1 -1 -1 -1000 -1000 -1000 -10 0.983483
103 11 pedestrian -1 -1 -10 985 136 1066 370 -1 -1 -1 -1000 -1000 -1000 -10 0.960693
103 14 pedestrian -1 -1 -10 614 131 661 266 -1 -1 -1 -1000 -1000 -1000 -10 0.943395
103 15 pedestrian -1 -1 -10 670 152 708 263 -1 -1 -1 -1000 -1000 -1000 -10 0.9755
103 16 pedestrian -1 -1 -10 758 155 800 246 -1 -1 -1 -1000 -1000 -1000 -10 0.988983
104 11 pedestrian -1 -1 -10 997 133 1097 370 -1 -1 -1 -1000 -1000 -1000 -10 0.962166
104 14 pedestrian -1 -1 -10 612 130 667 274 -1 -1 -1 -1000 -1000 -1000 -10 0.922451
104 15 pedestrian -1 -1 -10 674 154 716 264 -1 -1 -1 -1000 -1000 -1000 -10 0.952262
104 16 pedestrian -1 -1 -10 771 156 805 243 -1 -1 -1 -1000 -1000 -1000 -10 0.961525
105 11 pedestrian -1 -1 -10 1002 136 1119 370 -1 -1 -1 -1000 -1000 -1000 -10 0.861932
105 14 pedestrian -1 -1 -10 613 129 670 276 -1 -1 -1 -1000 -1000 -1000 -10 0.93779
105 15 pedestrian -1 -1 -10 677 157 718 264 -1 -1 -1 -1000 -1000 -1000 -10 0.989399
105 16 pedestrian -1 -1 -10 773 152 810 251 -1 -1 -1 -1000 -1000 -1000 -10 0.987695
106 11 pedestrian -1 -1 -10 1030 140 1146 368 -1 -1 -1 -1000 -1000 -1000 -10 0.891494
106 14 pedestrian -1 -1 -10 616 130 670 285 -1 -1 -1 -1000 -1000 -1000 -10 0.966708
106 15 pedestrian -1 -1 -10 681 153 722 273 -1 -1 -1 -1000 -1000 -1000 -10 0.982421
106 16 pedestrian -1 -1 -10 780 151 817 253 -1 -1 -1 -1000 -1000 -1000 -10 0.954406
107 11 pedestrian -1 -1 -10 1057 132 1169 370 -1 -1 -1 -1000 -1000 -1000 -10 0.919285
107 14 pedestrian -1 -1 -10 619 130 673 286 -1 -1 -1 -1000 -1000 -1000 -10 0.943063
107 15 pedestrian -1 -1 -10 685 154 729 272 -1 -1 -1 -1000 -1000 -1000 -10 0.972815
107 16 pedestrian -1 -1 -10 783 149 823 257 -1 -1 -1 -1000 -1000 -1000 -10 0.973155
108 11 pedestrian -1 -1 -10 1084 117 1186 370 -1 -1 -1 -1000 -1000 -1000 -10 0.849259
108 14 pedestrian -1 -1 -10 621 133 676 284 -1 -1 -1 -1000 -1000 -1000 -10 0.958445
108 15 pedestrian -1 -1 -10 687 148 737 277 -1 -1 -1 -1000 -1000 -1000 -10 0.869427
108 16 pedestrian -1 -1 -10 789 154 830 260 -1 -1 -1 -1000 -1000 -1000 -10 0.93677
109 11 pedestrian -1 -1 -10 1106 116 1216 369 -1 -1 -1 -1000 -1000 -1000 -10 0.685852
109 14 pedestrian -1 -1 -10 627 129 682 290 -1 -1 -1 -1000 -1000 -1000 -10 0.972527
109 15 pedestrian -1 -1 -10 692 143 744 287 -1 -1 -1 -1000 -1000 -1000 -10 0.932321
109 16 pedestrian -1 -1 -10 793 152 834 264 -1 -1 -1 -1000 -1000 -1000 -10 0.962659
110 11 pedestrian -1 -1 -10 1104 139 1224 365 -1 -1 -1 -1000 -1000 -1000 -10 0.914571
110 14 pedestrian -1 -1 -10 633 128 684 296 -1 -1 -1 -1000 -1000 -1000 -10 0.98601
110 15 pedestrian -1 -1 -10 696 154 743 286 -1 -1 -1 -1000 -1000 -1000 -10 0.926413
110 16 pedestrian -1 -1 -10 800 156 839 261 -1 -1 -1 -1000 -1000 -1000 -10 0.974857
111 11 pedestrian -1 -1 -10 1159 139 1224 339 -1 -1 -1 -1000 -1000 -1000 -10 0.345853
111 14 pedestrian -1 -1 -10 636 133 691 294 -1 -1 -1 -1000 -1000 -1000 -10 0.99717
111 15 pedestrian -1 -1 -10 696 146 749 292 -1 -1 -1 -1000 -1000 -1000 -10 0.959593
111 16 pedestrian -1 -1 -10 801 149 849 267 -1 -1 -1 -1000 -1000 -1000 -10 0.946454
112 14 pedestrian -1 -1 -10 637 136 695 295 -1 -1 -1 -1000 -1000 -1000 -10 0.994472
112 15 pedestrian -1 -1 -10 703 151 757 290 -1 -1 -1 -1000 -1000 -1000 -10 0.968805
112 16 pedestrian -1 -1 -10 806 146 859 272 -1 -1 -1 -1000 -1000 -1000 -10 0.966864
113 14 pedestrian -1 -1 -10 639 132 699 302 -1 -1 -1 -1000 -1000 -1000 -10 0.990942
113 15 pedestrian -1 -1 -10 711 149 763 292 -1 -1 -1 -1000 -1000 -1000 -10 0.966709
113 16 pedestrian -1 -1 -10 814 152 866 268 -1 -1 -1 -1000 -1000 -1000 -10 0.974139
114 14 pedestrian -1 -1 -10 639 127 703 308 -1 -1 -1 -1000 -1000 -1000 -10 0.989597
114 15 pedestrian -1 -1 -10 712 149 767 295 -1 -1 -1 -1000 -1000 -1000 -10 0.979746
114 16 pedestrian -1 -1 -10 829 150 871 268 -1 -1 -1 -1000 -1000 -1000 -10 0.953374
115 14 pedestrian -1 -1 -10 644 129 708 309 -1 -1 -1 -1000 -1000 -1000 -10 0.996729
115 15 pedestrian -1 -1 -10 718 150 779 296 -1 -1 -1 -1000 -1000 -1000 -10 0.944423
115 16 pedestrian -1 -1 -10 829 149 878 275 -1 -1 -1 -1000 -1000 -1000 -10 0.971642
116 14 pedestrian -1 -1 -10 647 135 711 307 -1 -1 -1 -1000 -1000 -1000 -10 0.997975
116 15 pedestrian -1 -1 -10 720 151 781 308 -1 -1 -1 -1000 -1000 -1000 -10 0.980904
116 16 pedestrian -1 -1 -10 838 144 883 281 -1 -1 -1 -1000 -1000 -1000 -10 0.851763
117 14 pedestrian -1 -1 -10 648 131 713 313 -1 -1 -1 -1000 -1000 -1000 -10 0.989934
117 15 pedestrian -1 -1 -10 730 150 786 310 -1 -1 -1 -1000 -1000 -1000 -10 0.989605
117 16 pedestrian -1 -1 -10 845 150 902 283 -1 -1 -1 -1000 -1000 -1000 -10 0.977392
118 14 pedestrian -1 -1 -10 656 126 722 334 -1 -1 -1 -1000 -1000 -1000 -10 0.992346
118 15 pedestrian -1 -1 -10 729 150 793 313 -1 -1 -1 -1000 -1000 -1000 -10 0.997413
118 16 pedestrian -1 -1 -10 853 150 909 288 -1 -1 -1 -1000 -1000 -1000 -10 0.9721
119 14 pedestrian -1 -1 -10 672 123 724 334 -1 -1 -1 -1000 -1000 -1000 -10 0.978944
119 15 pedestrian -1 -1 -10 732 152 800 319 -1 -1 -1 -1000 -1000 -1000 -10 0.997221
119 16 pedestrian -1 -1 -10 859 148 916 289 -1 -1 -1 -1000 -1000 -1000 -10 0.929877
120 14 pedestrian -1 -1 -10 673 125 729 335 -1 -1 -1 -1000 -1000 -1000 -10 0.996588
120 15 pedestrian -1 -1 -10 733 150 805 326 -1 -1 -1 -1000 -1000 -1000 -10 0.994192
120 16 pedestrian -1 -1 -10 870 148 923 291 -1 -1 -1 -1000 -1000 -1000 -10 0.917304
121 14 pedestrian -1 -1 -10 674 128 739 337 -1 -1 -1 -1000 -1000 -1000 -10 0.995664
121 15 pedestrian -1 -1 -10 736 148 810 334 -1 -1 -1 -1000 -1000 -1000 -10 0.955367
121 16 pedestrian -1 -1 -10 878 152 934 288 -1 -1 -1 -1000 -1000 -1000 -10 0.976242
122 14 pedestrian -1 -1 -10 684 123 750 342 -1 -1 -1 -1000 -1000 -1000 -10 0.98172
122 15 pedestrian -1 -1 -10 748 150 815 332 -1 -1 -1 -1000 -1000 -1000 -10 0.990805
122 16 pedestrian -1 -1 -10 886 148 950 297 -1 -1 -1 -1000 -1000 -1000 -10 0.984662
123 14 pedestrian -1 -1 -10 684 127 760 348 -1 -1 -1 -1000 -1000 -1000 -10 0.99436
123 15 pedestrian -1 -1 -10 758 146 827 341 -1 -1 -1 -1000 -1000 -1000 -10 0.979403
123 16 pedestrian -1 -1 -10 899 152 959 293 -1 -1 -1 -1000 -1000 -1000 -10 0.975544
124 14 pedestrian -1 -1 -10 689 123 766 352 -1 -1 -1 -1000 -1000 -1000 -10 0.996947
124 15 pedestrian -1 -1 -10 767 152 835 334 -1 -1 -1 -1000 -1000 -1000 -10 0.975549
124 16 pedestrian -1 -1 -10 914 152 970 304 -1 -1 -1 -1000 -1000 -1000 -10 0.910712
125 14 pedestrian -1 -1 -10 688 112 775 368 -1 -1 -1 -1000 -1000 -1000 -10 0.981492
125 15 pedestrian -1 -1 -10 778 154 840 353 -1 -1 -1 -1000 -1000 -1000 -10 0.990996
125 16 pedestrian -1 -1 -10 923 146 982 297 -1 -1 -1 -1000 -1000 -1000 -10 0.891776
126 14 pedestrian -1 -1 -10 692 113 785 369 -1 -1 -1 -1000 -1000 -1000 -10 0.981324
126 15 pedestrian -1 -1 -10 777 148 850 361 -1 -1 -1 -1000 -1000 -1000 -10 0.961877
126 16 pedestrian -1 -1 -10 934 151 1001 308 -1 -1 -1 -1000 -1000 -1000 -10 0.99543
127 14 pedestrian -1 -1 -10 697 119 787 367 -1 -1 -1 -1000 -1000 -1000 -10 0.984541
127 15 pedestrian -1 -1 -10 785 153 865 355 -1 -1 -1 -1000 -1000 -1000 -10 0.988267
127 16 pedestrian -1 -1 -10 944 155 1015 311 -1 -1 -1 -1000 -1000 -1000 -10 0.977405
128 14 pedestrian -1 -1 -10 704 117 797 369 -1 -1 -1 -1000 -1000 -1000 -10 0.951981
128 15 pedestrian -1 -1 -10 792 149 875 362 -1 -1 -1 -1000 -1000 -1000 -10 0.977472
128 16 pedestrian -1 -1 -10 959 152 1025 312 -1 -1 -1 -1000 -1000 -1000 -10 0.99254
129 14 pedestrian -1 -1 -10 721 117 806 370 -1 -1 -1 -1000 -1000 -1000 -10 0.967905
129 15 pedestrian -1 -1 -10 797 153 890 362 -1 -1 -1 -1000 -1000 -1000 -10 0.986138
129 16 pedestrian -1 -1 -10 969 152 1031 313 -1 -1 -1 -1000 -1000 -1000 -10 0.928439
130 14 pedestrian -1 -1 -10 733 109 810 370 -1 -1 -1 -1000 -1000 -1000 -10 0.74415
130 15 pedestrian -1 -1 -10 808 151 896 363 -1 -1 -1 -1000 -1000 -1000 -10 0.9867
130 16 pedestrian -1 -1 -10 981 150 1045 316 -1 -1 -1 -1000 -1000 -1000 -10 0.996718
131 14 pedestrian -1 -1 -10 737 121 824 362 -1 -1 -1 -1000 -1000 -1000 -10 0.967642
131 15 pedestrian -1 -1 -10 819 147 913 364 -1 -1 -1 -1000 -1000 -1000 -10 0.981475
131 16 pedestrian -1 -1 -10 991 152 1069 318 -1 -1 -1 -1000 -1000 -1000 -10 0.994891
132 14 pedestrian -1 -1 -10 739 122 839 364 -1 -1 -1 -1000 -1000 -1000 -10 0.952312
132 15 pedestrian -1 -1 -10 837 142 930 370 -1 -1 -1 -1000 -1000 -1000 -10 0.93174
132 16 pedestrian -1 -1 -10 1009 150 1083 320 -1 -1 -1 -1000 -1000 -1000 -10 0.977149
133 14 pedestrian -1 -1 -10 754 120 851 363 -1 -1 -1 -1000 -1000 -1000 -10 0.958763
133 15 pedestrian -1 -1 -10 841 147 947 367 -1 -1 -1 -1000 -1000 -1000 -10 0.899611
133 16 pedestrian -1 -1 -10 1024 150 1093 326 -1 -1 -1 -1000 -1000 -1000 -10 0.982981
134 14 pedestrian -1 -1 -10 761 116 854 370 -1 -1 -1 -1000 -1000 -1000 -10 0.871379
134 15 pedestrian -1 -1 -10 856 150 966 368 -1 -1 -1 -1000 -1000 -1000 -10 0.953005
134 16 pedestrian -1 -1 -10 1039 147 1112 334 -1 -1 -1 -1000 -1000 -1000 -10 0.942476
135 14 pedestrian -1 -1 -10 771 108 878 370 -1 -1 -1 -1000 -1000 -1000 -10 0.939949
135 15 pedestrian -1 -1 -10 877 146 982 370 -1 -1 -1 -1000 -1000 -1000 -10 0.954067
135 16 pedestrian -1 -1 -10 1051 148 1140 350 -1 -1 -1 -1000 -1000 -1000 -10 0.984706
136 14 pedestrian -1 -1 -10 775 104 884 370 -1 -1 -1 -1000 -1000 -1000 -10 0.929077
136 15 pedestrian -1 -1 -10 893 152 1001 363 -1 -1 -1 -1000 -1000 -1000 -10 0.957342
136 16 pedestrian -1 -1 -10 1069 149 1163 353 -1 -1 -1 -1000 -1000 -1000 -10 0.992837
137 14 pedestrian -1 -1 -10 756 108 912 368 -1 -1 -1 -1000 -1000 -1000 -10 0.888585
137 15 pedestrian -1 -1 -10 906 155 1025 358 -1 -1 -1 -1000 -1000 -1000 -10 0.832864
137 16 pedestrian -1 -1 -10 1084 151 1183 354 -1 -1 -1 -1000 -1000 -1000 -10 0.97736
138 14 pedestrian -1 -1 -10 771 110 923 365 -1 -1 -1 -1000 -1000 -1000 -10 0.930054
138 15 pedestrian -1 -1 -10 904 144 1044 370 -1 -1 -1 -1000 -1000 -1000 -10 0.68725
138 16 pedestrian -1 -1 -10 1101 145 1197 360 -1 -1 -1 -1000 -1000 -1000 -10 0.873564
139 14 pedestrian -1 -1 -10 787 97 943 370 -1 -1 -1 -1000 -1000 -1000 -10 0.966386
139 15 pedestrian -1 -1 -10 913 150 1080 364 -1 -1 -1 -1000 -1000 -1000 -10 0.848727
139 16 pedestrian -1 -1 -10 1114 139 1212 364 -1 -1 -1 -1000 -1000 -1000 -10 0.906227
140 14 pedestrian -1 -1 -10 805 92 965 370 -1 -1 -1 -1000 -1000 -1000 -10 0.917056
140 15 pedestrian -1 -1 -10 942 138 1114 370 -1 -1 -1 -1000 -1000 -1000 -10 0.848991
140 16 pedestrian -1 -1 -10 1132 133 1224 370 -1 -1 -1 -1000 -1000 -1000 -10 0.494818
141 14 pedestrian -1 -1 -10 827 94 992 367 -1 -1 -1 -1000 -1000 -1000 -10 0.907717
141 15 pedestrian -1 -1 -10 957 141 1126 368 -1 -1 -1 -1000 -1000 -1000 -10 0.888897
142 14 pedestrian -1 -1 -10 843 98 1002 370 -1 -1 -1 -1000 -1000 -1000 -10 0.896354
142 15 pedestrian -1 -1 -10 987 147 1156 369 -1 -1 -1 -1000 -1000 -1000 -10 0.888293
143 14 pedestrian -1 -1 -10 862 99 1040 370 -1 -1 -1 -1000 -1000 -1000 -10 0.939342
143 15 pedestrian -1 -1 -10 992 149 1197 364 -1 -1 -1 -1000 -1000 -1000 -10 0.936315
144 14 pedestrian -1 -1 -10 885 95 1054 370 -1 -1 -1 -1000 -1000 -1000 -10 0.872204
144 15 pedestrian -1 -1 -10 1025 156 1224 361 -1 -1 -1 -1000 -1000 -1000 -10 0.978332
