0 0 car -1 -1 -10 100 168 218 227 -1 -1 -1 -1000 -1000 -1000 -10 0.999975
0 1 car -1 -1 -10 0 179 105 238 -1 -1 -1 -1000 -1000 -1000 -10 0.999963
0 2 car -1 -1 -10 204 177 291 216 -1 -1 -1 -1000 -1000 -1000 -10 0.977643
1 0 car -1 -1 -10 67 168 194 229 -1 -1 -1 -1000 -1000 -1000 -10 0.99999
1 1 car -1 -1 -10 0 178 74 243 -1 -1 -1 -1000 -1000 -1000 -10 0.999026
1 2 car -1 -1 -10 187 179 270 218 -1 -1 -1 -1000 -1000 -1000 -10 0.998668
2 0 car -1 -1 -10 27 173 180 232 -1 -1 -1 -1000 -1000 -1000 -10 0.999924
2 1 car -1 -1 -10 0 185 39 244 -1 -1 -1 -1000 -1000 -1000 -10 0.985252
2 2 car -1 -1 -10 162 181 254 221 -1 -1 -1 -1000 -1000 -1000 -10 0.999622
3 0 car -1 -1 -10 0 175 149 237 -1 -1 -1 -1000 -1000 -1000 -10 0.999968
3 2 car -1 -1 -10 140 181 234 224 -1 -1 -1 -1000 -1000 -1000 -10 0.999933
4 0 car -1 -1 -10 0 172 119 245 -1 -1 -1 -1000 -1000 -1000 -10 0.999829
4 2 car -1 -1 -10 114 181 215 228 -1 -1 -1 -1000 -1000 -1000 -10 0.999957
5 0 car -1 -1 -10 0 169 84 244 -1 -1 -1 -1000 -1000 -1000 -10 0.999914
5 2 car -1 -1 -10 83 179 189 231 -1 -1 -1 -1000 -1000 -1000 -10 0.999965
6 0 car -1 -1 -10 0 175 49 243 -1 -1 -1 -1000 -1000 -1000 -10 0.994933
6 2 car -1 -1 -10 48 179 167 231 -1 -1 -1 -1000 -1000 -1000 -10 0.999988
7 2 car -1 -1 -10 6 177 141 232 -1 -1 -1 -1000 -1000 -1000 -10 0.999986
8 2 car -1 -1 -10 0 181 109 237 -1 -1 -1 -1000 -1000 -1000 -10 0.998225
9 2 car -1 -1 -10 0 176 85 235 -1 -1 -1 -1000 -1000 -1000 -10 0.993203
15 0 car -1 -1 -10 0 174 49 245 -1 -1 -1 -1000 -1000 -1000 -10 0.653244
39 3 car -1 -1 -10 571 172 600 189 -1 -1 -1 -1000 -1000 -1000 -10 0.997606
40 3 car -1 -1 -10 567 173 593 189 -1 -1 -1 -1000 -1000 -1000 -10 0.989804
41 3 car -1 -1 -10 561 173 590 190 -1 -1 -1 -1000 -1000 -1000 -10 0.998258
42 3 car -1 -1 -10 556 173 583 191 -1 -1 -1 -1000 -1000 -1000 -10 0.999079
43 3 car -1 -1 -10 548 173 579 192 -1 -1 -1 -1000 -1000 -1000 -10 0.999538
44 3 car -1 -1 -10 541 173 573 192 -1 -1 -1 -1000 -1000 -1000 -10 0.997927
45 3 car -1 -1 -10 535 175 569 195 -1 -1 -1 -1000 -1000 -1000 -10 0.999865
46 3 car -1 -1 -10 528 178 561 198 -1 -1 -1 -1000 -1000 -1000 -10 0.999553
47 3 car -1 -1 -10 520 177 556 199 -1 -1 -1 -1000 -1000 -1000 -10 0.998939
48 3 car -1 -1 -10 511 177 549 198 -1 -1 -1 -1000 -1000 -1000 -10 0.999058
49 3 car -1 -1 -10 501 178 541 201 -1 -1 -1 -1000 -1000 -1000 -10 0.999135
50 3 car -1 -1 -10 491 177 533 201 -1 -1 -1 -1000 -1000 -1000 -10 0.999543
51 3 car -1 -1 -10 479 176 524 200 -1 -1 -1 -1000 -1000 -1000 -10 0.999551
52 3 car -1 -1 -10 466 177 514 201 -1 -1 -1 -1000 -1000 -1000 -10 0.999769
52 4 car -1 -1 -10 713 174 738 197 -1 -1 -1 -1000 -1000 -1000 -10 0.996483
52 5 car -1 -1 -10 887 166 928 184 -1 -1 -1 -1000 -1000 -1000 -10 0.96812
53 3 car -1 -1 -10 453 178 502 203 -1 -1 -1 -1000 -1000 -1000 -10 0.999675
53 4 car -1 -1 -10 710 175 737 198 -1 -1 -1 -1000 -1000 -1000 -10 0.998167
53 5 car -1 -1 -10 886 166 927 185 -1 -1 -1 -1000 -1000 -1000 -10 0.996138
54 3 car -1 -1 -10 440 178 490 205 -1 -1 -1 -1000 -1000 -1000 -10 0.999718
54 4 car -1 -1 -10 709 174 735 198 -1 -1 -1 -1000 -1000 -1000 -10 0.999579
54 5 car -1 -1 -10 886 166 927 185 -1 -1 -1 -1000 -1000 -1000 -10 0.997903
55 3 car -1 -1 -10 424 177 477 206 -1 -1 -1 -1000 -1000 -1000 -10 0.999859
55 4 car -1 -1 -10 706 173 735 199 -1 -1 -1 -1000 -1000 -1000 -10 0.999514
55 5 car -1 -1 -10 885 166 929 184 -1 -1 -1 -1000 -1000 -1000 -10 0.992783
56 3 car -1 -1 -10 404 178 464 208 -1 -1 -1 -1000 -1000 -1000 -10 0.999566
56 4 car -1 -1 -10 705 173 735 199 -1 -1 -1 -1000 -1000 -1000 -10 0.999659
56 5 car -1 -1 -10 887 165 930 183 -1 -1 -1 -1000 -1000 -1000 -10 0.99134
57 3 car -1 -1 -10 387 178 449 211 -1 -1 -1 -1000 -1000 -1000 -10 0.999983
57 4 car -1 -1 -10 705 174 734 201 -1 -1 -1 -1000 -1000 -1000 -10 0.998338
57 5 car -1 -1 -10 883 166 930 184 -1 -1 -1 -1000 -1000 -1000 -10 0.985579
58 3 car -1 -1 -10 368 182 431 215 -1 -1 -1 -1000 -1000 -1000 -10 0.999912
58 4 car -1 -1 -10 702 176 733 203 -1 -1 -1 -1000 -1000 -1000 -10 0.999905
58 5 car -1 -1 -10 885 166 931 185 -1 -1 -1 -1000 -1000 -1000 -10 0.954186
59 3 car -1 -1 -10 344 182 414 217 -1 -1 -1 -1000 -1000 -1000 -10 0.999909
59 4 car -1 -1 -10 700 176 732 204 -1 -1 -1 -1000 -1000 -1000 -10 0.999932
59 5 car -1 -1 -10 887 167 931 185 -1 -1 -1 -1000 -1000 -1000 -10 0.89599
59 6 car -1 -1 -10 821 170 867 185 -1 -1 -1 -1000 -1000 -1000 -10 0.555733
60 3 car -1 -1 -10 318 180 393 219 -1 -1 -1 -1000 -1000 -1000 -10 0.999963
60 4 car -1 -1 -10 698 175 732 203 -1 -1 -1 -1000 -1000 -1000 -10 0.999813
60 5 car -1 -1 -10 883 166 930 185 -1 -1 -1 -1000 -1000 -1000 -10 0.932086
60 6 car -1 -1 -10 818 170 864 185 -1 -1 -1 -1000 -1000 -1000 -10 0.532261
61 3 car -1 -1 -10 285 179 374 221 -1 -1 -1 -1000 -1000 -1000 -10 0.999924
61 4 car -1 -1 -10 695 174 732 203 -1 -1 -1 -1000 -1000 -1000 -10 0.99971
61 5 car -1 -1 -10 881 165 931 186 -1 -1 -1 -1000 -1000 -1000 -10 0.993472
61 6 car -1 -1 -10 813 170 862 185 -1 -1 -1 -1000 -1000 -1000 -10 0.684266
62 3 car -1 -1 -10 247 179 351 223 -1 -1 -1 -1000 -1000 -1000 -10 0.999892
62 4 car -1 -1 -10 694 174 732 202 -1 -1 -1 -1000 -1000 -1000 -10 0.999858
62 5 car -1 -1 -10 881 166 931 184 -1 -1 -1 -1000 -1000 -1000 -10 0.976534
62 6 car -1 -1 -10 813 166 857 182 -1 -1 -1 -1000 -1000 -1000 -10 0.982312
62 7 car -1 -1 -10 1036 159 1096 183 -1 -1 -1 -1000 -1000 -1000 -10 0.714682
63 3 car -1 -1 -10 209 176 320 231 -1 -1 -1 -1000 -1000 -1000 -10 0.99998
63 4 car -1 -1 -10 694 173 732 203 -1 -1 -1 -1000 -1000 -1000 -10 0.999899
63 5 car -1 -1 -10 879 165 934 183 -1 -1 -1 -1000 -1000 -1000 -10 0.8943
63 6 car -1 -1 -10 810 167 855 183 -1 -1 -1 -1000 -1000 -1000 -10 0.973595
63 7 car -1 -1 -10 1042 159 1102 181 -1 -1 -1 -1000 -1000 -1000 -10 0.962194
64 3 car -1 -1 -10 162 179 291 239 -1 -1 -1 -1000 -1000 -1000 -10 0.999939
64 4 car -1 -1 -10 693 172 731 204 -1 -1 -1 -1000 -1000 -1000 -10 0.999964
64 5 car -1 -1 -10 880 165 937 183 -1 -1 -1 -1000 -1000 -1000 -10 0.97942
64 6 car -1 -1 -10 804 166 851 183 -1 -1 -1 -1000 -1000 -1000 -10 0.879546
64 7 car -1 -1 -10 1044 160 1104 181 -1 -1 -1 -1000 -1000 -1000 -10 0.982234
65 3 car -1 -1 -10 97 180 261 249 -1 -1 -1 -1000 -1000 -1000 -10 0.9999
65 4 car -1 -1 -10 694 174 733 206 -1 -1 -1 -1000 -1000 -1000 -10 0.999948
65 5 car -1 -1 -10 883 166 936 185 -1 -1 -1 -1000 -1000 -1000 -10 0.99726
65 6 car -1 -1 -10 798 170 849 185 -1 -1 -1 -1000 -1000 -1000 -10 0.748929
65 7 car -1 -1 -10 1046 161 1110 183 -1 -1 -1 -1000 -1000 -1000 -10 0.982276
66 3 car -1 -1 -10 24 184 225 259 -1 -1 -1 -1000 -1000 -1000 -10 0.999906
66 4 car -1 -1 -10 693 175 734 208 -1 -1 -1 -1000 -1000 -1000 -10 0.999898
66 5 car -1 -1 -10 883 165 938 185 -1 -1 -1 -1000 -1000 -1000 -10 0.995533
66 6 car -1 -1 -10 795 170 845 185 -1 -1 -1 -1000 -1000 -1000 -10 0.321453
66 7 car -1 -1 -10 1052 160 1116 183 -1 -1 -1 -1000 -1000 -1000 -10 0.992424
67 3 car -1 -1 -10 0 181 174 273 -1 -1 -1 -1000 -1000 -1000 -10 0.999853
67 4 car -1 -1 -10 694 174 736 209 -1 -1 -1 -1000 -1000 -1000 -10 0.999909
67 5 car -1 -1 -10 881 164 941 184 -1 -1 -1 -1000 -1000 -1000 -10 0.990811
67 6 car -1 -1 -10 793 168 840 183 -1 -1 -1 -1000 -1000 -1000 -10 0.599653
67 7 car -1 -1 -10 1056 158 1121 182 -1 -1 -1 -1000 -1000 -1000 -10 0.989124
68 3 car -1 -1 -10 0 188 124 273 -1 -1 -1 -1000 -1000 -1000 -10 0.993241
68 4 car -1 -1 -10 694 171 738 208 -1 -1 -1 -1000 -1000 -1000 -10 0.999966
68 5 car -1 -1 -10 883 163 948 182 -1 -1 -1 -1000 -1000 -1000 -10 0.997467
68 6 car -1 -1 -10 784 166 836 183 -1 -1 -1 -1000 -1000 -1000 -10 0.97135
68 7 car -1 -1 -10 1061 155 1127 180 -1 -1 -1 -1000 -1000 -1000 -10 0.993687
69 4 car -1 -1 -10 694 170 741 208 -1 -1 -1 -1000 -1000 -1000 -10 0.999982
69 5 car -1 -1 -10 882 162 947 182 -1 -1 -1 -1000 -1000 -1000 -10 0.994334
69 6 car -1 -1 -10 780 165 832 181 -1 -1 -1 -1000 -1000 -1000 -10 0.976107
69 7 car -1 -1 -10 1074 154 1130 177 -1 -1 -1 -1000 -1000 -1000 -10 0.960456
69 8 car -1 -1 -10 0 193 28 257 -1 -1 -1 -1000 -1000 -1000 -10 0.597263
70 4 car -1 -1 -10 695 171 744 209 -1 -1 -1 -1000 -1000 -1000 -10 0.999972
70 5 car -1 -1 -10 883 161 946 182 -1 -1 -1 -1000 -1000 -1000 -10 0.989907
70 6 car -1 -1 -10 775 165 827 182 -1 -1 -1 -1000 -1000 -1000 -10 0.988343
70 7 car -1 -1 -10 1072 153 1135 181 -1 -1 -1 -1000 -1000 -1000 -10 0.90871
71 4 car -1 -1 -10 698 172 746 211 -1 -1 -1 -1000 -1000 -1000 -10 0.999853
71 5 car -1 -1 -10 883 162 947 184 -1 -1 -1 -1000 -1000 -1000 -10 0.985293
71 6 car -1 -1 -10 774 166 824 183 -1 -1 -1 -1000 -1000 -1000 -10 0.903552
71 7 car -1 -1 -10 1077 154 1152 181 -1 -1 -1 -1000 -1000 -1000 -10 0.991333
72 4 car -1 -1 -10 698 173 750 214 -1 -1 -1 -1000 -1000 -1000 -10 0.999792
72 5 car -1 -1 -10 884 162 947 185 -1 -1 -1 -1000 -1000 -1000 -10 0.98379
72 6 car -1 -1 -10 761 168 820 183 -1 -1 -1 -1000 -1000 -1000 -10 0.942329
72 7 car -1 -1 -10 1087 154 1151 181 -1 -1 -1 -1000 -1000 -1000 -10 0.998767
73 4 car -1 -1 -10 701 177 755 216 -1 -1 -1 -1000 -1000 -1000 -10 0.999891
73 5 car -1 -1 -10 891 164 946 185 -1 -1 -1 -1000 -1000 -1000 -10 0.9793
73 6 car -1 -1 -10 759 172 812 186 -1 -1 -1 -1000 -1000 -1000 -10 0.802106
73 7 car -1 -1 -10 1092 155 1162 183 -1 -1 -1 -1000 -1000 -1000 -10 0.999213
73 9 car -1 -1 -10 716 172 747 188 -1 -1 -1 -1000 -1000 -1000 -10 0.362698
74 4 car -1 -1 -10 703 178 759 219 -1 -1 -1 -1000 -1000 -1000 -10 0.999965
74 5 car -1 -1 -10 887 165 942 186 -1 -1 -1 -1000 -1000 -1000 -10 0.938106
74 6 car -1 -1 -10 751 171 809 188 -1 -1 -1 -1000 -1000 -1000 -10 0.990611
74 7 car -1 -1 -10 1100 156 1167 183 -1 -1 -1 -1000 -1000 -1000 -10 0.998467
75 4 car -1 -1 -10 704 177 764 221 -1 -1 -1 -1000 -1000 -1000 -10 0.99996
75 5 car -1 -1 -10 884 164 940 186 -1 -1 -1 -1000 -1000 -1000 -10 0.995301
75 6 car -1 -1 -10 745 170 805 187 -1 -1 -1 -1000 -1000 -1000 -10 0.88552
75 7 car -1 -1 -10 1105 156 1176 183 -1 -1 -1 -1000 -1000 -1000 -10 0.998945
76 4 car -1 -1 -10 708 177 768 221 -1 -1 -1 -1000 -1000 -1000 -10 0.999991
76 5 car -1 -1 -10 882 164 940 185 -1 -1 -1 -1000 -1000 -1000 -10 0.994702
76 6 car -1 -1 -10 743 169 795 187 -1 -1 -1 -1000 -1000 -1000 -10 0.973769
76 7 car -1 -1 -10 1111 154 1188 182 -1 -1 -1 -1000 -1000 -1000 -10 0.999233
77 4 car -1 -1 -10 710 175 773 222 -1 -1 -1 -1000 -1000 -1000 -10 0.999973
77 5 car -1 -1 -10 878 163 940 183 -1 -1 -1 -1000 -1000 -1000 -10 0.976424
77 6 car -1 -1 -10 730 167 787 185 -1 -1 -1 -1000 -1000 -1000 -10 0.96643
77 7 car -1 -1 -10 1116 154 1195 181 -1 -1 -1 -1000 -1000 -1000 -10 0.997995
78 4 car -1 -1 -10 714 174 780 223 -1 -1 -1 -1000 -1000 -1000 -10 0.999969
78 5 car -1 -1 -10 876 161 931 182 -1 -1 -1 -1000 -1000 -1000 -10 0.979934
78 6 car -1 -1 -10 723 166 785 185 -1 -1 -1 -1000 -1000 -1000 -10 0.941903
78 7 car -1 -1 -10 1121 154 1200 182 -1 -1 -1 -1000 -1000 -1000 -10 0.998545
78 10 car -1 -1 -10 360 176 412 197 -1 -1 -1 -1000 -1000 -1000 -10 0.962926
79 4 car -1 -1 -10 715 175 785 226 -1 -1 -1 -1000 -1000 -1000 -10 0.99999
79 5 car -1 -1 -10 866 168 928 187 -1 -1 -1 -1000 -1000 -1000 -10 0.944683
79 6 car -1 -1 -10 722 168 777 184 -1 -1 -1 -1000 -1000 -1000 -10 0.776118
79 7 car -1 -1 -10 1128 155 1212 184 -1 -1 -1 -1000 -1000 -1000 -10 0.998135
79 10 car -1 -1 -10 358 174 412 198 -1 -1 -1 -1000 -1000 -1000 -10 0.695635
79 11 car -1 -1 -10 571 172 597 187 -1 -1 -1 -1000 -1000 -1000 -10 0.505664
80 4 car -1 -1 -10 718 177 791 231 -1 -1 -1 -1000 -1000 -1000 -10 0.99999
80 5 car -1 -1 -10 864 168 928 187 -1 -1 -1 -1000 -1000 -1000 -10 0.985478
80 6 car -1 -1 -10 712 168 771 189 -1 -1 -1 -1000 -1000 -1000 -10 0.956996
80 7 car -1 -1 -10 1132 156 1222 187 -1 -1 -1 -1000 -1000 -1000 -10 0.998588
80 10 car -1 -1 -10 361 179 413 201 -1 -1 -1 -1000 -1000 -1000 -10 0.981538
80 11 car -1 -1 -10 569 175 594 189 -1 -1 -1 -1000 -1000 -1000 -10 0.307412
81 4 car -1 -1 -10 721 178 798 235 -1 -1 -1 -1000 -1000 -1000 -10 0.999994
81 5 car -1 -1 -10 860 169 926 188 -1 -1 -1 -1000 -1000 -1000 -10 0.965373
81 6 car -1 -1 -10 705 170 768 190 -1 -1 -1 -1000 -1000 -1000 -10 0.960614
81 7 car -1 -1 -10 1138 156 1222 187 -1 -1 -1 -1000 -1000 -1000 -10 0.999259
81 10 car -1 -1 -10 365 181 413 201 -1 -1 -1 -1000 -1000 -1000 -10 0.999175
82 4 car -1 -1 -10 724 179 806 238 -1 -1 -1 -1000 -1000 -1000 -10 0.999872
82 5 car -1 -1 -10 856 168 920 191 -1 -1 -1 -1000 -1000 -1000 -10 0.987734
82 6 car -1 -1 -10 693 171 752 192 -1 -1 -1 -1000 -1000 -1000 -10 0.993996
82 7 car -1 -1 -10 1143 156 1232 188 -1 -1 -1 -1000 -1000 -1000 -10 0.99925
82 10 car -1 -1 -10 362 180 415 201 -1 -1 -1 -1000 -1000 -1000 -10 0.998917
83 4 car -1 -1 -10 726 176 816 243 -1 -1 -1 -1000 -1000 -1000 -10 0.99997
83 5 car -1 -1 -10 838 169 913 191 -1 -1 -1 -1000 -1000 -1000 -10 0.725949
83 6 car -1 -1 -10 683 171 748 194 -1 -1 -1 -1000 -1000 -1000 -10 0.993213
83 7 car -1 -1 -10 1148 156 1242 189 -1 -1 -1 -1000 -1000 -1000 -10 0.998353
83 10 car -1 -1 -10 361 179 417 201 -1 -1 -1 -1000 -1000 -1000 -10 0.999439
83 12 car -1 -1 -10 988 166 1057 190 -1 -1 -1 -1000 -1000 -1000 -10 0.391091
84 4 car -1 -1 -10 727 176 824 246 -1 -1 -1 -1000 -1000 -1000 -10 0.99999
84 5 car -1 -1 -10 841 168 904 190 -1 -1 -1 -1000 -1000 -1000 -10 0.908043
84 6 car -1 -1 -10 675 171 736 194 -1 -1 -1 -1000 -1000 -1000 -10 0.99489
84 7 car -1 -1 -10 1154 156 1242 188 -1 -1 -1 -1000 -1000 -1000 -10 0.998747
84 10 car -1 -1 -10 365 180 420 202 -1 -1 -1 -1000 -1000 -1000 -10 0.997634
84 11 car -1 -1 -10 561 175 589 190 -1 -1 -1 -1000 -1000 -1000 -10 0.991599
84 12 car -1 -1 -10 994 162 1073 190 -1 -1 -1 -1000 -1000 -1000 -10 0.784204
85 4 car -1 -1 -10 733 176 837 249 -1 -1 -1 -1000 -1000 -1000 -10 0.999992
85 5 car -1 -1 -10 833 167 898 190 -1 -1 -1 -1000 -1000 -1000 -10 0.97627
85 6 car -1 -1 -10 664 170 727 195 -1 -1 -1 -1000 -1000 -1000 -10 0.991791
85 7 car -1 -1 -10 1151 156 1242 189 -1 -1 -1 -1000 -1000 -1000 -10 0.993239
85 10 car -1 -1 -10 365 180 424 203 -1 -1 -1 -1000 -1000 -1000 -10 0.998493
85 11 car -1 -1 -10 559 175 587 190 -1 -1 -1 -1000 -1000 -1000 -10 0.9914
85 12 car -1 -1 -10 988 165 1073 191 -1 -1 -1 -1000 -1000 -1000 -10 0.439679
86 4 car -1 -1 -10 738 177 845 253 -1 -1 -1 -1000 -1000 -1000 -10 0.999996
86 5 car -1 -1 -10 828 167 890 192 -1 -1 -1 -1000 -1000 -1000 -10 0.972756
86 6 car -1 -1 -10 654 172 716 195 -1 -1 -1 -1000 -1000 -1000 -10 0.971198
86 7 car -1 -1 -10 1161 153 1242 193 -1 -1 -1 -1000 -1000 -1000 -10 0.988947
86 10 car -1 -1 -10 368 180 427 203 -1 -1 -1 -1000 -1000 -1000 -10 0.979607
86 11 car -1 -1 -10 559 176 585 190 -1 -1 -1 -1000 -1000 -1000 -10 0.982424
86 12 car -1 -1 -10 982 166 1064 191 -1 -1 -1 -1000 -1000 -1000 -10 0.982108
87 4 car -1 -1 -10 741 176 857 257 -1 -1 -1 -1000 -1000 -1000 -10 0.999995
87 5 car -1 -1 -10 819 166 887 191 -1 -1 -1 -1000 -1000 -1000 -10 0.995694
87 6 car -1 -1 -10 639 172 709 196 -1 -1 -1 -1000 -1000 -1000 -10 0.967151
87 7 car -1 -1 -10 1162 154 1242 189 -1 -1 -1 -1000 -1000 -1000 -10 0.964061
87 10 car -1 -1 -10 370 180 429 204 -1 -1 -1 -1000 -1000 -1000 -10 0.996705
87 11 car -1 -1 -10 557 176 584 190 -1 -1 -1 -1000 -1000 -1000 -10 0.98095
87 12 car -1 -1 -10 980 164 1067 190 -1 -1 -1 -1000 -1000 -1000 -10 0.988209
87 13 car -1 -1 -10 253 183 312 205 -1 -1 -1 -1000 -1000 -1000 -10 0.913611
88 4 car -1 -1 -10 747 175 872 263 -1 -1 -1 -1000 -1000 -1000 -10 0.999987
88 5 car -1 -1 -10 809 167 881 191 -1 -1 -1 -1000 -1000 -1000 -10 0.989575
88 6 car -1 -1 -10 628 173 699 196 -1 -1 -1 -1000 -1000 -1000 -10 0.976282
88 7 car -1 -1 -10 1163 154 1242 189 -1 -1 -1 -1000 -1000 -1000 -10 0.982545
88 10 car -1 -1 -10 375 179 433 204 -1 -1 -1 -1000 -1000 -1000 -10 0.997894
88 12 car -1 -1 -10 973 162 1067 189 -1 -1 -1 -1000 -1000 -1000 -10 0.970468
88 13 car -1 -1 -10 255 183 306 204 -1 -1 -1 -1000 -1000 -1000 -10 0.983253
89 4 car -1 -1 -10 750 177 883 267 -1 -1 -1 -1000 -1000 -1000 -10 0.999988
89 5 car -1 -1 -10 798 165 878 192 -1 -1 -1 -1000 -1000 -1000 -10 0.997183
89 6 car -1 -1 -10 614 173 687 198 -1 -1 -1 -1000 -1000 -1000 -10 0.946707
89 7 car -1 -1 -10 1167 152 1242 188 -1 -1 -1 -1000 -1000 -1000 -10 0.995091
89 10 car -1 -1 -10 377 180 438 203 -1 -1 -1 -1000 -1000 -1000 -10 0.998667
89 12 car -1 -1 -10 969 162 1060 189 -1 -1 -1 -1000 -1000 -1000 -10 0.881862
89 13 car -1 -1 -10 254 182 303 204 -1 -1 -1 -1000 -1000 -1000 -10 0.987155
89 14 car -1 -1 -10 588 175 613 190 -1 -1 -1 -1000 -1000 -1000 -10 0.97999
90 4 car -1 -1 -10 753 178 902 274 -1 -1 -1 -1000 -1000 -1000 -10 0.999769
90 5 car -1 -1 -10 796 165 865 193 -1 -1 -1 -1000 -1000 -1000 -10 0.994469
90 6 car -1 -1 -10 604 172 674 199 -1 -1 -1 -1000 -1000 -1000 -10 0.987967
90 7 car -1 -1 -10 1170 154 1242 189 -1 -1 -1 -1000 -1000 -1000 -10 0.983319
90 10 car -1 -1 -10 380 178 442 204 -1 -1 -1 -1000 -1000 -1000 -10 0.992517
90 11 car -1 -1 -10 552 175 578 190 -1 -1 -1 -1000 -1000 -1000 -10 0.997162
90 12 car -1 -1 -10 966 161 1050 190 -1 -1 -1 -1000 -1000 -1000 -10 0.971461
90 13 car -1 -1 -10 246 182 301 204 -1 -1 -1 -1000 -1000 -1000 -10 0.992254
91 4 car -1 -1 -10 756 182 917 277 -1 -1 -1 -1000 -1000 -1000 -10 0.999939
91 5 car -1 -1 -10 789 166 858 194 -1 -1 -1 -1000 -1000 -1000 -10 0.965315
91 6 car -1 -1 -10 589 173 665 200 -1 -1 -1 -1000 -1000 -1000 -10 0.99142
91 7 car -1 -1 -10 1169 155 1242 190 -1 -1 -1 -1000 -1000 -1000 -10 0.929422
91 10 car -1 -1 -10 384 179 449 203 -1 -1 -1 -1000 -1000 -1000 -10 0.99767
91 11 car -1 -1 -10 550 175 577 190 -1 -1 -1 -1000 -1000 -1000 -10 0.993134
91 12 car -1 -1 -10 956 162 1052 190 -1 -1 -1 -1000 -1000 -1000 -10 0.981689
91 13 car -1 -1 -10 239 183 300 206 -1 -1 -1 -1000 -1000 -1000 -10 0.974253
91 14 car -1 -1 -10 584 174 612 190 -1 -1 -1 -1000 -1000 -1000 -10 0.963527
92 4 car -1 -1 -10 761 182 933 283 -1 -1 -1 -1000 -1000 -1000 -10 0.999979
92 5 car -1 -1 -10 781 165 851 196 -1 -1 -1 -1000 -1000 -1000 -10 0.999434
92 6 car -1 -1 -10 575 172 655 200 -1 -1 -1 -1000 -1000 -1000 -10 0.953756
92 7 car -1 -1 -10 1169 155 1242 191 -1 -1 -1 -1000 -1000 -1000 -10 0.955976
92 10 car -1 -1 -10 392 179 455 203 -1 -1 -1 -1000 -1000 -1000 -10 0.993716
92 11 car -1 -1 -10 549 175 575 190 -1 -1 -1 -1000 -1000 -1000 -10 0.996589
92 12 car -1 -1 -10 947 160 1049 191 -1 -1 -1 -1000 -1000 -1000 -10 0.979255
92 13 car -1 -1 -10 239 182 300 208 -1 -1 -1 -1000 -1000 -1000 -10 0.995315
92 14 car -1 -1 -10 583 175 613 191 -1 -1 -1 -1000 -1000 -1000 -10 0.953983
93 4 car -1 -1 -10 771 183 950 289 -1 -1 -1 -1000 -1000 -1000 -10 0.999996
93 5 car -1 -1 -10 774 165 844 196 -1 -1 -1 -1000 -1000 -1000 -10 0.999695
93 6 car -1 -1 -10 565 174 640 202 -1 -1 -1 -1000 -1000 -1000 -10 0.965036
93 7 car -1 -1 -10 1166 155 1242 191 -1 -1 -1 -1000 -1000 -1000 -10 0.974172
93 10 car -1 -1 -10 400 179 460 204 -1 -1 -1 -1000 -1000 -1000 -10 0.996088
93 11 car -1 -1 -10 548 176 576 190 -1 -1 -1 -1000 -1000 -1000 -10 0.976587
93 12 car -1 -1 -10 942 163 1042 188 -1 -1 -1 -1000 -1000 -1000 -10 0.98418
93 13 car -1 -1 -10 238 182 297 209 -1 -1 -1 -1000 -1000 -1000 -10 0.983537
93 14 car -1 -1 -10 579 173 612 189 -1 -1 -1 -1000 -1000 -1000 -10 0.839682
94 4 car -1 -1 -10 780 180 970 300 -1 -1 -1 -1000 -1000 -1000 -10 0.999993
94 5 car -1 -1 -10 764 167 835 193 -1 -1 -1 -1000 -1000 -1000 -10 0.999825
94 6 car -1 -1 -10 547 175 629 203 -1 -1 -1 -1000 -1000 -1000 -10 0.918285
94 7 car -1 -1 -10 1164 155 1242 191 -1 -1 -1 -1000 -1000 -1000 -10 0.988399
94 10 car -1 -1 -10 405 178 467 203 -1 -1 -1 -1000 -1000 -1000 -10 0.987904
94 11 car -1 -1 -10 547 176 574 191 -1 -1 -1 -1000 -1000 -1000 -10 0.851911
94 12 car -1 -1 -10 942 163 1033 192 -1 -1 -1 -1000 -1000 -1000 -10 0.992865
94 13 car -1 -1 -10 234 182 294 209 -1 -1 -1 -1000 -1000 -1000 -10 0.993724
94 14 car -1 -1 -10 577 174 612 192 -1 -1 -1 -1000 -1000 -1000 -10 0.869266
95 4 car -1 -1 -10 780 181 998 308 -1 -1 -1 -1000 -1000 -1000 -10 0.999884
95 5 car -1 -1 -10 753 166 826 194 -1 -1 -1 -1000 -1000 -1000 -10 0.999943
95 6 car -1 -1 -10 534 174 620 203 -1 -1 -1 -1000 -1000 -1000 -10 0.995646
95 7 car -1 -1 -10 1163 154 1242 191 -1 -1 -1 -1000 -1000 -1000 -10 0.986261
95 10 car -1 -1 -10 410 178 485 204 -1 -1 -1 -1000 -1000 -1000 -10 0.986038
95 11 car -1 -1 -10 545 176 575 193 -1 -1 -1 -1000 -1000 -1000 -10 0.686417
95 12 car -1 -1 -10 925 167 1021 192 -1 -1 -1 -1000 -1000 -1000 -10 0.956913
95 13 car -1 -1 -10 229 182 297 209 -1 -1 -1 -1000 -1000 -1000 -10 0.98011
95 14 car -1 -1 -10 581 174 612 190 -1 -1 -1 -1000 -1000 -1000 -10 0.954373
96 4 car -1 -1 -10 792 186 1021 315 -1 -1 -1 -1000 -1000 -1000 -10 0.999555
96 5 car -1 -1 -10 742 166 819 195 -1 -1 -1 -1000 -1000 -1000 -10 0.999974
96 6 car -1 -1 -10 518 174 612 205 -1 -1 -1 -1000 -1000 -1000 -10 0.994618
96 7 car -1 -1 -10 1162 153 1242 193 -1 -1 -1 -1000 -1000 -1000 -10 0.948288
96 10 car -1 -1 -10 418 177 495 206 -1 -1 -1 -1000 -1000 -1000 -10 0.975961
96 11 car -1 -1 -10 540 175 571 191 -1 -1 -1 -1000 -1000 -1000 -10 0.96089
96 12 car -1 -1 -10 923 168 1017 189 -1 -1 -1 -1000 -1000 -1000 -10 0.985823
96 13 car -1 -1 -10 230 183 295 209 -1 -1 -1 -1000 -1000 -1000 -10 0.998734
96 14 car -1 -1 -10 579 177 606 192 -1 -1 -1 -1000 -1000 -1000 -10 0.988449
97 4 car -1 -1 -10 798 179 1052 325 -1 -1 -1 -1000 -1000 -1000 -10 0.999951
97 5 car -1 -1 -10 733 166 810 195 -1 -1 -1 -1000 -1000 -1000 -10 0.999928
97 6 car -1 -1 -10 507 174 593 206 -1 -1 -1 -1000 -1000 -1000 -10 0.998077
97 7 car -1 -1 -10 1199 148 1242 189 -1 -1 -1 -1000 -1000 -1000 -10 0.598567
97 10 car -1 -1 -10 427 176 497 206 -1 -1 -1 -1000 -1000 -1000 -10 0.990266
97 11 car -1 -1 -10 534 175 567 193 -1 -1 -1 -1000 -1000 -1000 -10 0.833392
97 12 car -1 -1 -10 914 166 1026 191 -1 -1 -1 -1000 -1000 -1000 -10 0.783651
97 13 car -1 -1 -10 228 183 295 209 -1 -1 -1 -1000 -1000 -1000 -10 0.999495
97 15 car -1 -1 -10 575 176 600 190 -1 -1 -1 -1000 -1000 -1000 -10 0.900632
98 4 car -1 -1 -10 796 184 1092 333 -1 -1 -1 -1000 -1000 -1000 -10 0.999987
98 5 car -1 -1 -10 723 167 802 195 -1 -1 -1 -1000 -1000 -1000 -10 0.99982
98 6 car -1 -1 -10 489 175 581 206 -1 -1 -1 -1000 -1000 -1000 -10 0.994608
98 10 car -1 -1 -10 437 176 506 207 -1 -1 -1 -1000 -1000 -1000 -10 0.978233
98 11 car -1 -1 -10 537 175 568 193 -1 -1 -1 -1000 -1000 -1000 -10 0.970725
98 12 car -1 -1 -10 908 165 995 191 -1 -1 -1 -1000 -1000 -1000 -10 0.867032
98 13 car -1 -1 -10 224 182 295 210 -1 -1 -1 -1000 -1000 -1000 -10 0.999773
99 4 car -1 -1 -10 811 187 1120 348 -1 -1 -1 -1000 -1000 -1000 -10 0.999995
99 5 car -1 -1 -10 710 167 791 196 -1 -1 -1 -1000 -1000 -1000 -10 0.999838
99 6 car -1 -1 -10 472 175 567 209 -1 -1 -1 -1000 -1000 -1000 -10 0.996289
99 11 car -1 -1 -10 537 177 564 193 -1 -1 -1 -1000 -1000 -1000 -10 0.958467
99 12 car -1 -1 -10 902 166 994 193 -1 -1 -1 -1000 -1000 -1000 -10 0.992797
99 13 car -1 -1 -10 222 182 293 211 -1 -1 -1 -1000 -1000 -1000 -10 0.999302
100 4 car -1 -1 -10 814 190 1167 359 -1 -1 -1 -1000 -1000 -1000 -10 0.999882
100 5 car -1 -1 -10 704 169 777 197 -1 -1 -1 -1000 -1000 -1000 -10 0.999949
100 6 car -1 -1 -10 448 176 550 210 -1 -1 -1 -1000 -1000 -1000 -10 0.999412
100 12 car -1 -1 -10 892 165 991 194 -1 -1 -1 -1000 -1000 -1000 -10 0.99562
100 13 car -1 -1 -10 223 183 295 210 -1 -1 -1 -1000 -1000 -1000 -10 0.999372
100 16 car -1 -1 -10 1149 152 1242 196 -1 -1 -1 -1000 -1000 -1000 -10 0.376778
100 17 car -1 -1 -10 0 179 42 230 -1 -1 -1 -1000 -1000 -1000 -10 0.316203
101 4 car -1 -1 -10 831 189 1214 372 -1 -1 -1 -1000 -1000 -1000 -10 0.999965
101 5 car -1 -1 -10 690 169 768 198 -1 -1 -1 -1000 -1000 -1000 -10 0.999945
101 6 car -1 -1 -10 443 176 533 211 -1 -1 -1 -1000 -1000 -1000 -10 0.997398
101 11 car -1 -1 -10 533 175 564 192 -1 -1 -1 -1000 -1000 -1000 -10 0.967452
101 12 car -1 -1 -10 882 167 979 194 -1 -1 -1 -1000 -1000 -1000 -10 0.996733
101 13 car -1 -1 -10 221 182 297 211 -1 -1 -1 -1000 -1000 -1000 -10 0.999442
101 15 car -1 -1 -10 572 176 600 191 -1 -1 -1 -1000 -1000 -1000 -10 0.995874
101 16 car -1 -1 -10 1128 151 1242 200 -1 -1 -1 -1000 -1000 -1000 -10 0.954115
101 17 car -1 -1 -10 0 181 42 229 -1 -1 -1 -1000 -1000 -1000 -10 0.575272
102 4 car -1 -1 -10 838 186 1242 375 -1 -1 -1 -1000 -1000 -1000 -10 0.999973
102 5 car -1 -1 -10 680 169 756 199 -1 -1 -1 -1000 -1000 -1000 -10 0.999913
102 6 car -1 -1 -10 425 175 514 217 -1 -1 -1 -1000 -1000 -1000 -10 0.999796
102 11 car -1 -1 -10 531 176 559 193 -1 -1 -1 -1000 -1000 -1000 -10 0.969621
102 12 car -1 -1 -10 878 168 963 195 -1 -1 -1 -1000 -1000 -1000 -10 0.999559
102 13 car -1 -1 -10 217 181 298 212 -1 -1 -1 -1000 -1000 -1000 -10 0.999334
102 15 car -1 -1 -10 570 176 597 192 -1 -1 -1 -1000 -1000 -1000 -10 0.99453
102 16 car -1 -1 -10 1121 153 1242 197 -1 -1 -1 -1000 -1000 -1000 -10 0.975318
102 17 car -1 -1 -10 0 179 37 228 -1 -1 -1 -1000 -1000 -1000 -10 0.478549
102 18 car -1 -1 -10 472 177 546 206 -1 -1 -1 -1000 -1000 -1000 -10 0.798112
103 4 car -1 -1 -10 849 180 1242 375 -1 -1 -1 -1000 -1000 -1000 -10 0.999953
103 5 car -1 -1 -10 665 170 749 200 -1 -1 -1 -1000 -1000 -1000 -10 0.999785
103 6 car -1 -1 -10 409 176 502 216 -1 -1 -1 -1000 -1000 -1000 -10 0.996114
103 11 car -1 -1 -10 529 176 558 194 -1 -1 -1 -1000 -1000 -1000 -10 0.953404
103 12 car -1 -1 -10 872 167 961 195 -1 -1 -1 -1000 -1000 -1000 -10 0.999846
103 13 car -1 -1 -10 222 181 299 212 -1 -1 -1 -1000 -1000 -1000 -10 0.999514
103 15 car -1 -1 -10 569 176 598 192 -1 -1 -1 -1000 -1000 -1000 -10 0.994873
103 16 car -1 -1 -10 1118 153 1242 198 -1 -1 -1 -1000 -1000 -1000 -10 0.944746
103 18 car -1 -1 -10 479 176 557 206 -1 -1 -1 -1000 -1000 -1000 -10 0.975623
104 4 car -1 -1 -10 861 188 1242 375 -1 -1 -1 -1000 -1000 -1000 -10 0.99989
104 5 car -1 -1 -10 656 169 735 201 -1 -1 -1 -1000 -1000 -1000 -10 0.999652
104 6 car -1 -1 -10 387 179 471 221 -1 -1 -1 -1000 -1000 -1000 -10 0.998946
104 11 car -1 -1 -10 531 176 560 194 -1 -1 -1 -1000 -1000 -1000 -10 0.819922
104 12 car -1 -1 -10 859 167 955 196 -1 -1 -1 -1000 -1000 -1000 -10 0.999925
104 13 car -1 -1 -10 222 181 302 212 -1 -1 -1 -1000 -1000 -1000 -10 0.9998
104 15 car -1 -1 -10 568 176 597 192 -1 -1 -1 -1000 -1000 -1000 -10 0.994979
104 16 car -1 -1 -10 1118 154 1242 200 -1 -1 -1 -1000 -1000 -1000 -10 0.658994
104 18 car -1 -1 -10 488 177 568 205 -1 -1 -1 -1000 -1000 -1000 -10 0.994089
105 4 car -1 -1 -10 876 189 1242 375 -1 -1 -1 -1000 -1000 -1000 -10 0.999765
105 5 car -1 -1 -10 641 169 722 202 -1 -1 -1 -1000 -1000 -1000 -10 0.998537
105 6 car -1 -1 -10 359 178 456 224 -1 -1 -1 -1000 -1000 -1000 -10 0.999671
105 11 car -1 -1 -10 527 176 561 194 -1 -1 -1 -1000 -1000 -1000 -10 0.640684
105 12 car -1 -1 -10 850 168 945 198 -1 -1 -1 -1000 -1000 -1000 -10 0.999872
105 13 car -1 -1 -10 224 180 305 213 -1 -1 -1 -1000 -1000 -1000 -10 0.999612
105 15 car -1 -1 -10 567 176 594 192 -1 -1 -1 -1000 -1000 -1000 -10 0.983509
105 16 car -1 -1 -10 1110 157 1226 191 -1 -1 -1 -1000 -1000 -1000 -10 0.926155
105 18 car -1 -1 -10 501 175 577 205 -1 -1 -1 -1000 -1000 -1000 -10 0.944691
106 4 car -1 -1 -10 885 184 1242 375 -1 -1 -1 -1000 -1000 -1000 -10 0.999677
106 5 car -1 -1 -10 630 170 712 202 -1 -1 -1 -1000 -1000 -1000 -10 0.995106
106 6 car -1 -1 -10 330 175 441 231 -1 -1 -1 -1000 -1000 -1000 -10 0.999992
106 11 car -1 -1 -10 526 176 558 192 -1 -1 -1 -1000 -1000 -1000 -10 0.839463
106 12 car -1 -1 -10 840 167 939 197 -1 -1 -1 -1000 -1000 -1000 -10 0.999652
106 13 car -1 -1 -10 226 180 310 213 -1 -1 -1 -1000 -1000 -1000 -10 0.999313
106 15 car -1 -1 -10 566 176 595 191 -1 -1 -1 -1000 -1000 -1000 -10 0.95462
106 16 car -1 -1 -10 1108 152 1240 193 -1 -1 -1 -1000 -1000 -1000 -10 0.376344
106 18 car -1 -1 -10 510 175 588 204 -1 -1 -1 -1000 -1000 -1000 -10 0.995267
107 4 car -1 -1 -10 905 178 1242 375 -1 -1 -1 -1000 -1000 -1000 -10 0.997686
107 5 car -1 -1 -10 619 169 698 203 -1 -1 -1 -1000 -1000 -1000 -10 0.998328
107 6 car -1 -1 -10 301 174 424 235 -1 -1 -1 -1000 -1000 -1000 -10 0.999998
107 11 car -1 -1 -10 530 175 558 192 -1 -1 -1 -1000 -1000 -1000 -10 0.918836
107 12 car -1 -1 -10 835 167 932 198 -1 -1 -1 -1000 -1000 -1000 -10 0.999823
107 13 car -1 -1 -10 229 181 318 212 -1 -1 -1 -1000 -1000 -1000 -10 0.998939
107 15 car -1 -1 -10 566 176 594 192 -1 -1 -1 -1000 -1000 -1000 -10 0.902911
107 16 car -1 -1 -10 1091 162 1202 194 -1 -1 -1 -1000 -1000 -1000 -10 0.435528
107 18 car -1 -1 -10 519 175 592 204 -1 -1 -1 -1000 -1000 -1000 -10 0.995856
108 4 car -1 -1 -10 917 180 1242 375 -1 -1 -1 -1000 -1000 -1000 -10 0.99815
108 5 car -1 -1 -10 606 170 689 206 -1 -1 -1 -1000 -1000 -1000 -10 0.998696
108 6 car -1 -1 -10 275 176 396 238 -1 -1 -1 -1000 -1000 -1000 -10 0.99999
108 11 car -1 -1 -10 527 176 558 194 -1 -1 -1 -1000 -1000 -1000 -10 0.983185
108 12 car -1 -1 -10 827 167 921 198 -1 -1 -1 -1000 -1000 -1000 -10 0.999927
108 13 car -1 -1 -10 232 180 325 212 -1 -1 -1 -1000 -1000 -1000 -10 0.995612
108 15 car -1 -1 -10 567 176 598 194 -1 -1 -1 -1000 -1000 -1000 -10 0.95589
108 16 car -1 -1 -10 1089 155 1204 193 -1 -1 -1 -1000 -1000 -1000 -10 0.935377
108 18 car -1 -1 -10 526 175 606 204 -1 -1 -1 -1000 -1000 -1000 -10 0.993171
109 4 car -1 -1 -10 937 196 1242 375 -1 -1 -1 -1000 -1000 -1000 -10 0.997173
109 5 car -1 -1 -10 593 171 678 206 -1 -1 -1 -1000 -1000 -1000 -10 0.99614
109 6 car -1 -1 -10 238 179 374 241 -1 -1 -1 -1000 -1000 -1000 -10 0.999958
109 11 car -1 -1 -10 526 176 555 193 -1 -1 -1 -1000 -1000 -1000 -10 0.996976
109 12 car -1 -1 -10 820 167 909 199 -1 -1 -1 -1000 -1000 -1000 -10 0.999848
109 15 car -1 -1 -10 567 175 599 194 -1 -1 -1 -1000 -1000 -1000 -10 0.926376
109 16 car -1 -1 -10 1079 157 1197 193 -1 -1 -1 -1000 -1000 -1000 -10 0.949119
109 18 car -1 -1 -10 541 174 610 204 -1 -1 -1 -1000 -1000 -1000 -10 0.954005
110 4 car -1 -1 -10 951 191 1242 375 -1 -1 -1 -1000 -1000 -1000 -10 0.998821
110 5 car -1 -1 -10 578 171 666 209 -1 -1 -1 -1000 -1000 -1000 -10 0.996032
110 6 car -1 -1 -10 203 180 348 247 -1 -1 -1 -1000 -1000 -1000 -10 0.999982
110 11 car -1 -1 -10 525 176 554 193 -1 -1 -1 -1000 -1000 -1000 -10 0.993777
110 12 car -1 -1 -10 811 168 903 200 -1 -1 -1 -1000 -1000 -1000 -10 0.999936
110 16 car -1 -1 -10 1081 159 1190 198 -1 -1 -1 -1000 -1000 -1000 -10 0.991056
110 18 car -1 -1 -10 559 175 604 202 -1 -1 -1 -1000 -1000 -1000 -10 0.932617
111 4 car -1 -1 -10 965 194 1242 375 -1 -1 -1 -1000 -1000 -1000 -10 0.996573
111 5 car -1 -1 -10 564 172 651 208 -1 -1 -1 -1000 -1000 -1000 -10 0.997155
111 6 car -1 -1 -10 161 182 323 254 -1 -1 -1 -1000 -1000 -1000 -10 0.999822
111 11 car -1 -1 -10 525 176 554 193 -1 -1 -1 -1000 -1000 -1000 -10 0.995047
111 12 car -1 -1 -10 802 167 902 201 -1 -1 -1 -1000 -1000 -1000 -10 0.999904
111 13 car -1 -1 -10 243 180 340 213 -1 -1 -1 -1000 -1000 -1000 -10 0.986688
111 15 car -1 -1 -10 565 174 599 195 -1 -1 -1 -1000 -1000 -1000 -10 0.853019
111 16 car -1 -1 -10 1060 157 1191 197 -1 -1 -1 -1000 -1000 -1000 -10 0.981029
112 4 car -1 -1 -10 994 192 1242 375 -1 -1 -1 -1000 -1000 -1000 -10 0.999818
112 5 car -1 -1 -10 547 174 645 210 -1 -1 -1 -1000 -1000 -1000 -10 0.99732
112 6 car -1 -1 -10 106 181 298 263 -1 -1 -1 -1000 -1000 -1000 -10 0.999807
112 11 car -1 -1 -10 524 177 554 193 -1 -1 -1 -1000 -1000 -1000 -10 0.990525
112 12 car -1 -1 -10 792 166 891 201 -1 -1 -1 -1000 -1000 -1000 -10 0.999928
112 13 car -1 -1 -10 254 178 344 213 -1 -1 -1 -1000 -1000 -1000 -10 0.997791
112 15 car -1 -1 -10 566 175 601 193 -1 -1 -1 -1000 -1000 -1000 -10 0.926181
112 19 car -1 -1 -10 542 178 567 192 -1 -1 -1 -1000 -1000 -1000 -10 0.433418
113 4 car -1 -1 -10 1007 198 1242 375 -1 -1 -1 -1000 -1000 -1000 -10 0.998783
113 5 car -1 -1 -10 534 173 634 211 -1 -1 -1 -1000 -1000 -1000 -10 0.991879
113 6 car -1 -1 -10 49 182 261 272 -1 -1 -1 -1000 -1000 -1000 -10 0.999957
113 11 car -1 -1 -10 524 176 554 193 -1 -1 -1 -1000 -1000 -1000 -10 0.982541
113 12 car -1 -1 -10 781 168 881 200 -1 -1 -1 -1000 -1000 -1000 -10 0.999942
113 13 car -1 -1 -10 261 181 351 215 -1 -1 -1 -1000 -1000 -1000 -10 0.99843
113 15 car -1 -1 -10 564 175 603 194 -1 -1 -1 -1000 -1000 -1000 -10 0.873354
114 4 car -1 -1 -10 1029 209 1242 375 -1 -1 -1 -1000 -1000 -1000 -10 0.896379
114 5 car -1 -1 -10 522 172 621 213 -1 -1 -1 -1000 -1000 -1000 -10 0.985237
114 6 car -1 -1 -10 0 185 222 281 -1 -1 -1 -1000 -1000 -1000 -10 0.999981
114 11 car -1 -1 -10 527 175 555 194 -1 -1 -1 -1000 -1000 -1000 -10 0.914059
114 12 car -1 -1 -10 773 169 866 201 -1 -1 -1 -1000 -1000 -1000 -10 0.999883
114 13 car -1 -1 -10 267 178 361 214 -1 -1 -1 -1000 -1000 -1000 -10 0.999476
114 15 car -1 -1 -10 567 175 601 196 -1 -1 -1 -1000 -1000 -1000 -10 0.70066
114 16 car -1 -1 -10 1039 154 1147 196 -1 -1 -1 -1000 -1000 -1000 -10 0.976378
114 20 car -1 -1 -10 598 173 654 202 -1 -1 -1 -1000 -1000 -1000 -10 0.628788
115 4 car -1 -1 -10 1050 208 1242 375 -1 -1 -1 -1000 -1000 -1000 -10 0.429348
115 5 car -1 -1 -10 501 173 606 214 -1 -1 -1 -1000 -1000 -1000 -10 0.986977
115 6 car -1 -1 -10 0 185 180 293 -1 -1 -1 -1000 -1000 -1000 -10 0.999976
115 11 car -1 -1 -10 526 175 557 193 -1 -1 -1 -1000 -1000 -1000 -10 0.952173
115 12 car -1 -1 -10 763 169 859 202 -1 -1 -1 -1000 -1000 -1000 -10 0.999959
115 13 car -1 -1 -10 276 179 368 214 -1 -1 -1 -1000 -1000 -1000 -10 0.9998
115 15 car -1 -1 -10 567 175 598 197 -1 -1 -1 -1000 -1000 -1000 -10 0.811887
115 16 car -1 -1 -10 1031 161 1137 197 -1 -1 -1 -1000 -1000 -1000 -10 0.992134
115 20 car -1 -1 -10 605 174 661 202 -1 -1 -1 -1000 -1000 -1000 -10 0.725751
115 21 pedestrian -1 -1 -10 387 171 413 238 -1 -1 -1 -1000 -1000 -1000 -10 0.959098
116 4 car -1 -1 -10 1071 223 1242 373 -1 -1 -1 -1000 -1000 -1000 -10 0.819984
116 5 car -1 -1 -10 491 173 589 214 -1 -1 -1 -1000 -1000 -1000 -10 0.941827
116 6 car -1 -1 -10 0 190 127 302 -1 -1 -1 -1000 -1000 -1000 -10 0.999248
116 11 car -1 -1 -10 517 175 549 196 -1 -1 -1 -1000 -1000 -1000 -10 0.722001
116 12 car -1 -1 -10 752 170 846 202 -1 -1 -1 -1000 -1000 -1000 -10 0.999766
116 13 car -1 -1 -10 286 178 379 214 -1 -1 -1 -1000 -1000 -1000 -10 0.999737
116 15 car -1 -1 -10 570 176 595 193 -1 -1 -1 -1000 -1000 -1000 -10 0.836921
116 16 car -1 -1 -10 1017 160 1128 197 -1 -1 -1 -1000 -1000 -1000 -10 0.997367
116 20 car -1 -1 -10 612 174 668 202 -1 -1 -1 -1000 -1000 -1000 -10 0.988499
116 22 pedestrian -1 -1 -10 385 170 411 240 -1 -1 -1 -1000 -1000 -1000 -10 0.976781
117 4 car -1 -1 -10 1091 219 1242 374 -1 -1 -1 -1000 -1000 -1000 -10 0.750571
117 5 car -1 -1 -10 471 172 577 218 -1 -1 -1 -1000 -1000 -1000 -10 0.97046
117 6 car -1 -1 -10 0 194 61 297 -1 -1 -1 -1000 -1000 -1000 -10 0.884877
117 11 car -1 -1 -10 515 177 549 200 -1 -1 -1 -1000 -1000 -1000 -10 0.375818
117 12 car -1 -1 -10 741 169 836 203 -1 -1 -1 -1000 -1000 -1000 -10 0.99965
117 13 car -1 -1 -10 295 178 386 214 -1 -1 -1 -1000 -1000 -1000 -10 0.99975
117 15 car -1 -1 -10 565 176 597 192 -1 -1 -1 -1000 -1000 -1000 -10 0.868588
117 16 car -1 -1 -10 1009 159 1114 198 -1 -1 -1 -1000 -1000 -1000 -10 0.998049
117 20 car -1 -1 -10 620 175 677 201 -1 -1 -1 -1000 -1000 -1000 -10 0.99736
118 5 car -1 -1 -10 455 173 565 218 -1 -1 -1 -1000 -1000 -1000 -10 0.970697
118 12 car -1 -1 -10 729 169 822 204 -1 -1 -1 -1000 -1000 -1000 -10 0.999314
118 13 car -1 -1 -10 301 178 395 213 -1 -1 -1 -1000 -1000 -1000 -10 0.999514
118 15 car -1 -1 -10 565 175 595 193 -1 -1 -1 -1000 -1000 -1000 -10 0.977759
118 16 car -1 -1 -10 999 158 1101 200 -1 -1 -1 -1000 -1000 -1000 -10 0.996478
118 20 car -1 -1 -10 628 172 681 200 -1 -1 -1 -1000 -1000 -1000 -10 0.988243
118 23 car -1 -1 -10 523 175 556 198 -1 -1 -1 -1000 -1000 -1000 -10 0.669335
119 5 car -1 -1 -10 438 171 545 220 -1 -1 -1 -1000 -1000 -1000 -10 0.985379
119 12 car -1 -1 -10 719 171 810 205 -1 -1 -1 -1000 -1000 -1000 -10 0.999013
119 13 car -1 -1 -10 312 178 404 213 -1 -1 -1 -1000 -1000 -1000 -10 0.997577
119 15 car -1 -1 -10 564 175 596 193 -1 -1 -1 -1000 -1000 -1000 -10 0.979025
119 16 car -1 -1 -10 985 159 1086 199 -1 -1 -1 -1000 -1000 -1000 -10 0.996413
119 20 car -1 -1 -10 637 171 689 199 -1 -1 -1 -1000 -1000 -1000 -10 0.997167
119 23 car -1 -1 -10 519 176 547 196 -1 -1 -1 -1000 -1000 -1000 -10 0.568329
119 24 pedestrian -1 -1 -10 377 169 403 244 -1 -1 -1 -1000 -1000 -1000 -10 0.742716
120 5 car -1 -1 -10 420 168 531 224 -1 -1 -1 -1000 -1000 -1000 -10 0.999368
120 12 car -1 -1 -10 707 172 797 204 -1 -1 -1 -1000 -1000 -1000 -10 0.998985
120 13 car -1 -1 -10 322 178 411 213 -1 -1 -1 -1000 -1000 -1000 -10 0.995821
120 15 car -1 -1 -10 565 175 592 194 -1 -1 -1 -1000 -1000 -1000 -10 0.957173
120 16 car -1 -1 -10 974 159 1073 199 -1 -1 -1 -1000 -1000 -1000 -10 0.99961
120 20 car -1 -1 -10 645 173 691 198 -1 -1 -1 -1000 -1000 -1000 -10 0.998828
120 24 pedestrian -1 -1 -10 374 170 401 242 -1 -1 -1 -1000 -1000 -1000 -10 0.932966
120 25 car -1 -1 -10 524 177 552 193 -1 -1 -1 -1000 -1000 -1000 -10 0.898311
121 5 car -1 -1 -10 400 170 512 224 -1 -1 -1 -1000 -1000 -1000 -10 0.999814
121 12 car -1 -1 -10 693 172 787 205 -1 -1 -1 -1000 -1000 -1000 -10 0.999673
121 13 car -1 -1 -10 330 178 419 213 -1 -1 -1 -1000 -1000 -1000 -10 0.963471
121 15 car -1 -1 -10 565 175 592 194 -1 -1 -1 -1000 -1000 -1000 -10 0.986164
121 16 car -1 -1 -10 963 161 1063 198 -1 -1 -1 -1000 -1000 -1000 -10 0.999449
121 20 car -1 -1 -10 651 173 698 198 -1 -1 -1 -1000 -1000 -1000 -10 0.969279
121 24 pedestrian -1 -1 -10 371 171 401 241 -1 -1 -1 -1000 -1000 -1000 -10 0.916066
121 25 car -1 -1 -10 522 174 551 194 -1 -1 -1 -1000 -1000 -1000 -10 0.975353
122 5 car -1 -1 -10 381 170 496 228 -1 -1 -1 -1000 -1000 -1000 -10 0.999951
122 12 car -1 -1 -10 679 172 774 206 -1 -1 -1 -1000 -1000 -1000 -10 0.997191
122 13 car -1 -1 -10 343 178 429 215 -1 -1 -1 -1000 -1000 -1000 -10 0.853473
122 15 car -1 -1 -10 565 175 591 194 -1 -1 -1 -1000 -1000 -1000 -10 0.992165
122 16 car -1 -1 -10 948 160 1050 199 -1 -1 -1 -1000 -1000 -1000 -10 0.99966
122 20 car -1 -1 -10 660 173 702 197 -1 -1 -1 -1000 -1000 -1000 -10 0.994291
122 25 car -1 -1 -10 521 174 552 194 -1 -1 -1 -1000 -1000 -1000 -10 0.993722
122 26 car -1 -1 -10 416 177 461 203 -1 -1 -1 -1000 -1000 -1000 -10 0.303107
123 5 car -1 -1 -10 362 169 477 232 -1 -1 -1 -1000 -1000 -1000 -10 0.999888
123 12 car -1 -1 -10 666 172 767 206 -1 -1 -1 -1000 -1000 -1000 -10 0.997375
123 13 car -1 -1 -10 347 176 427 215 -1 -1 -1 -1000 -1000 -1000 -10 0.622973
123 15 car -1 -1 -10 564 175 591 194 -1 -1 -1 -1000 -1000 -1000 -10 0.994282
123 16 car -1 -1 -10 939 159 1036 200 -1 -1 -1 -1000 -1000 -1000 -10 0.99848
123 20 car -1 -1 -10 666 174 704 196 -1 -1 -1 -1000 -1000 -1000 -10 0.543477
123 25 car -1 -1 -10 521 175 552 194 -1 -1 -1 -1000 -1000 -1000 -10 0.994443
123 27 pedestrian -1 -1 -10 368 165 401 242 -1 -1 -1 -1000 -1000 -1000 -10 0.713117
124 5 car -1 -1 -10 339 168 460 240 -1 -1 -1 -1000 -1000 -1000 -10 0.999966
124 12 car -1 -1 -10 653 172 750 207 -1 -1 -1 -1000 -1000 -1000 -10 0.999128
124 15 car -1 -1 -10 564 175 591 194 -1 -1 -1 -1000 -1000 -1000 -10 0.99464
124 16 car -1 -1 -10 921 159 1022 199 -1 -1 -1 -1000 -1000 -1000 -10 0.999011
124 20 car -1 -1 -10 677 175 716 194 -1 -1 -1 -1000 -1000 -1000 -10 0.379024
124 25 car -1 -1 -10 521 175 553 195 -1 -1 -1 -1000 -1000 -1000 -10 0.989069
124 28 car -1 -1 -10 699 173 743 192 -1 -1 -1 -1000 -1000 -1000 -10 0.695258
124 29 pedestrian -1 -1 -10 361 169 396 250 -1 -1 -1 -1000 -1000 -1000 -10 0.454639
125 5 car -1 -1 -10 313 169 444 241 -1 -1 -1 -1000 -1000 -1000 -10 0.999522
125 12 car -1 -1 -10 637 173 738 207 -1 -1 -1 -1000 -1000 -1000 -10 0.998197
125 15 car -1 -1 -10 564 175 591 194 -1 -1 -1 -1000 -1000 -1000 -10 0.995047
125 16 car -1 -1 -10 912 159 1010 199 -1 -1 -1 -1000 -1000 -1000 -10 0.997644
125 20 car -1 -1 -10 680 174 717 193 -1 -1 -1 -1000 -1000 -1000 -10 0.462365
125 25 car -1 -1 -10 520 175 553 195 -1 -1 -1 -1000 -1000 -1000 -10 0.993139
125 28 car -1 -1 -10 697 174 737 195 -1 -1 -1 -1000 -1000 -1000 -10 0.526542
125 29 pedestrian -1 -1 -10 360 166 392 254 -1 -1 -1 -1000 -1000 -1000 -10 0.63095
125 30 car -1 -1 -10 370 176 445 228 -1 -1 -1 -1000 -1000 -1000 -10 0.568945
126 5 car -1 -1 -10 287 171 426 242 -1 -1 -1 -1000 -1000 -1000 -10 0.999726
126 12 car -1 -1 -10 621 173 728 208 -1 -1 -1 -1000 -1000 -1000 -10 0.99696
126 15 car -1 -1 -10 565 175 591 194 -1 -1 -1 -1000 -1000 -1000 -10 0.99655
126 16 car -1 -1 -10 899 160 994 199 -1 -1 -1 -1000 -1000 -1000 -10 0.99936
126 20 car -1 -1 -10 677 174 720 194 -1 -1 -1 -1000 -1000 -1000 -10 0.945595
126 25 car -1 -1 -10 521 175 552 194 -1 -1 -1 -1000 -1000 -1000 -10 0.997044
126 30 car -1 -1 -10 374 179 454 210 -1 -1 -1 -1000 -1000 -1000 -10 0.97559
127 5 car -1 -1 -10 257 174 406 247 -1 -1 -1 -1000 -1000 -1000 -10 0.999746
127 12 car -1 -1 -10 608 174 710 211 -1 -1 -1 -1000 -1000 -1000 -10 0.994469
127 15 car -1 -1 -10 564 175 591 194 -1 -1 -1 -1000 -1000 -1000 -10 0.996565
127 16 car -1 -1 -10 883 161 978 199 -1 -1 -1 -1000 -1000 -1000 -10 0.999263
127 20 car -1 -1 -10 675 173 716 196 -1 -1 -1 -1000 -1000 -1000 -10 0.9485
127 25 car -1 -1 -10 520 175 553 195 -1 -1 -1 -1000 -1000 -1000 -10 0.997048
127 29 pedestrian -1 -1 -10 362 167 389 246 -1 -1 -1 -1000 -1000 -1000 -10 0.840742
127 31 car -1 -1 -10 379 181 458 210 -1 -1 -1 -1000 -1000 -1000 -10 0.971409
128 5 car -1 -1 -10 226 173 380 255 -1 -1 -1 -1000 -1000 -1000 -10 0.999898
128 12 car -1 -1 -10 592 175 699 211 -1 -1 -1 -1000 -1000 -1000 -10 0.99431
128 15 car -1 -1 -10 564 175 591 194 -1 -1 -1 -1000 -1000 -1000 -10 0.991751
128 16 car -1 -1 -10 871 161 966 201 -1 -1 -1 -1000 -1000 -1000 -10 0.999889
128 20 car -1 -1 -10 681 172 721 195 -1 -1 -1 -1000 -1000 -1000 -10 0.988198
128 25 car -1 -1 -10 520 175 552 195 -1 -1 -1 -1000 -1000 -1000 -10 0.995491
128 29 pedestrian -1 -1 -10 360 169 386 249 -1 -1 -1 -1000 -1000 -1000 -10 0.962693
128 31 car -1 -1 -10 379 179 460 212 -1 -1 -1 -1000 -1000 -1000 -10 0.992378
128 32 car -1 -1 -10 654 174 697 196 -1 -1 -1 -1000 -1000 -1000 -10 0.509524
129 5 car -1 -1 -10 183 176 360 257 -1 -1 -1 -1000 -1000 -1000 -10 0.999972
129 12 car -1 -1 -10 576 175 680 212 -1 -1 -1 -1000 -1000 -1000 -10 0.985969
129 15 car -1 -1 -10 564 176 592 194 -1 -1 -1 -1000 -1000 -1000 -10 0.988861
129 16 car -1 -1 -10 858 160 953 201 -1 -1 -1 -1000 -1000 -1000 -10 0.999753
129 20 car -1 -1 -10 691 172 721 194 -1 -1 -1 -1000 -1000 -1000 -10 0.998453
129 25 car -1 -1 -10 520 175 552 195 -1 -1 -1 -1000 -1000 -1000 -10 0.993768
129 29 pedestrian -1 -1 -10 355 168 384 251 -1 -1 -1 -1000 -1000 -1000 -10 0.901059
129 31 car -1 -1 -10 387 179 462 211 -1 -1 -1 -1000 -1000 -1000 -10 0.99014
130 5 car -1 -1 -10 143 177 336 266 -1 -1 -1 -1000 -1000 -1000 -10 0.99998
130 12 car -1 -1 -10 559 175 673 213 -1 -1 -1 -1000 -1000 -1000 -10 0.994974
130 15 car -1 -1 -10 563 176 593 195 -1 -1 -1 -1000 -1000 -1000 -10 0.736466
130 16 car -1 -1 -10 845 160 943 201 -1 -1 -1 -1000 -1000 -1000 -10 0.999489
130 20 car -1 -1 -10 693 171 723 193 -1 -1 -1 -1000 -1000 -1000 -10 0.998394
130 25 car -1 -1 -10 520 175 552 195 -1 -1 -1 -1000 -1000 -1000 -10 0.994155
130 29 pedestrian -1 -1 -10 353 169 381 250 -1 -1 -1 -1000 -1000 -1000 -10 0.985561
130 31 car -1 -1 -10 391 177 463 211 -1 -1 -1 -1000 -1000 -1000 -10 0.998628
131 5 car -1 -1 -10 96 177 303 275 -1 -1 -1 -1000 -1000 -1000 -10 0.999983
131 12 car -1 -1 -10 546 175 657 214 -1 -1 -1 -1000 -1000 -1000 -10 0.989751
131 15 car -1 -1 -10 561 176 593 194 -1 -1 -1 -1000 -1000 -1000 -10 0.781662
131 16 car -1 -1 -10 828 162 928 202 -1 -1 -1 -1000 -1000 -1000 -10 0.9999
131 20 car -1 -1 -10 695 171 725 193 -1 -1 -1 -1000 -1000 -1000 -10 0.998525
131 25 car -1 -1 -10 521 176 551 196 -1 -1 -1 -1000 -1000 -1000 -10 0.991129
131 29 pedestrian -1 -1 -10 350 169 380 251 -1 -1 -1 -1000 -1000 -1000 -10 0.991015
131 31 car -1 -1 -10 394 178 465 210 -1 -1 -1 -1000 -1000 -1000 -10 0.997915
132 5 car -1 -1 -10 37 178 277 285 -1 -1 -1 -1000 -1000 -1000 -10 0.999939
132 12 car -1 -1 -10 526 173 644 217 -1 -1 -1 -1000 -1000 -1000 -10 0.995213
132 16 car -1 -1 -10 819 161 913 203 -1 -1 -1 -1000 -1000 -1000 -10 0.999909
132 20 car -1 -1 -10 697 171 726 193 -1 -1 -1 -1000 -1000 -1000 -10 0.998906
132 25 car -1 -1 -10 521 177 551 195 -1 -1 -1 -1000 -1000 -1000 -10 0.958867
132 29 pedestrian -1 -1 -10 349 170 378 251 -1 -1 -1 -1000 -1000 -1000 -10 0.992827
132 31 car -1 -1 -10 402 179 466 209 -1 -1 -1 -1000 -1000 -1000 -10 0.997536
132 33 car -1 -1 -10 565 178 601 200 -1 -1 -1 -1000 -1000 -1000 -10 0.596401
132 34 car -1 -1 -10 535 180 573 198 -1 -1 -1 -1000 -1000 -1000 -10 0.488363
133 5 car -1 -1 -10 0 181 250 297 -1 -1 -1 -1000 -1000 -1000 -10 0.999869
133 12 car -1 -1 -10 509 174 636 217 -1 -1 -1 -1000 -1000 -1000 -10 0.994512
133 16 car -1 -1 -10 805 161 898 203 -1 -1 -1 -1000 -1000 -1000 -10 0.999881
133 20 car -1 -1 -10 699 171 728 193 -1 -1 -1 -1000 -1000 -1000 -10 0.996116
133 25 car -1 -1 -10 518 179 554 198 -1 -1 -1 -1000 -1000 -1000 -10 0.81676
133 29 pedestrian -1 -1 -10 347 172 377 251 -1 -1 -1 -1000 -1000 -1000 -10 0.991303
133 31 car -1 -1 -10 407 178 462 209 -1 -1 -1 -1000 -1000 -1000 -10 0.999364
134 5 car -1 -1 -10 0 180 200 310 -1 -1 -1 -1000 -1000 -1000 -10 0.999502
134 12 car -1 -1 -10 491 173 619 221 -1 -1 -1 -1000 -1000 -1000 -10 0.988604
134 16 car -1 -1 -10 791 162 881 202 -1 -1 -1 -1000 -1000 -1000 -10 0.999939
134 20 car -1 -1 -10 702 172 729 192 -1 -1 -1 -1000 -1000 -1000 -10 0.990458
134 25 car -1 -1 -10 519 179 550 198 -1 -1 -1 -1000 -1000 -1000 -10 0.617483
134 29 pedestrian -1 -1 -10 347 173 375 250 -1 -1 -1 -1000 -1000 -1000 -10 0.960882
134 31 car -1 -1 -10 410 177 460 210 -1 -1 -1 -1000 -1000 -1000 -10 0.999898
134 33 car -1 -1 -10 564 179 598 199 -1 -1 -1 -1000 -1000 -1000 -10 0.443669
135 5 car -1 -1 -10 0 180 167 315 -1 -1 -1 -1000 -1000 -1000 -10 0.999705
135 12 car -1 -1 -10 479 171 603 224 -1 -1 -1 -1000 -1000 -1000 -10 0.999241
135 15 car -1 -1 -10 570 176 596 195 -1 -1 -1 -1000 -1000 -1000 -10 0.896749
135 16 car -1 -1 -10 777 160 869 204 -1 -1 -1 -1000 -1000 -1000 -10 0.999847
135 25 car -1 -1 -10 525 180 555 199 -1 -1 -1 -1000 -1000 -1000 -10 0.601531
135 31 car -1 -1 -10 413 178 457 209 -1 -1 -1 -1000 -1000 -1000 -10 0.999824
135 35 pedestrian -1 -1 -10 344 172 373 252 -1 -1 -1 -1000 -1000 -1000 -10 0.967935
136 5 car -1 -1 -10 0 187 109 322 -1 -1 -1 -1000 -1000 -1000 -10 0.958069
136 12 car -1 -1 -10 461 171 589 226 -1 -1 -1 -1000 -1000 -1000 -10 0.99913
136 15 car -1 -1 -10 567 177 595 194 -1 -1 -1 -1000 -1000 -1000 -10 0.84478
136 16 car -1 -1 -10 762 163 858 205 -1 -1 -1 -1000 -1000 -1000 -10 0.996977
136 25 car -1 -1 -10 519 182 549 200 -1 -1 -1 -1000 -1000 -1000 -10 0.685016
136 31 car -1 -1 -10 416 180 453 210 -1 -1 -1 -1000 -1000 -1000 -10 0.999688
136 35 pedestrian -1 -1 -10 342 172 371 253 -1 -1 -1 -1000 -1000 -1000 -10 0.987216
137 12 car -1 -1 -10 442 172 568 229 -1 -1 -1 -1000 -1000 -1000 -10 0.999273
137 16 car -1 -1 -10 747 164 842 206 -1 -1 -1 -1000 -1000 -1000 -10 0.949037
137 25 car -1 -1 -10 517 183 550 203 -1 -1 -1 -1000 -1000 -1000 -10 0.841347
137 31 car -1 -1 -10 417 180 460 210 -1 -1 -1 -1000 -1000 -1000 -10 0.996447
137 35 pedestrian -1 -1 -10 341 173 369 255 -1 -1 -1 -1000 -1000 -1000 -10 0.990463
137 36 car -1 -1 -10 564 176 590 196 -1 -1 -1 -1000 -1000 -1000 -10 0.986305
137 37 car -1 -1 -10 1110 166 1222 200 -1 -1 -1 -1000 -1000 -1000 -10 0.594778
138 12 car -1 -1 -10 420 173 556 230 -1 -1 -1 -1000 -1000 -1000 -10 0.999463
138 16 car -1 -1 -10 731 158 831 211 -1 -1 -1 -1000 -1000 -1000 -10 0.968684
138 20 car -1 -1 -10 706 175 732 193 -1 -1 -1 -1000 -1000 -1000 -10 0.982906
138 25 car -1 -1 -10 517 182 549 202 -1 -1 -1 -1000 -1000 -1000 -10 0.861092
138 31 car -1 -1 -10 415 181 458 209 -1 -1 -1 -1000 -1000 -1000 -10 0.987166
138 36 car -1 -1 -10 564 177 590 196 -1 -1 -1 -1000 -1000 -1000 -10 0.990638
138 38 pedestrian -1 -1 -10 340 173 366 256 -1 -1 -1 -1000 -1000 -1000 -10 0.993317
139 12 car -1 -1 -10 404 173 539 231 -1 -1 -1 -1000 -1000 -1000 -10 0.998827
139 16 car -1 -1 -10 716 170 813 207 -1 -1 -1 -1000 -1000 -1000 -10 0.923833
139 20 car -1 -1 -10 706 176 735 192 -1 -1 -1 -1000 -1000 -1000 -10 0.973594
139 25 car -1 -1 -10 519 179 548 198 -1 -1 -1 -1000 -1000 -1000 -10 0.992699
139 31 car -1 -1 -10 411 180 458 204 -1 -1 -1 -1000 -1000 -1000 -10 0.502195
139 36 car -1 -1 -10 563 176 591 197 -1 -1 -1 -1000 -1000 -1000 -10 0.985393
139 38 pedestrian -1 -1 -10 337 175 364 254 -1 -1 -1 -1000 -1000 -1000 -10 0.9833
139 39 car -1 -1 -10 731 174 767 194 -1 -1 -1 -1000 -1000 -1000 -10 0.398312
140 12 car -1 -1 -10 386 176 526 234 -1 -1 -1 -1000 -1000 -1000 -10 0.998383
140 16 car -1 -1 -10 703 170 795 207 -1 -1 -1 -1000 -1000 -1000 -10 0.86012
140 25 car -1 -1 -10 518 178 549 198 -1 -1 -1 -1000 -1000 -1000 -10 0.995699
140 31 car -1 -1 -10 410 181 450 206 -1 -1 -1 -1000 -1000 -1000 -10 0.506282
140 36 car -1 -1 -10 563 176 591 197 -1 -1 -1 -1000 -1000 -1000 -10 0.979322
140 38 pedestrian -1 -1 -10 333 171 364 258 -1 -1 -1 -1000 -1000 -1000 -10 0.969337
140 39 car -1 -1 -10 715 176 748 193 -1 -1 -1 -1000 -1000 -1000 -10 0.678429
141 12 car -1 -1 -10 362 176 509 235 -1 -1 -1 -1000 -1000 -1000 -10 0.996069
141 16 car -1 -1 -10 679 160 791 211 -1 -1 -1 -1000 -1000 -1000 -10 0.425408
141 25 car -1 -1 -10 517 178 549 198 -1 -1 -1 -1000 -1000 -1000 -10 0.993113
141 31 car -1 -1 -10 409 183 446 205 -1 -1 -1 -1000 -1000 -1000 -10 0.765327
141 36 car -1 -1 -10 563 176 591 197 -1 -1 -1 -1000 -1000 -1000 -10 0.982698
141 38 pedestrian -1 -1 -10 331 171 363 260 -1 -1 -1 -1000 -1000 -1000 -10 0.993826
141 39 car -1 -1 -10 705 173 738 194 -1 -1 -1 -1000 -1000 -1000 -10 0.97402
141 40 car -1 -1 -10 463 183 495 204 -1 -1 -1 -1000 -1000 -1000 -10 0.315198
142 12 car -1 -1 -10 348 174 486 238 -1 -1 -1 -1000 -1000 -1000 -10 0.995791
142 16 car -1 -1 -10 671 170 770 209 -1 -1 -1 -1000 -1000 -1000 -10 0.8674
142 25 car -1 -1 -10 516 178 550 198 -1 -1 -1 -1000 -1000 -1000 -10 0.995984
142 36 car -1 -1 -10 562 176 591 197 -1 -1 -1 -1000 -1000 -1000 -10 0.987165
142 38 pedestrian -1 -1 -10 330 171 361 262 -1 -1 -1 -1000 -1000 -1000 -10 0.993135
142 39 car -1 -1 -10 688 175 716 193 -1 -1 -1 -1000 -1000 -1000 -10 0.54758
143 12 car -1 -1 -10 312 177 463 242 -1 -1 -1 -1000 -1000 -1000 -10 0.987688
143 16 car -1 -1 -10 659 170 754 209 -1 -1 -1 -1000 -1000 -1000 -10 0.872228
143 25 car -1 -1 -10 516 178 550 198 -1 -1 -1 -1000 -1000 -1000 -10 0.99784
143 31 car -1 -1 -10 391 184 427 205 -1 -1 -1 -1000 -1000 -1000 -10 0.424328
143 36 car -1 -1 -10 561 177 590 197 -1 -1 -1 -1000 -1000 -1000 -10 0.985037
143 38 pedestrian -1 -1 -10 328 173 360 259 -1 -1 -1 -1000 -1000 -1000 -10 0.989275
143 39 car -1 -1 -10 675 174 708 196 -1 -1 -1 -1000 -1000 -1000 -10 0.406945
144 12 car -1 -1 -10 285 176 442 246 -1 -1 -1 -1000 -1000 -1000 -10 0.984695
144 16 car -1 -1 -10 633 164 743 214 -1 -1 -1 -1000 -1000 -1000 -10 0.96939
144 25 car -1 -1 -10 515 178 550 197 -1 -1 -1 -1000 -1000 -1000 -10 0.992802
144 36 car -1 -1 -10 561 176 591 197 -1 -1 -1 -1000 -1000 -1000 -10 0.98696
144 38 pedestrian -1 -1 -10 327 167 360 264 -1 -1 -1 -1000 -1000 -1000 -10 0.968453
144 41 car -1 -1 -10 539 178 564 194 -1 -1 -1 -1000 -1000 -1000 -10 0.405501
145 12 car -1 -1 -10 258 177 412 248 -1 -1 -1 -1000 -1000 -1000 -10 0.950092
145 16 car -1 -1 -10 616 164 725 214 -1 -1 -1 -1000 -1000 -1000 -10 0.97377
145 25 car -1 -1 -10 515 178 550 198 -1 -1 -1 -1000 -1000 -1000 -10 0.993181
145 36 car -1 -1 -10 560 176 591 197 -1 -1 -1 -1000 -1000 -1000 -10 0.992297
145 38 pedestrian -1 -1 -10 330 168 356 264 -1 -1 -1 -1000 -1000 -1000 -10 0.973265
146 12 car -1 -1 -10 224 181 415 252 -1 -1 -1 -1000 -1000 -1000 -10 0.998226
146 16 car -1 -1 -10 599 164 713 217 -1 -1 -1 -1000 -1000 -1000 -10 0.995177
146 25 car -1 -1 -10 515 178 549 198 -1 -1 -1 -1000 -1000 -1000 -10 0.995682
146 31 car -1 -1 -10 373 181 425 207 -1 -1 -1 -1000 -1000 -1000 -10 0.992512
146 36 car -1 -1 -10 560 176 590 197 -1 -1 -1 -1000 -1000 -1000 -10 0.988779
146 38 pedestrian -1 -1 -10 327 172 354 260 -1 -1 -1 -1000 -1000 -1000 -10 0.981726
147 12 car -1 -1 -10 200 181 363 255 -1 -1 -1 -1000 -1000 -1000 -10 0.99859
147 16 car -1 -1 -10 579 167 698 218 -1 -1 -1 -1000 -1000 -1000 -10 0.989474
147 25 car -1 -1 -10 515 178 549 198 -1 -1 -1 -1000 -1000 -1000 -10 0.995611
147 31 car -1 -1 -10 363 179 417 207 -1 -1 -1 -1000 -1000 -1000 -10 0.97615
147 36 car -1 -1 -10 560 177 590 196 -1 -1 -1 -1000 -1000 -1000 -10 0.966407
147 38 pedestrian -1 -1 -10 320 172 355 259 -1 -1 -1 -1000 -1000 -1000 -10 0.863699
147 41 car -1 -1 -10 537 178 562 194 -1 -1 -1 -1000 -1000 -1000 -10 0.300701
148 12 car -1 -1 -10 156 183 354 260 -1 -1 -1 -1000 -1000 -1000 -10 0.999925
148 16 car -1 -1 -10 568 165 677 217 -1 -1 -1 -1000 -1000 -1000 -10 0.982917
148 25 car -1 -1 -10 515 178 548 198 -1 -1 -1 -1000 -1000 -1000 -10 0.996313
148 31 car -1 -1 -10 348 182 411 207 -1 -1 -1 -1000 -1000 -1000 -10 0.963262
148 36 car -1 -1 -10 559 178 593 197 -1 -1 -1 -1000 -1000 -1000 -10 0.972246
148 42 pedestrian -1 -1 -10 319 171 353 262 -1 -1 -1 -1000 -1000 -1000 -10 0.987503
149 12 car -1 -1 -10 115 184 327 267 -1 -1 -1 -1000 -1000 -1000 -10 0.999916
149 16 car -1 -1 -10 550 165 657 219 -1 -1 -1 -1000 -1000 -1000 -10 0.974516
149 25 car -1 -1 -10 515 179 549 198 -1 -1 -1 -1000 -1000 -1000 -10 0.996328
149 31 car -1 -1 -10 337 182 400 208 -1 -1 -1 -1000 -1000 -1000 -10 0.523782
149 36 car -1 -1 -10 559 180 593 199 -1 -1 -1 -1000 -1000 -1000 -10 0.828867
149 42 pedestrian -1 -1 -10 321 171 349 263 -1 -1 -1 -1000 -1000 -1000 -10 0.983504
149 43 car -1 -1 -10 1110 156 1242 206 -1 -1 -1 -1000 -1000 -1000 -10 0.310001
150 12 car -1 -1 -10 70 182 305 272 -1 -1 -1 -1000 -1000 -1000 -10 0.999897
150 16 car -1 -1 -10 530 164 641 221 -1 -1 -1 -1000 -1000 -1000 -10 0.996988
150 25 car -1 -1 -10 514 179 547 198 -1 -1 -1 -1000 -1000 -1000 -10 0.995884
150 31 car -1 -1 -10 336 181 395 208 -1 -1 -1 -1000 -1000 -1000 -10 0.558736
150 36 car -1 -1 -10 558 179 589 199 -1 -1 -1 -1000 -1000 -1000 -10 0.71422
150 42 pedestrian -1 -1 -10 317 172 347 261 -1 -1 -1 -1000 -1000 -1000 -10 0.994929
151 12 car -1 -1 -10 17 186 281 277 -1 -1 -1 -1000 -1000 -1000 -10 0.999963
151 16 car -1 -1 -10 514 165 622 222 -1 -1 -1 -1000 -1000 -1000 -10 0.990537
151 25 car -1 -1 -10 515 180 550 200 -1 -1 -1 -1000 -1000 -1000 -10 0.953436
151 36 car -1 -1 -10 559 180 591 199 -1 -1 -1 -1000 -1000 -1000 -10 0.383271
151 42 pedestrian -1 -1 -10 315 174 347 260 -1 -1 -1 -1000 -1000 -1000 -10 0.988566
152 12 car -1 -1 -10 0 186 249 286 -1 -1 -1 -1000 -1000 -1000 -10 0.999951
152 16 car -1 -1 -10 491 167 606 224 -1 -1 -1 -1000 -1000 -1000 -10 0.99639
152 25 car -1 -1 -10 514 179 548 200 -1 -1 -1 -1000 -1000 -1000 -10 0.845075
152 36 car -1 -1 -10 548 181 581 201 -1 -1 -1 -1000 -1000 -1000 -10 0.360028
152 42 pedestrian -1 -1 -10 313 173 348 262 -1 -1 -1 -1000 -1000 -1000 -10 0.940085
153 12 car -1 -1 -10 0 187 214 290 -1 -1 -1 -1000 -1000 -1000 -10 0.999855
153 16 car -1 -1 -10 468 167 587 224 -1 -1 -1 -1000 -1000 -1000 -10 0.999168
153 25 car -1 -1 -10 504 180 538 202 -1 -1 -1 -1000 -1000 -1000 -10 0.481204
153 31 car -1 -1 -10 305 181 362 205 -1 -1 -1 -1000 -1000 -1000 -10 0.434678
153 36 car -1 -1 -10 526 181 560 202 -1 -1 -1 -1000 -1000 -1000 -10 0.340783
153 42 pedestrian -1 -1 -10 309 169 346 264 -1 -1 -1 -1000 -1000 -1000 -10 0.959735
154 12 car -1 -1 -10 0 187 184 296 -1 -1 -1 -1000 -1000 -1000 -10 0.999832
154 16 car -1 -1 -10 449 167 567 225 -1 -1 -1 -1000 -1000 -1000 -10 0.99874
154 31 car -1 -1 -10 288 180 354 208 -1 -1 -1 -1000 -1000 -1000 -10 0.905606
154 36 car -1 -1 -10 513 182 547 204 -1 -1 -1 -1000 -1000 -1000 -10 0.55574
154 42 pedestrian -1 -1 -10 304 169 347 264 -1 -1 -1 -1000 -1000 -1000 -10 0.967258
154 44 car -1 -1 -10 561 177 586 196 -1 -1 -1 -1000 -1000 -1000 -10 0.879525
155 12 car -1 -1 -10 0 190 145 300 -1 -1 -1 -1000 -1000 -1000 -10 0.999859
155 16 car -1 -1 -10 424 166 549 229 -1 -1 -1 -1000 -1000 -1000 -10 0.999339
155 31 car -1 -1 -10 284 183 339 210 -1 -1 -1 -1000 -1000 -1000 -10 0.925872
155 36 car -1 -1 -10 503 180 538 205 -1 -1 -1 -1000 -1000 -1000 -10 0.329829
155 41 car -1 -1 -10 531 180 559 199 -1 -1 -1 -1000 -1000 -1000 -10 0.430401
155 42 pedestrian -1 -1 -10 308 176 342 263 -1 -1 -1 -1000 -1000 -1000 -10 0.90807
155 44 car -1 -1 -10 559 177 588 197 -1 -1 -1 -1000 -1000 -1000 -10 0.978985
156 12 car -1 -1 -10 0 194 93 298 -1 -1 -1 -1000 -1000 -1000 -10 0.908862
156 16 car -1 -1 -10 399 162 528 233 -1 -1 -1 -1000 -1000 -1000 -10 0.999928
156 31 car -1 -1 -10 269 183 316 209 -1 -1 -1 -1000 -1000 -1000 -10 0.786594
156 42 pedestrian -1 -1 -10 307 175 340 265 -1 -1 -1 -1000 -1000 -1000 -10 0.973296
156 44 car -1 -1 -10 558 177 587 198 -1 -1 -1 -1000 -1000 -1000 -10 0.984165
157 16 car -1 -1 -10 379 163 505 238 -1 -1 -1 -1000 -1000 -1000 -10 0.999978
157 31 car -1 -1 -10 261 183 317 210 -1 -1 -1 -1000 -1000 -1000 -10 0.895823
157 42 pedestrian -1 -1 -10 307 175 339 266 -1 -1 -1 -1000 -1000 -1000 -10 0.986396
157 44 car -1 -1 -10 558 177 588 198 -1 -1 -1 -1000 -1000 -1000 -10 0.994218
157 45 car -1 -1 -10 513 178 544 199 -1 -1 -1 -1000 -1000 -1000 -10 0.996366
158 16 car -1 -1 -10 353 164 482 242 -1 -1 -1 -1000 -1000 -1000 -10 0.999905
158 31 car -1 -1 -10 247 184 317 210 -1 -1 -1 -1000 -1000 -1000 -10 0.975494
158 42 pedestrian -1 -1 -10 306 174 337 267 -1 -1 -1 -1000 -1000 -1000 -10 0.988746
158 44 car -1 -1 -10 558 177 588 198 -1 -1 -1 -1000 -1000 -1000 -10 0.996794
158 45 car -1 -1 -10 512 179 545 199 -1 -1 -1 -1000 -1000 -1000 -10 0.998469
158 46 car -1 -1 -10 532 180 561 196 -1 -1 -1 -1000 -1000 -1000 -10 0.540015
159 16 car -1 -1 -10 319 165 459 247 -1 -1 -1 -1000 -1000 -1000 -10 0.999773
159 31 car -1 -1 -10 238 184 302 213 -1 -1 -1 -1000 -1000 -1000 -10 0.983183
159 44 car -1 -1 -10 557 178 588 198 -1 -1 -1 -1000 -1000 -1000 -10 0.996634
159 45 car -1 -1 -10 511 179 545 199 -1 -1 -1 -1000 -1000 -1000 -10 0.998173
159 46 car -1 -1 -10 532 180 561 197 -1 -1 -1 -1000 -1000 -1000 -10 0.588679
159 47 pedestrian -1 -1 -10 305 175 339 267 -1 -1 -1 -1000 -1000 -1000 -10 0.99111
160 16 car -1 -1 -10 299 165 436 247 -1 -1 -1 -1000 -1000 -1000 -10 0.999054
160 31 car -1 -1 -10 227 185 292 212 -1 -1 -1 -1000 -1000 -1000 -10 0.884041
160 44 car -1 -1 -10 557 178 588 198 -1 -1 -1 -1000 -1000 -1000 -10 0.997555
160 45 car -1 -1 -10 511 179 545 199 -1 -1 -1 -1000 -1000 -1000 -10 0.998278
160 46 car -1 -1 -10 532 180 562 197 -1 -1 -1 -1000 -1000 -1000 -10 0.668322
160 47 pedestrian -1 -1 -10 304 175 341 268 -1 -1 -1 -1000 -1000 -1000 -10 0.991093
161 16 car -1 -1 -10 245 172 426 247 -1 -1 -1 -1000 -1000 -1000 -10 0.978634
161 31 car -1 -1 -10 219 185 285 212 -1 -1 -1 -1000 -1000 -1000 -10 0.517682
161 44 car -1 -1 -10 557 178 588 198 -1 -1 -1 -1000 -1000 -1000 -10 0.997949
161 45 car -1 -1 -10 511 179 545 199 -1 -1 -1 -1000 -1000 -1000 -10 0.998256
161 46 car -1 -1 -10 532 180 562 197 -1 -1 -1 -1000 -1000 -1000 -10 0.686484
161 47 pedestrian -1 -1 -10 305 171 336 270 -1 -1 -1 -1000 -1000 -1000 -10 0.800532
162 16 car -1 -1 -10 215 173 393 253 -1 -1 -1 -1000 -1000 -1000 -10 0.999583
162 44 car -1 -1 -10 557 178 587 198 -1 -1 -1 -1000 -1000 -1000 -10 0.998133
162 45 car -1 -1 -10 511 179 545 199 -1 -1 -1 -1000 -1000 -1000 -10 0.998255
162 46 car -1 -1 -10 531 180 562 197 -1 -1 -1 -1000 -1000 -1000 -10 0.660923
162 47 pedestrian -1 -1 -10 308 169 336 273 -1 -1 -1 -1000 -1000 -1000 -10 0.783176
163 16 car -1 -1 -10 181 172 359 261 -1 -1 -1 -1000 -1000 -1000 -10 0.998644
163 44 car -1 -1 -10 557 178 587 198 -1 -1 -1 -1000 -1000 -1000 -10 0.998049
163 45 car -1 -1 -10 511 179 545 199 -1 -1 -1 -1000 -1000 -1000 -10 0.997844
163 46 car -1 -1 -10 531 180 562 197 -1 -1 -1 -1000 -1000 -1000 -10 0.794642
163 48 pedestrian -1 -1 -10 306 175 334 268 -1 -1 -1 -1000 -1000 -1000 -10 0.946141
164 16 car -1 -1 -10 139 167 333 274 -1 -1 -1 -1000 -1000 -1000 -10 0.99999
164 44 car -1 -1 -10 557 178 587 198 -1 -1 -1 -1000 -1000 -1000 -10 0.998044
164 45 car -1 -1 -10 511 179 545 199 -1 -1 -1 -1000 -1000 -1000 -10 0.997872
164 46 car -1 -1 -10 531 180 562 197 -1 -1 -1 -1000 -1000 -1000 -10 0.842482
164 48 pedestrian -1 -1 -10 305 171 334 270 -1 -1 -1 -1000 -1000 -1000 -10 0.867193
165 16 car -1 -1 -10 86 167 307 279 -1 -1 -1 -1000 -1000 -1000 -10 0.999978
165 44 car -1 -1 -10 557 178 586 198 -1 -1 -1 -1000 -1000 -1000 -10 0.998032
165 45 car -1 -1 -10 511 180 545 199 -1 -1 -1 -1000 -1000 -1000 -10 0.997712
165 46 car -1 -1 -10 532 180 561 197 -1 -1 -1 -1000 -1000 -1000 -10 0.867164
165 48 pedestrian -1 -1 -10 305 171 334 269 -1 -1 -1 -1000 -1000 -1000 -10 0.960066
166 16 car -1 -1 -10 35 168 271 291 -1 -1 -1 -1000 -1000 -1000 -10 0.999912
166 44 car -1 -1 -10 557 178 586 198 -1 -1 -1 -1000 -1000 -1000 -10 0.994973
166 45 car -1 -1 -10 511 180 544 199 -1 -1 -1 -1000 -1000 -1000 -10 0.997938
166 46 car -1 -1 -10 532 180 561 197 -1 -1 -1 -1000 -1000 -1000 -10 0.887109
166 48 pedestrian -1 -1 -10 300 175 332 265 -1 -1 -1 -1000 -1000 -1000 -10 0.958063
167 16 car -1 -1 -10 0 172 243 300 -1 -1 -1 -1000 -1000 -1000 -10 0.999976
167 44 car -1 -1 -10 557 179 584 197 -1 -1 -1 -1000 -1000 -1000 -10 0.981743
167 45 car -1 -1 -10 511 180 545 199 -1 -1 -1 -1000 -1000 -1000 -10 0.997648
167 46 car -1 -1 -10 532 180 561 197 -1 -1 -1 -1000 -1000 -1000 -10 0.925734
167 48 pedestrian -1 -1 -10 299 176 333 264 -1 -1 -1 -1000 -1000 -1000 -10 0.961824
168 16 car -1 -1 -10 0 167 199 311 -1 -1 -1 -1000 -1000 -1000 -10 0.999812
168 44 car -1 -1 -10 562 182 588 197 -1 -1 -1 -1000 -1000 -1000 -10 0.317591
168 45 car -1 -1 -10 511 180 544 199 -1 -1 -1 -1000 -1000 -1000 -10 0.997214
168 46 car -1 -1 -10 536 181 564 196 -1 -1 -1 -1000 -1000 -1000 -10 0.840043
168 48 pedestrian -1 -1 -10 299 176 332 264 -1 -1 -1 -1000 -1000 -1000 -10 0.97691
169 16 car -1 -1 -10 0 166 151 320 -1 -1 -1 -1000 -1000 -1000 -10 0.999901
169 44 car -1 -1 -10 562 177 587 194 -1 -1 -1 -1000 -1000 -1000 -10 0.463054
169 45 car -1 -1 -10 511 180 545 199 -1 -1 -1 -1000 -1000 -1000 -10 0.993907
169 46 car -1 -1 -10 530 181 560 197 -1 -1 -1 -1000 -1000 -1000 -10 0.65297
169 48 pedestrian -1 -1 -10 298 176 333 264 -1 -1 -1 -1000 -1000 -1000 -10 0.978502
169 49 car -1 -1 -10 116 187 198 216 -1 -1 -1 -1000 -1000 -1000 -10 0.55076
170 16 car -1 -1 -10 0 170 100 322 -1 -1 -1 -1000 -1000 -1000 -10 0.981361
170 44 car -1 -1 -10 559 181 587 195 -1 -1 -1 -1000 -1000 -1000 -10 0.422437
170 45 car -1 -1 -10 511 180 545 198 -1 -1 -1 -1000 -1000 -1000 -10 0.974524
170 46 car -1 -1 -10 542 182 568 196 -1 -1 -1 -1000 -1000 -1000 -10 0.382377
170 48 pedestrian -1 -1 -10 299 176 332 264 -1 -1 -1 -1000 -1000 -1000 -10 0.982105
171 44 car -1 -1 -10 548 178 577 194 -1 -1 -1 -1000 -1000 -1000 -10 0.38409
171 45 car -1 -1 -10 510 182 539 198 -1 -1 -1 -1000 -1000 -1000 -10 0.95373
171 46 car -1 -1 -10 528 181 559 197 -1 -1 -1 -1000 -1000 -1000 -10 0.525907
171 48 pedestrian -1 -1 -10 298 177 333 264 -1 -1 -1 -1000 -1000 -1000 -10 0.984122
171 50 car -1 -1 -10 583 177 609 194 -1 -1 -1 -1000 -1000 -1000 -10 0.625588
171 51 car -1 -1 -10 562 178 587 194 -1 -1 -1 -1000 -1000 -1000 -10 0.341016
172 44 car -1 -1 -10 538 178 565 194 -1 -1 -1 -1000 -1000 -1000 -10 0.541755
172 46 car -1 -1 -10 520 181 546 196 -1 -1 -1 -1000 -1000 -1000 -10 0.454496
172 48 pedestrian -1 -1 -10 298 178 334 263 -1 -1 -1 -1000 -1000 -1000 -10 0.97932
172 50 car -1 -1 -10 582 176 608 194 -1 -1 -1 -1000 -1000 -1000 -10 0.521801
173 44 car -1 -1 -10 525 181 555 196 -1 -1 -1 -1000 -1000 -1000 -10 0.503377
173 48 pedestrian -1 -1 -10 298 177 332 264 -1 -1 -1 -1000 -1000 -1000 -10 0.979779
173 50 car -1 -1 -10 581 175 608 194 -1 -1 -1 -1000 -1000 -1000 -10 0.656282
173 51 car -1 -1 -10 561 181 587 197 -1 -1 -1 -1000 -1000 -1000 -10 0.521019
173 52 car -1 -1 -10 592 175 620 193 -1 -1 -1 -1000 -1000 -1000 -10 0.490727
174 45 car -1 -1 -10 506 181 536 198 -1 -1 -1 -1000 -1000 -1000 -10 0.560175
174 48 pedestrian -1 -1 -10 298 176 333 264 -1 -1 -1 -1000 -1000 -1000 -10 0.977407
174 50 car -1 -1 -10 571 176 598 195 -1 -1 -1 -1000 -1000 -1000 -10 0.661166
174 51 car -1 -1 -10 549 180 580 198 -1 -1 -1 -1000 -1000 -1000 -10 0.722643
174 53 car -1 -1 -10 581 176 609 194 -1 -1 -1 -1000 -1000 -1000 -10 0.491294
175 45 car -1 -1 -10 506 181 537 197 -1 -1 -1 -1000 -1000 -1000 -10 0.61204
175 48 pedestrian -1 -1 -10 298 176 332 264 -1 -1 -1 -1000 -1000 -1000 -10 0.980159
175 51 car -1 -1 -10 539 181 567 198 -1 -1 -1 -1000 -1000 -1000 -10 0.45637
175 53 car -1 -1 -10 580 177 607 193 -1 -1 -1 -1000 -1000 -1000 -10 0.733467
176 48 pedestrian -1 -1 -10 299 177 332 264 -1 -1 -1 -1000 -1000 -1000 -10 0.975922
176 50 car -1 -1 -10 560 178 587 195 -1 -1 -1 -1000 -1000 -1000 -10 0.40855
176 51 car -1 -1 -10 526 181 557 199 -1 -1 -1 -1000 -1000 -1000 -10 0.616206
176 54 car -1 -1 -10 550 181 579 198 -1 -1 -1 -1000 -1000 -1000 -10 0.319258
177 48 pedestrian -1 -1 -10 299 177 332 264 -1 -1 -1 -1000 -1000 -1000 -10 0.973453
177 50 car -1 -1 -10 561 178 589 194 -1 -1 -1 -1000 -1000 -1000 -10 0.664999
177 51 car -1 -1 -10 515 182 547 200 -1 -1 -1 -1000 -1000 -1000 -10 0.664234
177 53 car -1 -1 -10 581 178 607 194 -1 -1 -1 -1000 -1000 -1000 -10 0.699584
178 44 car -1 -1 -10 528 182 558 200 -1 -1 -1 -1000 -1000 -1000 -10 0.313595
178 48 pedestrian -1 -1 -10 299 178 332 264 -1 -1 -1 -1000 -1000 -1000 -10 0.973221
178 51 car -1 -1 -10 507 182 537 200 -1 -1 -1 -1000 -1000 -1000 -10 0.683982
178 53 car -1 -1 -10 583 178 608 194 -1 -1 -1 -1000 -1000 -1000 -10 0.772466
178 54 car -1 -1 -10 550 182 578 197 -1 -1 -1 -1000 -1000 -1000 -10 0.314651
178 55 car -1 -1 -10 570 180 597 195 -1 -1 -1 -1000 -1000 -1000 -10 0.520414
179 44 car -1 -1 -10 538 181 566 197 -1 -1 -1 -1000 -1000 -1000 -10 0.499838
179 48 pedestrian -1 -1 -10 299 177 332 264 -1 -1 -1 -1000 -1000 -1000 -10 0.971735
179 53 car -1 -1 -10 579 178 606 194 -1 -1 -1 -1000 -1000 -1000 -10 0.584645
179 55 car -1 -1 -10 569 180 598 196 -1 -1 -1 -1000 -1000 -1000 -10 0.570572
179 56 car -1 -1 -10 516 182 548 200 -1 -1 -1 -1000 -1000 -1000 -10 0.442295
180 44 car -1 -1 -10 528 182 557 198 -1 -1 -1 -1000 -1000 -1000 -10 0.534452
180 48 pedestrian -1 -1 -10 299 177 332 264 -1 -1 -1 -1000 -1000 -1000 -10 0.969808
180 55 car -1 -1 -10 568 180 597 196 -1 -1 -1 -1000 -1000 -1000 -10 0.500796
180 56 car -1 -1 -10 517 182 547 199 -1 -1 -1 -1000 -1000 -1000 -10 0.606895
180 57 car -1 -1 -10 478 184 505 202 -1 -1 -1 -1000 -1000 -1000 -10 0.657355
180 58 car -1 -1 -10 442 183 474 201 -1 -1 -1 -1000 -1000 -1000 -10 0.48611
181 44 car -1 -1 -10 528 181 558 198 -1 -1 -1 -1000 -1000 -1000 -10 0.309134
181 48 pedestrian -1 -1 -10 299 178 332 264 -1 -1 -1 -1000 -1000 -1000 -10 0.973675
181 55 car -1 -1 -10 559 180 587 196 -1 -1 -1 -1000 -1000 -1000 -10 0.509398
181 56 car -1 -1 -10 509 182 538 199 -1 -1 -1 -1000 -1000 -1000 -10 0.69023
181 57 car -1 -1 -10 468 183 495 201 -1 -1 -1 -1000 -1000 -1000 -10 0.589082
181 58 car -1 -1 -10 430 183 461 202 -1 -1 -1 -1000 -1000 -1000 -10 0.357527
182 44 car -1 -1 -10 526 180 558 198 -1 -1 -1 -1000 -1000 -1000 -10 0.510881
182 48 pedestrian -1 -1 -10 299 177 332 264 -1 -1 -1 -1000 -1000 -1000 -10 0.975565
182 50 car -1 -1 -10 561 178 587 194 -1 -1 -1 -1000 -1000 -1000 -10 0.335039
182 53 car -1 -1 -10 572 177 598 193 -1 -1 -1 -1000 -1000 -1000 -10 0.712201
182 57 car -1 -1 -10 453 181 482 200 -1 -1 -1 -1000 -1000 -1000 -10 0.553947
182 58 car -1 -1 -10 415 182 445 200 -1 -1 -1 -1000 -1000 -1000 -10 0.484758
183 44 car -1 -1 -10 527 179 557 197 -1 -1 -1 -1000 -1000 -1000 -10 0.301244
183 48 pedestrian -1 -1 -10 299 177 332 265 -1 -1 -1 -1000 -1000 -1000 -10 0.975382
183 52 car -1 -1 -10 582 175 610 194 -1 -1 -1 -1000 -1000 -1000 -10 0.353017
183 53 car -1 -1 -10 570 176 597 194 -1 -1 -1 -1000 -1000 -1000 -10 0.591595
183 59 car -1 -1 -10 538 176 566 195 -1 -1 -1 -1000 -1000 -1000 -10 0.373229
183 60 car -1 -1 -10 520 177 547 195 -1 -1 -1 -1000 -1000 -1000 -10 0.354584
184 48 pedestrian -1 -1 -10 299 176 333 265 -1 -1 -1 -1000 -1000 -1000 -10 0.966497
184 50 car -1 -1 -10 559 177 586 195 -1 -1 -1 -1000 -1000 -1000 -10 0.404452
184 52 car -1 -1 -10 580 175 607 194 -1 -1 -1 -1000 -1000 -1000 -10 0.335733
184 57 car -1 -1 -10 426 180 454 201 -1 -1 -1 -1000 -1000 -1000 -10 0.375643
184 60 car -1 -1 -10 519 177 547 195 -1 -1 -1 -1000 -1000 -1000 -10 0.444846
185 48 pedestrian -1 -1 -10 299 176 333 266 -1 -1 -1 -1000 -1000 -1000 -10 0.948693
185 50 car -1 -1 -10 557 180 589 198 -1 -1 -1 -1000 -1000 -1000 -10 0.631102
185 52 car -1 -1 -10 582 176 607 194 -1 -1 -1 -1000 -1000 -1000 -10 0.352012
186 48 pedestrian -1 -1 -10 300 175 333 267 -1 -1 -1 -1000 -1000 -1000 -10 0.944956
186 50 car -1 -1 -10 547 180 578 198 -1 -1 -1 -1000 -1000 -1000 -10 0.511064
186 53 car -1 -1 -10 572 176 597 194 -1 -1 -1 -1000 -1000 -1000 -10 0.563617
187 48 pedestrian -1 -1 -10 303 172 336 267 -1 -1 -1 -1000 -1000 -1000 -10 0.800506
187 50 car -1 -1 -10 536 180 567 199 -1 -1 -1 -1000 -1000 -1000 -10 0.431117
187 53 car -1 -1 -10 560 176 588 194 -1 -1 -1 -1000 -1000 -1000 -10 0.537836
187 60 car -1 -1 -10 518 181 546 198 -1 -1 -1 -1000 -1000 -1000 -10 0.390036
188 48 pedestrian -1 -1 -10 302 171 336 270 -1 -1 -1 -1000 -1000 -1000 -10 0.938999
188 50 car -1 -1 -10 527 180 556 199 -1 -1 -1 -1000 -1000 -1000 -10 0.581603
188 54 car -1 -1 -10 549 181 578 198 -1 -1 -1 -1000 -1000 -1000 -10 0.567844
188 56 car -1 -1 -10 508 181 538 199 -1 -1 -1 -1000 -1000 -1000 -10 0.317582
188 61 car -1 -1 -10 1157 165 1242 200 -1 -1 -1 -1000 -1000 -1000 -10 0.954388
188 62 car -1 -1 -10 568 180 601 199 -1 -1 -1 -1000 -1000 -1000 -10 0.743725
189 48 pedestrian -1 -1 -10 302 171 336 271 -1 -1 -1 -1000 -1000 -1000 -10 0.972254
189 52 car -1 -1 -10 582 177 608 195 -1 -1 -1 -1000 -1000 -1000 -10 0.52496
189 54 car -1 -1 -10 538 181 567 199 -1 -1 -1 -1000 -1000 -1000 -10 0.738536
189 56 car -1 -1 -10 508 181 540 200 -1 -1 -1 -1000 -1000 -1000 -10 0.6106
189 61 car -1 -1 -10 1148 163 1242 200 -1 -1 -1 -1000 -1000 -1000 -10 0.986321
189 62 car -1 -1 -10 558 181 589 198 -1 -1 -1 -1000 -1000 -1000 -10 0.667359
189 63 car -1 -1 -10 570 180 598 197 -1 -1 -1 -1000 -1000 -1000 -10 0.526425
190 48 pedestrian -1 -1 -10 302 176 337 267 -1 -1 -1 -1000 -1000 -1000 -10 0.977052
190 50 car -1 -1 -10 519 182 547 200 -1 -1 -1 -1000 -1000 -1000 -10 0.44906
190 54 car -1 -1 -10 537 181 569 199 -1 -1 -1 -1000 -1000 -1000 -10 0.51477
190 55 car -1 -1 -10 560 180 588 196 -1 -1 -1 -1000 -1000 -1000 -10 0.352872
190 56 car -1 -1 -10 498 183 527 199 -1 -1 -1 -1000 -1000 -1000 -10 0.32749
190 61 car -1 -1 -10 1129 160 1242 202 -1 -1 -1 -1000 -1000 -1000 -10 0.999347
190 63 car -1 -1 -10 571 177 597 195 -1 -1 -1 -1000 -1000 -1000 -10 0.749976
191 48 pedestrian -1 -1 -10 302 174 337 268 -1 -1 -1 -1000 -1000 -1000 -10 0.927244
191 50 car -1 -1 -10 508 182 538 200 -1 -1 -1 -1000 -1000 -1000 -10 0.749011
191 54 car -1 -1 -10 525 181 559 200 -1 -1 -1 -1000 -1000 -1000 -10 0.691944
191 55 car -1 -1 -10 557 179 585 197 -1 -1 -1 -1000 -1000 -1000 -10 0.975762
191 61 car -1 -1 -10 1117 163 1242 204 -1 -1 -1 -1000 -1000 -1000 -10 0.987296
192 48 pedestrian -1 -1 -10 301 175 338 267 -1 -1 -1 -1000 -1000 -1000 -10 0.98466
192 55 car -1 -1 -10 557 178 586 198 -1 -1 -1 -1000 -1000 -1000 -10 0.996167
192 60 car -1 -1 -10 513 180 547 199 -1 -1 -1 -1000 -1000 -1000 -10 0.739591
192 61 car -1 -1 -10 1100 162 1242 202 -1 -1 -1 -1000 -1000 -1000 -10 0.998755
193 44 car -1 -1 -10 530 180 560 197 -1 -1 -1 -1000 -1000 -1000 -10 0.981312
193 48 pedestrian -1 -1 -10 304 174 335 268 -1 -1 -1 -1000 -1000 -1000 -10 0.965643
193 55 car -1 -1 -10 557 178 587 198 -1 -1 -1 -1000 -1000 -1000 -10 0.996366
193 61 car -1 -1 -10 1090 161 1225 201 -1 -1 -1 -1000 -1000 -1000 -10 0.998827
194 44 car -1 -1 -10 529 181 559 198 -1 -1 -1 -1000 -1000 -1000 -10 0.848231
194 55 car -1 -1 -10 557 178 587 198 -1 -1 -1 -1000 -1000 -1000 -10 0.997098
194 60 car -1 -1 -10 516 180 543 197 -1 -1 -1 -1000 -1000 -1000 -10 0.963901
194 61 car -1 -1 -10 1080 163 1220 201 -1 -1 -1 -1000 -1000 -1000 -10 0.997766
194 64 pedestrian -1 -1 -10 303 174 335 271 -1 -1 -1 -1000 -1000 -1000 -10 0.94952
195 44 car -1 -1 -10 533 180 560 197 -1 -1 -1 -1000 -1000 -1000 -10 0.833479
195 55 car -1 -1 -10 557 178 587 198 -1 -1 -1 -1000 -1000 -1000 -10 0.997628
195 60 car -1 -1 -10 512 180 543 199 -1 -1 -1 -1000 -1000 -1000 -10 0.993154
195 61 car -1 -1 -10 1068 160 1199 202 -1 -1 -1 -1000 -1000 -1000 -10 0.998322
195 64 pedestrian -1 -1 -10 304 174 334 271 -1 -1 -1 -1000 -1000 -1000 -10 0.96723
196 44 car -1 -1 -10 532 180 561 197 -1 -1 -1 -1000 -1000 -1000 -10 0.807408
196 55 car -1 -1 -10 557 178 587 198 -1 -1 -1 -1000 -1000 -1000 -10 0.997568
196 60 car -1 -1 -10 512 179 544 199 -1 -1 -1 -1000 -1000 -1000 -10 0.99657
196 61 car -1 -1 -10 1063 161 1190 202 -1 -1 -1 -1000 -1000 -1000 -10 0.999336
196 64 pedestrian -1 -1 -10 300 172 334 272 -1 -1 -1 -1000 -1000 -1000 -10 0.962358
197 44 car -1 -1 -10 532 180 561 197 -1 -1 -1 -1000 -1000 -1000 -10 0.839729
197 55 car -1 -1 -10 557 178 587 198 -1 -1 -1 -1000 -1000 -1000 -10 0.997425
197 60 car -1 -1 -10 512 179 544 199 -1 -1 -1 -1000 -1000 -1000 -10 0.996515
197 61 car -1 -1 -10 1050 161 1182 203 -1 -1 -1 -1000 -1000 -1000 -10 0.999599
197 64 pedestrian -1 -1 -10 298 173 334 272 -1 -1 -1 -1000 -1000 -1000 -10 0.981366
198 44 car -1 -1 -10 532 180 561 197 -1 -1 -1 -1000 -1000 -1000 -10 0.836087
198 55 car -1 -1 -10 557 178 587 198 -1 -1 -1 -1000 -1000 -1000 -10 0.997371
198 60 car -1 -1 -10 511 180 544 199 -1 -1 -1 -1000 -1000 -1000 -10 0.9971
198 61 car -1 -1 -10 1041 160 1179 203 -1 -1 -1 -1000 -1000 -1000 -10 0.999677
198 64 pedestrian -1 -1 -10 297 174 333 272 -1 -1 -1 -1000 -1000 -1000 -10 0.991603
199 44 car -1 -1 -10 531 180 561 197 -1 -1 -1 -1000 -1000 -1000 -10 0.861436
199 55 car -1 -1 -10 557 178 587 198 -1 -1 -1 -1000 -1000 -1000 -10 0.997421
199 60 car -1 -1 -10 511 180 544 199 -1 -1 -1 -1000 -1000 -1000 -10 0.996849
199 61 car -1 -1 -10 1034 162 1169 203 -1 -1 -1 -1000 -1000 -1000 -10 0.999195
199 64 pedestrian -1 -1 -10 296 173 331 271 -1 -1 -1 -1000 -1000 -1000 -10 0.993883
200 44 car -1 -1 -10 531 180 561 197 -1 -1 -1 -1000 -1000 -1000 -10 0.857031
200 55 car -1 -1 -10 557 178 587 198 -1 -1 -1 -1000 -1000 -1000 -10 0.997228
200 60 car -1 -1 -10 511 180 544 199 -1 -1 -1 -1000 -1000 -1000 -10 0.997144
200 61 car -1 -1 -10 1026 161 1163 203 -1 -1 -1 -1000 -1000 -1000 -10 0.999901
200 65 pedestrian -1 -1 -10 295 172 329 272 -1 -1 -1 -1000 -1000 -1000 -10 0.995343
201 44 car -1 -1 -10 531 180 561 197 -1 -1 -1 -1000 -1000 -1000 -10 0.862996
201 55 car -1 -1 -10 557 178 587 198 -1 -1 -1 -1000 -1000 -1000 -10 0.997487
201 60 car -1 -1 -10 511 180 544 199 -1 -1 -1 -1000 -1000 -1000 -10 0.997546
201 61 car -1 -1 -10 1022 161 1154 203 -1 -1 -1 -1000 -1000 -1000 -10 0.999808
201 65 pedestrian -1 -1 -10 294 173 327 271 -1 -1 -1 -1000 -1000 -1000 -10 0.993885
202 44 car -1 -1 -10 531 180 561 197 -1 -1 -1 -1000 -1000 -1000 -10 0.877921
202 55 car -1 -1 -10 557 178 587 198 -1 -1 -1 -1000 -1000 -1000 -10 0.997565
202 60 car -1 -1 -10 511 180 544 199 -1 -1 -1 -1000 -1000 -1000 -10 0.997207
202 61 car -1 -1 -10 1017 162 1146 203 -1 -1 -1 -1000 -1000 -1000 -10 0.999485
202 65 pedestrian -1 -1 -10 294 176 326 269 -1 -1 -1 -1000 -1000 -1000 -10 0.992454
203 44 car -1 -1 -10 531 180 561 197 -1 -1 -1 -1000 -1000 -1000 -10 0.858767
203 55 car -1 -1 -10 557 178 587 198 -1 -1 -1 -1000 -1000 -1000 -10 0.997088
203 60 car -1 -1 -10 511 180 545 199 -1 -1 -1 -1000 -1000 -1000 -10 0.997134
203 61 car -1 -1 -10 1009 162 1141 202 -1 -1 -1 -1000 -1000 -1000 -10 0.999728
203 65 pedestrian -1 -1 -10 294 177 326 268 -1 -1 -1 -1000 -1000 -1000 -10 0.994538
204 44 car -1 -1 -10 531 180 561 197 -1 -1 -1 -1000 -1000 -1000 -10 0.85779
204 55 car -1 -1 -10 557 178 587 198 -1 -1 -1 -1000 -1000 -1000 -10 0.997719
204 60 car -1 -1 -10 511 180 545 199 -1 -1 -1 -1000 -1000 -1000 -10 0.997371
204 61 car -1 -1 -10 1005 163 1141 202 -1 -1 -1 -1000 -1000 -1000 -10 0.999816
204 65 pedestrian -1 -1 -10 295 175 325 270 -1 -1 -1 -1000 -1000 -1000 -10 0.988382
205 44 car -1 -1 -10 531 180 561 197 -1 -1 -1 -1000 -1000 -1000 -10 0.889485
205 55 car -1 -1 -10 557 178 587 198 -1 -1 -1 -1000 -1000 -1000 -10 0.997647
205 60 car -1 -1 -10 511 180 544 199 -1 -1 -1 -1000 -1000 -1000 -10 0.997365
205 61 car -1 -1 -10 1010 165 1124 202 -1 -1 -1 -1000 -1000 -1000 -10 0.998221
205 65 pedestrian -1 -1 -10 294 175 324 270 -1 -1 -1 -1000 -1000 -1000 -10 0.980334
206 44 car -1 -1 -10 531 180 561 197 -1 -1 -1 -1000 -1000 -1000 -10 0.87759
206 55 car -1 -1 -10 557 178 587 198 -1 -1 -1 -1000 -1000 -1000 -10 0.997566
206 60 car -1 -1 -10 511 180 545 199 -1 -1 -1 -1000 -1000 -1000 -10 0.997487
206 61 car -1 -1 -10 1007 166 1122 201 -1 -1 -1 -1000 -1000 -1000 -10 0.999212
206 65 pedestrian -1 -1 -10 290 173 323 271 -1 -1 -1 -1000 -1000 -1000 -10 0.952221
207 44 car -1 -1 -10 531 180 561 197 -1 -1 -1 -1000 -1000 -1000 -10 0.884499
207 55 car -1 -1 -10 557 178 587 198 -1 -1 -1 -1000 -1000 -1000 -10 0.997416
207 60 car -1 -1 -10 511 180 545 199 -1 -1 -1 -1000 -1000 -1000 -10 0.997371
207 61 car -1 -1 -10 1004 167 1117 201 -1 -1 -1 -1000 -1000 -1000 -10 0.998798
207 66 pedestrian -1 -1 -10 293 171 325 271 -1 -1 -1 -1000 -1000 -1000 -10 0.970486
208 44 car -1 -1 -10 531 180 562 197 -1 -1 -1 -1000 -1000 -1000 -10 0.887053
208 55 car -1 -1 -10 557 178 587 198 -1 -1 -1 -1000 -1000 -1000 -10 0.99743
208 60 car -1 -1 -10 511 180 545 199 -1 -1 -1 -1000 -1000 -1000 -10 0.997679
208 61 car -1 -1 -10 988 164 1125 203 -1 -1 -1 -1000 -1000 -1000 -10 0.996257
208 66 pedestrian -1 -1 -10 294 171 324 270 -1 -1 -1 -1000 -1000 -1000 -10 0.932605
209 44 car -1 -1 -10 531 180 562 197 -1 -1 -1 -1000 -1000 -1000 -10 0.866733
209 55 car -1 -1 -10 557 178 587 198 -1 -1 -1 -1000 -1000 -1000 -10 0.997583
209 60 car -1 -1 -10 511 180 545 199 -1 -1 -1 -1000 -1000 -1000 -10 0.997661
209 61 car -1 -1 -10 997 167 1113 202 -1 -1 -1 -1000 -1000 -1000 -10 0.998816
209 65 pedestrian -1 -1 -10 289 175 324 271 -1 -1 -1 -1000 -1000 -1000 -10 0.969888
210 44 car -1 -1 -10 531 180 561 197 -1 -1 -1 -1000 -1000 -1000 -10 0.88538
210 55 car -1 -1 -10 557 178 587 198 -1 -1 -1 -1000 -1000 -1000 -10 0.997538
210 60 car -1 -1 -10 511 180 545 199 -1 -1 -1 -1000 -1000 -1000 -10 0.997585
210 61 car -1 -1 -10 996 168 1110 202 -1 -1 -1 -1000 -1000 -1000 -10 0.998299
210 65 pedestrian -1 -1 -10 288 175 324 271 -1 -1 -1 -1000 -1000 -1000 -10 0.971786
211 44 car -1 -1 -10 531 180 561 197 -1 -1 -1 -1000 -1000 -1000 -10 0.878282
211 55 car -1 -1 -10 557 178 587 198 -1 -1 -1 -1000 -1000 -1000 -10 0.997709
211 60 car -1 -1 -10 511 180 545 199 -1 -1 -1 -1000 -1000 -1000 -10 0.997474
211 61 car -1 -1 -10 996 168 1108 202 -1 -1 -1 -1000 -1000 -1000 -10 0.998633
211 65 pedestrian -1 -1 -10 288 174 325 272 -1 -1 -1 -1000 -1000 -1000 -10 0.972636
212 44 car -1 -1 -10 531 180 562 197 -1 -1 -1 -1000 -1000 -1000 -10 0.902266
212 55 car -1 -1 -10 557 178 587 198 -1 -1 -1 -1000 -1000 -1000 -10 0.997429
212 60 car -1 -1 -10 511 180 545 199 -1 -1 -1 -1000 -1000 -1000 -10 0.997594
212 61 car -1 -1 -10 994 168 1106 202 -1 -1 -1 -1000 -1000 -1000 -10 0.998951
212 65 pedestrian -1 -1 -10 288 176 325 270 -1 -1 -1 -1000 -1000 -1000 -10 0.954727
213 44 car -1 -1 -10 531 180 562 197 -1 -1 -1 -1000 -1000 -1000 -10 0.88138
213 55 car -1 -1 -10 557 178 587 198 -1 -1 -1 -1000 -1000 -1000 -10 0.997463
213 60 car -1 -1 -10 511 180 545 199 -1 -1 -1 -1000 -1000 -1000 -10 0.997545
213 61 car -1 -1 -10 994 168 1106 202 -1 -1 -1 -1000 -1000 -1000 -10 0.998779
213 65 pedestrian -1 -1 -10 291 175 326 270 -1 -1 -1 -1000 -1000 -1000 -10 0.954558
214 44 car -1 -1 -10 530 180 562 197 -1 -1 -1 -1000 -1000 -1000 -10 0.887995
214 55 car -1 -1 -10 557 178 587 198 -1 -1 -1 -1000 -1000 -1000 -10 0.99756
214 60 car -1 -1 -10 511 180 545 199 -1 -1 -1 -1000 -1000 -1000 -10 0.997697
214 61 car -1 -1 -10 993 168 1106 202 -1 -1 -1 -1000 -1000 -1000 -10 0.997179
214 65 pedestrian -1 -1 -10 291 175 326 270 -1 -1 -1 -1000 -1000 -1000 -10 0.954386
215 44 car -1 -1 -10 531 180 562 197 -1 -1 -1 -1000 -1000 -1000 -10 0.902632
215 55 car -1 -1 -10 557 178 587 198 -1 -1 -1 -1000 -1000 -1000 -10 0.997371
215 60 car -1 -1 -10 511 180 545 199 -1 -1 -1 -1000 -1000 -1000 -10 0.997547
215 61 car -1 -1 -10 989 167 1103 203 -1 -1 -1 -1000 -1000 -1000 -10 0.996821
215 65 pedestrian -1 -1 -10 288 177 325 270 -1 -1 -1 -1000 -1000 -1000 -10 0.960625
216 44 car -1 -1 -10 531 180 561 197 -1 -1 -1 -1000 -1000 -1000 -10 0.889055
216 55 car -1 -1 -10 557 178 587 198 -1 -1 -1 -1000 -1000 -1000 -10 0.997474
216 60 car -1 -1 -10 511 180 545 199 -1 -1 -1 -1000 -1000 -1000 -10 0.997692
216 61 car -1 -1 -10 989 167 1103 203 -1 -1 -1 -1000 -1000 -1000 -10 0.996161
216 65 pedestrian -1 -1 -10 288 177 325 270 -1 -1 -1 -1000 -1000 -1000 -10 0.964978
217 44 car -1 -1 -10 531 180 561 197 -1 -1 -1 -1000 -1000 -1000 -10 0.878578
217 55 car -1 -1 -10 557 178 587 198 -1 -1 -1 -1000 -1000 -1000 -10 0.9976
217 60 car -1 -1 -10 511 180 545 199 -1 -1 -1 -1000 -1000 -1000 -10 0.997603
217 61 car -1 -1 -10 989 168 1103 202 -1 -1 -1 -1000 -1000 -1000 -10 0.996712
217 65 pedestrian -1 -1 -10 288 178 325 270 -1 -1 -1 -1000 -1000 -1000 -10 0.962825
218 44 car -1 -1 -10 531 180 561 197 -1 -1 -1 -1000 -1000 -1000 -10 0.872801
218 55 car -1 -1 -10 557 178 587 198 -1 -1 -1 -1000 -1000 -1000 -10 0.997665
218 60 car -1 -1 -10 511 180 545 199 -1 -1 -1 -1000 -1000 -1000 -10 0.997361
218 61 car -1 -1 -10 989 167 1103 203 -1 -1 -1 -1000 -1000 -1000 -10 0.995932
218 65 pedestrian -1 -1 -10 288 178 325 271 -1 -1 -1 -1000 -1000 -1000 -10 0.959201
219 44 car -1 -1 -10 531 180 562 197 -1 -1 -1 -1000 -1000 -1000 -10 0.889937
219 55 car -1 -1 -10 557 178 587 198 -1 -1 -1 -1000 -1000 -1000 -10 0.997629
219 60 car -1 -1 -10 511 180 545 199 -1 -1 -1 -1000 -1000 -1000 -10 0.997453
219 61 car -1 -1 -10 989 167 1104 203 -1 -1 -1 -1000 -1000 -1000 -10 0.995689
219 67 pedestrian -1 -1 -10 288 177 325 271 -1 -1 -1 -1000 -1000 -1000 -10 0.961387
220 44 car -1 -1 -10 531 180 562 197 -1 -1 -1 -1000 -1000 -1000 -10 0.871999
220 55 car -1 -1 -10 557 178 587 198 -1 -1 -1 -1000 -1000 -1000 -10 0.9977
220 60 car -1 -1 -10 511 180 545 199 -1 -1 -1 -1000 -1000 -1000 -10 0.997647
220 61 car -1 -1 -10 989 167 1104 203 -1 -1 -1 -1000 -1000 -1000 -10 0.995954
220 67 pedestrian -1 -1 -10 288 177 325 271 -1 -1 -1 -1000 -1000 -1000 -10 0.968715
221 44 car -1 -1 -10 531 180 562 197 -1 -1 -1 -1000 -1000 -1000 -10 0.877585
221 55 car -1 -1 -10 557 178 587 198 -1 -1 -1 -1000 -1000 -1000 -10 0.997642
221 60 car -1 -1 -10 511 180 545 199 -1 -1 -1 -1000 -1000 -1000 -10 0.997483
221 61 car -1 -1 -10 992 168 1106 202 -1 -1 -1 -1000 -1000 -1000 -10 0.995488
221 67 pedestrian -1 -1 -10 288 178 325 271 -1 -1 -1 -1000 -1000 -1000 -10 0.976548
222 44 car -1 -1 -10 531 180 562 197 -1 -1 -1 -1000 -1000 -1000 -10 0.897018
222 55 car -1 -1 -10 557 178 587 198 -1 -1 -1 -1000 -1000 -1000 -10 0.997563
222 60 car -1 -1 -10 511 180 545 199 -1 -1 -1 -1000 -1000 -1000 -10 0.997492
222 61 car -1 -1 -10 989 167 1104 203 -1 -1 -1 -1000 -1000 -1000 -10 0.996419
222 67 pedestrian -1 -1 -10 288 177 325 270 -1 -1 -1 -1000 -1000 -1000 -10 0.974362
223 44 car -1 -1 -10 531 180 561 197 -1 -1 -1 -1000 -1000 -1000 -10 0.885861
223 55 car -1 -1 -10 557 178 587 198 -1 -1 -1 -1000 -1000 -1000 -10 0.997654
223 60 car -1 -1 -10 511 180 545 199 -1 -1 -1 -1000 -1000 -1000 -10 0.997584
223 61 car -1 -1 -10 993 168 1106 201 -1 -1 -1 -1000 -1000 -1000 -10 0.995818
223 65 pedestrian -1 -1 -10 288 177 325 271 -1 -1 -1 -1000 -1000 -1000 -10 0.977757
224 44 car -1 -1 -10 531 180 562 197 -1 -1 -1 -1000 -1000 -1000 -10 0.880569
224 55 car -1 -1 -10 557 178 588 198 -1 -1 -1 -1000 -1000 -1000 -10 0.997541
224 60 car -1 -1 -10 511 180 545 199 -1 -1 -1 -1000 -1000 -1000 -10 0.997676
224 61 car -1 -1 -10 993 168 1106 201 -1 -1 -1 -1000 -1000 -1000 -10 0.995274
224 65 pedestrian -1 -1 -10 288 178 325 270 -1 -1 -1 -1000 -1000 -1000 -10 0.974546
224 68 car -1 -1 -10 574 177 599 193 -1 -1 -1 -1000 -1000 -1000 -10 0.867491
225 44 car -1 -1 -10 531 180 561 197 -1 -1 -1 -1000 -1000 -1000 -10 0.887222
225 55 car -1 -1 -10 557 178 588 198 -1 -1 -1 -1000 -1000 -1000 -10 0.997737
225 60 car -1 -1 -10 511 180 545 199 -1 -1 -1 -1000 -1000 -1000 -10 0.99733
225 61 car -1 -1 -10 988 167 1104 203 -1 -1 -1 -1000 -1000 -1000 -10 0.996247
225 65 pedestrian -1 -1 -10 288 177 325 271 -1 -1 -1 -1000 -1000 -1000 -10 0.975949
226 44 car -1 -1 -10 531 180 562 197 -1 -1 -1 -1000 -1000 -1000 -10 0.884898
226 55 car -1 -1 -10 557 178 587 198 -1 -1 -1 -1000 -1000 -1000 -10 0.997744
226 60 car -1 -1 -10 511 180 545 199 -1 -1 -1 -1000 -1000 -1000 -10 0.99737
226 61 car -1 -1 -10 988 167 1104 203 -1 -1 -1 -1000 -1000 -1000 -10 0.995528
226 65 pedestrian -1 -1 -10 288 177 325 271 -1 -1 -1 -1000 -1000 -1000 -10 0.971174
227 44 car -1 -1 -10 531 180 561 197 -1 -1 -1 -1000 -1000 -1000 -10 0.89941
227 55 car -1 -1 -10 557 178 587 198 -1 -1 -1 -1000 -1000 -1000 -10 0.997511
227 60 car -1 -1 -10 511 180 545 199 -1 -1 -1 -1000 -1000 -1000 -10 0.997419
227 61 car -1 -1 -10 988 167 1104 203 -1 -1 -1 -1000 -1000 -1000 -10 0.995731
227 65 pedestrian -1 -1 -10 288 177 325 271 -1 -1 -1 -1000 -1000 -1000 -10 0.970731
228 44 car -1 -1 -10 531 180 562 197 -1 -1 -1 -1000 -1000 -1000 -10 0.893077
228 55 car -1 -1 -10 557 178 587 198 -1 -1 -1 -1000 -1000 -1000 -10 0.997632
228 60 car -1 -1 -10 511 180 545 199 -1 -1 -1 -1000 -1000 -1000 -10 0.997311
228 61 car -1 -1 -10 988 167 1104 203 -1 -1 -1 -1000 -1000 -1000 -10 0.995076
228 65 pedestrian -1 -1 -10 288 177 325 271 -1 -1 -1 -1000 -1000 -1000 -10 0.969841
229 44 car -1 -1 -10 531 180 562 197 -1 -1 -1 -1000 -1000 -1000 -10 0.888591
229 55 car -1 -1 -10 557 178 587 198 -1 -1 -1 -1000 -1000 -1000 -10 0.997797
229 60 car -1 -1 -10 511 180 545 199 -1 -1 -1 -1000 -1000 -1000 -10 0.997525
229 61 car -1 -1 -10 988 167 1104 203 -1 -1 -1 -1000 -1000 -1000 -10 0.996112
229 65 pedestrian -1 -1 -10 288 177 325 271 -1 -1 -1 -1000 -1000 -1000 -10 0.965972
230 44 car -1 -1 -10 531 180 561 197 -1 -1 -1 -1000 -1000 -1000 -10 0.897001
230 55 car -1 -1 -10 557 178 587 198 -1 -1 -1 -1000 -1000 -1000 -10 0.997589
230 60 car -1 -1 -10 511 180 545 199 -1 -1 -1 -1000 -1000 -1000 -10 0.997579
230 61 car -1 -1 -10 989 167 1104 203 -1 -1 -1 -1000 -1000 -1000 -10 0.996458
230 65 pedestrian -1 -1 -10 288 177 325 271 -1 -1 -1 -1000 -1000 -1000 -10 0.966129
231 44 car -1 -1 -10 531 180 561 197 -1 -1 -1 -1000 -1000 -1000 -10 0.892297
231 55 car -1 -1 -10 557 178 587 198 -1 -1 -1 -1000 -1000 -1000 -10 0.997598
231 60 car -1 -1 -10 511 180 545 199 -1 -1 -1 -1000 -1000 -1000 -10 0.997699
231 61 car -1 -1 -10 989 167 1104 203 -1 -1 -1 -1000 -1000 -1000 -10 0.995694
231 65 pedestrian -1 -1 -10 288 177 325 271 -1 -1 -1 -1000 -1000 -1000 -10 0.958381
231 68 car -1 -1 -10 574 177 599 194 -1 -1 -1 -1000 -1000 -1000 -10 0.88012
232 44 car -1 -1 -10 531 180 561 197 -1 -1 -1 -1000 -1000 -1000 -10 0.889891
232 55 car -1 -1 -10 557 178 587 198 -1 -1 -1 -1000 -1000 -1000 -10 0.997369
232 60 car -1 -1 -10 511 180 545 199 -1 -1 -1 -1000 -1000 -1000 -10 0.997387
232 61 car -1 -1 -10 989 167 1104 203 -1 -1 -1 -1000 -1000 -1000 -10 0.996443
232 65 pedestrian -1 -1 -10 288 177 325 271 -1 -1 -1 -1000 -1000 -1000 -10 0.963329
