0 0 car -1 -1 -10 605 175 683 236 -1 -1 -1 -1000 -1000 -1000 -10 0.999994
0 1 car -1 -1 -10 348 180 391 209 -1 -1 -1 -1000 -1000 -1000 -10 0.999779
0 2 car -1 -1 -10 424 179 464 205 -1 -1 -1 -1000 -1000 -1000 -10 0.995009
1 0 car -1 -1 -10 603 176 676 234 -1 -1 -1 -1000 -1000 -1000 -10 0.999992
1 1 car -1 -1 -10 337 179 385 211 -1 -1 -1 -1000 -1000 -1000 -10 0.999781
1 2 car -1 -1 -10 415 178 457 207 -1 -1 -1 -1000 -1000 -1000 -10 0.999097
2 0 car -1 -1 -10 598 177 672 235 -1 -1 -1 -1000 -1000 -1000 -10 0.999986
2 1 car -1 -1 -10 324 181 376 212 -1 -1 -1 -1000 -1000 -1000 -10 0.999522
2 2 car -1 -1 -10 404 180 452 210 -1 -1 -1 -1000 -1000 -1000 -10 0.999827
3 0 car -1 -1 -10 596 180 669 238 -1 -1 -1 -1000 -1000 -1000 -10 0.999915
3 1 car -1 -1 -10 309 183 367 216 -1 -1 -1 -1000 -1000 -1000 -10 0.999756
3 2 car -1 -1 -10 391 182 445 216 -1 -1 -1 -1000 -1000 -1000 -10 0.999846
4 0 car -1 -1 -10 594 181 664 238 -1 -1 -1 -1000 -1000 -1000 -10 0.999982
4 1 car -1 -1 -10 295 184 355 218 -1 -1 -1 -1000 -1000 -1000 -10 0.999967
4 2 car -1 -1 -10 377 184 434 218 -1 -1 -1 -1000 -1000 -1000 -10 0.999921
5 0 car -1 -1 -10 590 181 662 238 -1 -1 -1 -1000 -1000 -1000 -10 0.999985
5 1 car -1 -1 -10 277 183 342 221 -1 -1 -1 -1000 -1000 -1000 -10 0.999985
5 2 car -1 -1 -10 357 184 422 223 -1 -1 -1 -1000 -1000 -1000 -10 0.999991
6 0 car -1 -1 -10 587 181 659 238 -1 -1 -1 -1000 -1000 -1000 -10 0.99998
6 1 car -1 -1 -10 256 184 324 225 -1 -1 -1 -1000 -1000 -1000 -10 0.999996
6 2 car -1 -1 -10 333 183 410 228 -1 -1 -1 -1000 -1000 -1000 -10 0.999982
7 0 car -1 -1 -10 585 182 654 239 -1 -1 -1 -1000 -1000 -1000 -10 0.999968
7 1 car -1 -1 -10 226 186 310 231 -1 -1 -1 -1000 -1000 -1000 -10 0.999959
7 2 car -1 -1 -10 301 187 388 237 -1 -1 -1 -1000 -1000 -1000 -10 0.999997
8 0 car -1 -1 -10 586 184 650 240 -1 -1 -1 -1000 -1000 -1000 -10 0.99999
8 1 car -1 -1 -10 194 187 284 238 -1 -1 -1 -1000 -1000 -1000 -10 0.999956
8 2 car -1 -1 -10 255 187 368 248 -1 -1 -1 -1000 -1000 -1000 -10 0.999996
9 0 car -1 -1 -10 584 183 648 240 -1 -1 -1 -1000 -1000 -1000 -10 0.999992
9 1 car -1 -1 -10 145 186 256 244 -1 -1 -1 -1000 -1000 -1000 -10 0.999532
9 2 car -1 -1 -10 196 187 339 261 -1 -1 -1 -1000 -1000 -1000 -10 0.999979
10 0 car -1 -1 -10 581 182 645 239 -1 -1 -1 -1000 -1000 -1000 -10 0.999984
10 1 car -1 -1 -10 93 185 219 246 -1 -1 -1 -1000 -1000 -1000 -10 0.999728
10 2 car -1 -1 -10 100 190 298 273 -1 -1 -1 -1000 -1000 -1000 -10 0.999843
11 0 car -1 -1 -10 577 181 642 238 -1 -1 -1 -1000 -1000 -1000 -10 0.999971
11 1 car -1 -1 -10 23 187 167 255 -1 -1 -1 -1000 -1000 -1000 -10 0.920012
11 2 car -1 -1 -10 0 191 224 295 -1 -1 -1 -1000 -1000 -1000 -10 0.99866
12 0 car -1 -1 -10 575 181 639 238 -1 -1 -1 -1000 -1000 -1000 -10 0.999988
12 1 car -1 -1 -10 0 188 102 246 -1 -1 -1 -1000 -1000 -1000 -10 0.976364
12 2 car -1 -1 -10 0 194 143 326 -1 -1 -1 -1000 -1000 -1000 -10 0.99882
13 0 car -1 -1 -10 574 181 634 238 -1 -1 -1 -1000 -1000 -1000 -10 0.99999
13 3 car -1 -1 -10 0 191 46 282 -1 -1 -1 -1000 -1000 -1000 -10 0.923118
14 0 car -1 -1 -10 572 179 631 235 -1 -1 -1 -1000 -1000 -1000 -10 0.999987
15 0 car -1 -1 -10 567 177 630 236 -1 -1 -1 -1000 -1000 -1000 -10 0.999966
16 0 car -1 -1 -10 568 175 625 235 -1 -1 -1 -1000 -1000 -1000 -10 0.999996
17 0 car -1 -1 -10 566 176 622 234 -1 -1 -1 -1000 -1000 -1000 -10 0.999997
18 0 car -1 -1 -10 563 177 620 235 -1 -1 -1 -1000 -1000 -1000 -10 0.999992
19 0 car -1 -1 -10 562 177 619 234 -1 -1 -1 -1000 -1000 -1000 -10 0.999985
20 0 car -1 -1 -10 562 179 619 234 -1 -1 -1 -1000 -1000 -1000 -10 0.999979
21 0 car -1 -1 -10 562 179 619 234 -1 -1 -1 -1000 -1000 -1000 -10 0.999928
22 0 car -1 -1 -10 562 179 619 234 -1 -1 -1 -1000 -1000 -1000 -10 0.999852
23 0 car -1 -1 -10 562 179 619 235 -1 -1 -1 -1000 -1000 -1000 -10 0.999862
24 0 car -1 -1 -10 562 178 620 234 -1 -1 -1 -1000 -1000 -1000 -10 0.999946
25 0 car -1 -1 -10 563 178 619 233 -1 -1 -1 -1000 -1000 -1000 -10 0.999974
26 0 car -1 -1 -10 563 176 620 232 -1 -1 -1 -1000 -1000 -1000 -10 0.999979
27 0 car -1 -1 -10 564 175 620 232 -1 -1 -1 -1000 -1000 -1000 -10 0.99998
28 0 car -1 -1 -10 564 174 621 232 -1 -1 -1 -1000 -1000 -1000 -10 0.99998
29 0 car -1 -1 -10 567 173 622 232 -1 -1 -1 -1000 -1000 -1000 -10 0.999942
30 0 car -1 -1 -10 569 171 622 232 -1 -1 -1 -1000 -1000 -1000 -10 0.999964
31 0 car -1 -1 -10 569 173 624 232 -1 -1 -1 -1000 -1000 -1000 -10 0.999976
32 0 car -1 -1 -10 570 174 625 234 -1 -1 -1 -1000 -1000 -1000 -10 0.99992
33 0 car -1 -1 -10 571 176 626 234 -1 -1 -1 -1000 -1000 -1000 -10 0.999946
34 0 car -1 -1 -10 573 178 629 233 -1 -1 -1 -1000 -1000 -1000 -10 0.999964
35 0 car -1 -1 -10 574 178 629 232 -1 -1 -1 -1000 -1000 -1000 -10 0.99997
36 0 car -1 -1 -10 575 176 629 232 -1 -1 -1 -1000 -1000 -1000 -10 0.999968
37 0 car -1 -1 -10 577 175 631 231 -1 -1 -1 -1000 -1000 -1000 -10 0.99996
38 0 car -1 -1 -10 577 174 630 231 -1 -1 -1 -1000 -1000 -1000 -10 0.999971
39 0 car -1 -1 -10 578 175 630 231 -1 -1 -1 -1000 -1000 -1000 -10 0.999971
40 0 car -1 -1 -10 578 175 630 231 -1 -1 -1 -1000 -1000 -1000 -10 0.999975
41 0 car -1 -1 -10 579 176 631 231 -1 -1 -1 -1000 -1000 -1000 -10 0.999986
42 0 car -1 -1 -10 579 177 631 230 -1 -1 -1 -1000 -1000 -1000 -10 0.999985
43 0 car -1 -1 -10 580 176 631 232 -1 -1 -1 -1000 -1000 -1000 -10 0.999983
44 0 car -1 -1 -10 580 177 630 232 -1 -1 -1 -1000 -1000 -1000 -10 0.999956
45 0 car -1 -1 -10 580 178 629 232 -1 -1 -1 -1000 -1000 -1000 -10 0.999962
46 0 car -1 -1 -10 580 178 629 232 -1 -1 -1 -1000 -1000 -1000 -10 0.999954
47 0 car -1 -1 -10 579 178 629 231 -1 -1 -1 -1000 -1000 -1000 -10 0.999955
48 0 car -1 -1 -10 578 178 629 231 -1 -1 -1 -1000 -1000 -1000 -10 0.999977
49 0 car -1 -1 -10 578 178 628 232 -1 -1 -1 -1000 -1000 -1000 -10 0.999971
50 0 car -1 -1 -10 578 179 628 232 -1 -1 -1 -1000 -1000 -1000 -10 0.999952
51 0 car -1 -1 -10 578 180 626 233 -1 -1 -1 -1000 -1000 -1000 -10 0.999955
52 0 car -1 -1 -10 577 180 626 231 -1 -1 -1 -1000 -1000 -1000 -10 0.999974
53 0 car -1 -1 -10 575 179 626 230 -1 -1 -1 -1000 -1000 -1000 -10 0.999966
54 0 car -1 -1 -10 574 178 623 230 -1 -1 -1 -1000 -1000 -1000 -10 0.999956
55 0 car -1 -1 -10 573 177 622 228 -1 -1 -1 -1000 -1000 -1000 -10 0.999961
56 0 car -1 -1 -10 572 175 621 226 -1 -1 -1 -1000 -1000 -1000 -10 0.999948
57 0 car -1 -1 -10 571 176 620 226 -1 -1 -1 -1000 -1000 -1000 -10 0.999937
58 0 car -1 -1 -10 570 179 619 228 -1 -1 -1 -1000 -1000 -1000 -10 0.99992
59 0 car -1 -1 -10 569 181 617 232 -1 -1 -1 -1000 -1000 -1000 -10 0.999934
60 0 car -1 -1 -10 567 184 617 235 -1 -1 -1 -1000 -1000 -1000 -10 0.999925
61 0 car -1 -1 -10 566 183 615 231 -1 -1 -1 -1000 -1000 -1000 -10 0.999848
62 0 car -1 -1 -10 564 176 616 223 -1 -1 -1 -1000 -1000 -1000 -10 0.999895
63 0 car -1 -1 -10 565 172 615 218 -1 -1 -1 -1000 -1000 -1000 -10 0.999945
64 0 car -1 -1 -10 564 174 613 222 -1 -1 -1 -1000 -1000 -1000 -10 0.999726
65 0 car -1 -1 -10 565 178 615 227 -1 -1 -1 -1000 -1000 -1000 -10 0.999948
66 0 car -1 -1 -10 564 180 612 229 -1 -1 -1 -1000 -1000 -1000 -10 0.999818
67 0 car -1 -1 -10 564 180 612 228 -1 -1 -1 -1000 -1000 -1000 -10 0.999857
68 0 car -1 -1 -10 564 177 612 226 -1 -1 -1 -1000 -1000 -1000 -10 0.999931
68 4 car -1 -1 -10 502 179 527 198 -1 -1 -1 -1000 -1000 -1000 -10 0.993375
69 0 car -1 -1 -10 564 176 613 225 -1 -1 -1 -1000 -1000 -1000 -10 0.999943
69 4 car -1 -1 -10 498 178 525 198 -1 -1 -1 -1000 -1000 -1000 -10 0.987249
70 0 car -1 -1 -10 564 175 612 223 -1 -1 -1 -1000 -1000 -1000 -10 0.999877
70 4 car -1 -1 -10 494 177 522 196 -1 -1 -1 -1000 -1000 -1000 -10 0.970474
71 0 car -1 -1 -10 565 175 612 223 -1 -1 -1 -1000 -1000 -1000 -10 0.999894
71 4 car -1 -1 -10 485 178 517 199 -1 -1 -1 -1000 -1000 -1000 -10 0.998368
72 0 car -1 -1 -10 565 176 612 225 -1 -1 -1 -1000 -1000 -1000 -10 0.999837
72 4 car -1 -1 -10 478 180 513 202 -1 -1 -1 -1000 -1000 -1000 -10 0.998605
73 0 car -1 -1 -10 565 176 615 224 -1 -1 -1 -1000 -1000 -1000 -10 0.999846
73 4 car -1 -1 -10 471 181 508 206 -1 -1 -1 -1000 -1000 -1000 -10 0.999794
74 0 car -1 -1 -10 565 176 615 223 -1 -1 -1 -1000 -1000 -1000 -10 0.999784
74 4 car -1 -1 -10 462 181 502 208 -1 -1 -1 -1000 -1000 -1000 -10 0.999745
74 5 car -1 -1 -10 535 176 561 197 -1 -1 -1 -1000 -1000 -1000 -10 0.996685
75 0 car -1 -1 -10 565 176 615 222 -1 -1 -1 -1000 -1000 -1000 -10 0.999748
75 4 car -1 -1 -10 451 183 494 211 -1 -1 -1 -1000 -1000 -1000 -10 0.999382
75 5 car -1 -1 -10 530 177 560 200 -1 -1 -1 -1000 -1000 -1000 -10 0.99991
76 0 car -1 -1 -10 566 176 615 223 -1 -1 -1 -1000 -1000 -1000 -10 0.999825
76 4 car -1 -1 -10 438 183 484 215 -1 -1 -1 -1000 -1000 -1000 -10 0.999858
76 5 car -1 -1 -10 526 177 556 203 -1 -1 -1 -1000 -1000 -1000 -10 0.999954
77 0 car -1 -1 -10 566 176 615 223 -1 -1 -1 -1000 -1000 -1000 -10 0.999629
77 4 car -1 -1 -10 421 184 475 218 -1 -1 -1 -1000 -1000 -1000 -10 0.999862
77 5 car -1 -1 -10 520 177 552 204 -1 -1 -1 -1000 -1000 -1000 -10 0.999974
78 0 car -1 -1 -10 567 180 615 226 -1 -1 -1 -1000 -1000 -1000 -10 0.999796
78 4 car -1 -1 -10 402 187 459 226 -1 -1 -1 -1000 -1000 -1000 -10 0.999975
78 5 car -1 -1 -10 513 181 547 211 -1 -1 -1 -1000 -1000 -1000 -10 0.999968
79 0 car -1 -1 -10 567 186 616 232 -1 -1 -1 -1000 -1000 -1000 -10 0.999451
79 4 car -1 -1 -10 376 195 444 238 -1 -1 -1 -1000 -1000 -1000 -10 0.999992
79 5 car -1 -1 -10 505 188 544 220 -1 -1 -1 -1000 -1000 -1000 -10 0.999987
80 0 car -1 -1 -10 568 185 616 232 -1 -1 -1 -1000 -1000 -1000 -10 0.999688
80 4 car -1 -1 -10 347 197 424 247 -1 -1 -1 -1000 -1000 -1000 -10 0.999993
80 5 car -1 -1 -10 492 189 540 223 -1 -1 -1 -1000 -1000 -1000 -10 0.999903
81 0 car -1 -1 -10 569 183 616 229 -1 -1 -1 -1000 -1000 -1000 -10 0.999766
81 4 car -1 -1 -10 301 194 402 260 -1 -1 -1 -1000 -1000 -1000 -10 0.999941
81 5 car -1 -1 -10 482 188 531 225 -1 -1 -1 -1000 -1000 -1000 -10 0.999413
82 0 car -1 -1 -10 570 183 616 229 -1 -1 -1 -1000 -1000 -1000 -10 0.999809
82 4 car -1 -1 -10 239 197 371 275 -1 -1 -1 -1000 -1000 -1000 -10 0.999994
82 6 car -1 -1 -10 466 188 522 232 -1 -1 -1 -1000 -1000 -1000 -10 0.999996
82 7 car -1 -1 -10 787 171 825 191 -1 -1 -1 -1000 -1000 -1000 -10 0.973594
83 0 car -1 -1 -10 570 182 617 228 -1 -1 -1 -1000 -1000 -1000 -10 0.999864
83 4 car -1 -1 -10 144 201 328 295 -1 -1 -1 -1000 -1000 -1000 -10 0.999968
83 6 car -1 -1 -10 443 187 510 240 -1 -1 -1 -1000 -1000 -1000 -10 0.999997
83 7 car -1 -1 -10 791 169 828 192 -1 -1 -1 -1000 -1000 -1000 -10 0.98423
84 0 car -1 -1 -10 569 180 617 225 -1 -1 -1 -1000 -1000 -1000 -10 0.999674
84 4 car -1 -1 -10 0 204 261 329 -1 -1 -1 -1000 -1000 -1000 -10 0.999788
84 6 car -1 -1 -10 411 181 498 251 -1 -1 -1 -1000 -1000 -1000 -10 0.999908
84 7 car -1 -1 -10 798 167 832 189 -1 -1 -1 -1000 -1000 -1000 -10 0.941139
85 0 car -1 -1 -10 570 178 617 223 -1 -1 -1 -1000 -1000 -1000 -10 0.999752
85 4 car -1 -1 -10 0 212 154 364 -1 -1 -1 -1000 -1000 -1000 -10 0.999872
85 6 car -1 -1 -10 361 181 478 272 -1 -1 -1 -1000 -1000 -1000 -10 0.999984
85 7 car -1 -1 -10 803 163 838 188 -1 -1 -1 -1000 -1000 -1000 -10 0.954092
86 0 car -1 -1 -10 570 178 617 224 -1 -1 -1 -1000 -1000 -1000 -10 0.999749
86 6 car -1 -1 -10 280 186 451 300 -1 -1 -1 -1000 -1000 -1000 -10 0.99999
86 7 car -1 -1 -10 804 164 846 187 -1 -1 -1 -1000 -1000 -1000 -10 0.967255
87 0 car -1 -1 -10 570 179 618 225 -1 -1 -1 -1000 -1000 -1000 -10 0.999769
87 6 car -1 -1 -10 117 194 404 357 -1 -1 -1 -1000 -1000 -1000 -10 0.999994
87 7 car -1 -1 -10 809 167 853 191 -1 -1 -1 -1000 -1000 -1000 -10 0.994999
88 0 car -1 -1 -10 570 179 618 226 -1 -1 -1 -1000 -1000 -1000 -10 0.999714
88 6 car -1 -1 -10 0 194 330 375 -1 -1 -1 -1000 -1000 -1000 -10 0.999783
88 7 car -1 -1 -10 814 166 856 190 -1 -1 -1 -1000 -1000 -1000 -10 0.99056
88 8 car -1 -1 -10 784 170 817 189 -1 -1 -1 -1000 -1000 -1000 -10 0.691688
89 0 car -1 -1 -10 570 179 618 225 -1 -1 -1 -1000 -1000 -1000 -10 0.999678
89 4 car -1 -1 -10 0 214 142 375 -1 -1 -1 -1000 -1000 -1000 -10 0.995695
89 7 car -1 -1 -10 820 165 867 190 -1 -1 -1 -1000 -1000 -1000 -10 0.933252
89 8 car -1 -1 -10 784 170 819 189 -1 -1 -1 -1000 -1000 -1000 -10 0.944094
90 0 car -1 -1 -10 570 179 618 225 -1 -1 -1 -1000 -1000 -1000 -10 0.999571
90 7 car -1 -1 -10 827 164 869 187 -1 -1 -1 -1000 -1000 -1000 -10 0.826007
90 8 car -1 -1 -10 790 168 823 189 -1 -1 -1 -1000 -1000 -1000 -10 0.965905
91 0 car -1 -1 -10 570 178 617 224 -1 -1 -1 -1000 -1000 -1000 -10 0.999402
91 7 car -1 -1 -10 830 165 883 190 -1 -1 -1 -1000 -1000 -1000 -10 0.949379
91 8 car -1 -1 -10 796 165 827 186 -1 -1 -1 -1000 -1000 -1000 -10 0.900142
92 0 car -1 -1 -10 570 176 617 223 -1 -1 -1 -1000 -1000 -1000 -10 0.999567
92 7 car -1 -1 -10 834 162 890 189 -1 -1 -1 -1000 -1000 -1000 -10 0.991179
92 8 car -1 -1 -10 797 165 835 186 -1 -1 -1 -1000 -1000 -1000 -10 0.650796
93 0 car -1 -1 -10 570 175 617 223 -1 -1 -1 -1000 -1000 -1000 -10 0.999671
93 7 car -1 -1 -10 833 159 897 189 -1 -1 -1 -1000 -1000 -1000 -10 0.99465
93 8 car -1 -1 -10 798 161 844 187 -1 -1 -1 -1000 -1000 -1000 -10 0.958719
94 0 car -1 -1 -10 570 177 616 224 -1 -1 -1 -1000 -1000 -1000 -10 0.999498
94 7 car -1 -1 -10 850 159 904 187 -1 -1 -1 -1000 -1000 -1000 -10 0.929804
94 8 car -1 -1 -10 801 164 849 186 -1 -1 -1 -1000 -1000 -1000 -10 0.988011
95 0 car -1 -1 -10 569 179 616 225 -1 -1 -1 -1000 -1000 -1000 -10 0.9996
95 7 car -1 -1 -10 854 158 919 188 -1 -1 -1 -1000 -1000 -1000 -10 0.924731
95 8 car -1 -1 -10 810 163 854 187 -1 -1 -1 -1000 -1000 -1000 -10 0.992549
96 0 car -1 -1 -10 569 179 614 225 -1 -1 -1 -1000 -1000 -1000 -10 0.999673
96 7 car -1 -1 -10 860 158 929 189 -1 -1 -1 -1000 -1000 -1000 -10 0.997067
96 8 car -1 -1 -10 816 163 856 186 -1 -1 -1 -1000 -1000 -1000 -10 0.99527
97 0 car -1 -1 -10 568 178 614 224 -1 -1 -1 -1000 -1000 -1000 -10 0.99966
97 7 car -1 -1 -10 869 155 937 190 -1 -1 -1 -1000 -1000 -1000 -10 0.999134
97 8 car -1 -1 -10 819 161 866 185 -1 -1 -1 -1000 -1000 -1000 -10 0.998211
98 0 car -1 -1 -10 567 177 614 224 -1 -1 -1 -1000 -1000 -1000 -10 0.999496
98 7 car -1 -1 -10 875 153 946 188 -1 -1 -1 -1000 -1000 -1000 -10 0.999384
98 8 car -1 -1 -10 825 159 869 183 -1 -1 -1 -1000 -1000 -1000 -10 0.985697
98 9 car -1 -1 -10 807 166 836 185 -1 -1 -1 -1000 -1000 -1000 -10 0.896996
99 0 car -1 -1 -10 565 175 611 223 -1 -1 -1 -1000 -1000 -1000 -10 0.999852
99 7 car -1 -1 -10 884 152 959 188 -1 -1 -1 -1000 -1000 -1000 -10 0.999418
99 8 car -1 -1 -10 832 159 875 182 -1 -1 -1 -1000 -1000 -1000 -10 0.984368
99 9 car -1 -1 -10 814 164 847 185 -1 -1 -1 -1000 -1000 -1000 -10 0.834783
100 0 car -1 -1 -10 566 176 611 224 -1 -1 -1 -1000 -1000 -1000 -10 0.999894
100 7 car -1 -1 -10 893 151 970 190 -1 -1 -1 -1000 -1000 -1000 -10 0.998494
100 8 car -1 -1 -10 840 160 884 184 -1 -1 -1 -1000 -1000 -1000 -10 0.964138
100 9 car -1 -1 -10 817 166 852 185 -1 -1 -1 -1000 -1000 -1000 -10 0.973361
101 0 car -1 -1 -10 564 179 610 226 -1 -1 -1 -1000 -1000 -1000 -10 0.999748
101 7 car -1 -1 -10 903 152 989 192 -1 -1 -1 -1000 -1000 -1000 -10 0.998885
101 8 car -1 -1 -10 842 160 890 187 -1 -1 -1 -1000 -1000 -1000 -10 0.994905
101 9 car -1 -1 -10 821 168 861 188 -1 -1 -1 -1000 -1000 -1000 -10 0.770002
102 0 car -1 -1 -10 563 180 611 227 -1 -1 -1 -1000 -1000 -1000 -10 0.999757
102 7 car -1 -1 -10 918 153 1006 192 -1 -1 -1 -1000 -1000 -1000 -10 0.980044
102 8 car -1 -1 -10 849 160 903 188 -1 -1 -1 -1000 -1000 -1000 -10 0.995776
102 9 car -1 -1 -10 825 169 869 190 -1 -1 -1 -1000 -1000 -1000 -10 0.886464
103 0 car -1 -1 -10 563 180 611 226 -1 -1 -1 -1000 -1000 -1000 -10 0.999711
103 7 car -1 -1 -10 932 152 1023 194 -1 -1 -1 -1000 -1000 -1000 -10 0.998874
103 8 car -1 -1 -10 858 159 913 189 -1 -1 -1 -1000 -1000 -1000 -10 0.99791
103 9 car -1 -1 -10 831 169 876 191 -1 -1 -1 -1000 -1000 -1000 -10 0.956513
104 0 car -1 -1 -10 564 178 611 226 -1 -1 -1 -1000 -1000 -1000 -10 0.999752
104 7 car -1 -1 -10 943 150 1044 194 -1 -1 -1 -1000 -1000 -1000 -10 0.999027
104 8 car -1 -1 -10 867 158 923 188 -1 -1 -1 -1000 -1000 -1000 -10 0.999175
104 9 car -1 -1 -10 840 167 883 189 -1 -1 -1 -1000 -1000 -1000 -10 0.981365
105 0 car -1 -1 -10 563 177 610 226 -1 -1 -1 -1000 -1000 -1000 -10 0.999811
105 7 car -1 -1 -10 954 146 1071 194 -1 -1 -1 -1000 -1000 -1000 -10 0.9998
105 8 car -1 -1 -10 876 157 940 188 -1 -1 -1 -1000 -1000 -1000 -10 0.999194
105 9 car -1 -1 -10 847 168 891 189 -1 -1 -1 -1000 -1000 -1000 -10 0.989903
106 0 car -1 -1 -10 563 178 611 226 -1 -1 -1 -1000 -1000 -1000 -10 0.999872
106 7 car -1 -1 -10 971 144 1096 197 -1 -1 -1 -1000 -1000 -1000 -10 0.999939
106 8 car -1 -1 -10 885 155 956 189 -1 -1 -1 -1000 -1000 -1000 -10 0.999603
106 9 car -1 -1 -10 855 168 901 190 -1 -1 -1 -1000 -1000 -1000 -10 0.995392
107 0 car -1 -1 -10 564 178 611 226 -1 -1 -1 -1000 -1000 -1000 -10 0.999931
107 7 car -1 -1 -10 989 147 1132 199 -1 -1 -1 -1000 -1000 -1000 -10 0.999068
107 8 car -1 -1 -10 895 156 976 190 -1 -1 -1 -1000 -1000 -1000 -10 0.999316
107 9 car -1 -1 -10 867 168 911 190 -1 -1 -1 -1000 -1000 -1000 -10 0.996441
108 0 car -1 -1 -10 564 178 612 226 -1 -1 -1 -1000 -1000 -1000 -10 0.99988
108 7 car -1 -1 -10 1008 146 1161 201 -1 -1 -1 -1000 -1000 -1000 -10 0.999199
108 8 car -1 -1 -10 908 155 986 191 -1 -1 -1 -1000 -1000 -1000 -10 0.999739
108 9 car -1 -1 -10 873 167 923 190 -1 -1 -1 -1000 -1000 -1000 -10 0.99726
108 10 car -1 -1 -10 519 177 544 198 -1 -1 -1 -1000 -1000 -1000 -10 0.998038
109 0 car -1 -1 -10 564 177 612 227 -1 -1 -1 -1000 -1000 -1000 -10 0.999926
109 7 car -1 -1 -10 1030 144 1188 203 -1 -1 -1 -1000 -1000 -1000 -10 0.992415
109 8 car -1 -1 -10 923 154 996 191 -1 -1 -1 -1000 -1000 -1000 -10 0.999929
109 9 car -1 -1 -10 883 167 935 190 -1 -1 -1 -1000 -1000 -1000 -10 0.992914
109 10 car -1 -1 -10 514 177 541 199 -1 -1 -1 -1000 -1000 -1000 -10 0.998978
110 0 car -1 -1 -10 564 176 612 228 -1 -1 -1 -1000 -1000 -1000 -10 0.999929
110 7 car -1 -1 -10 1051 142 1242 202 -1 -1 -1 -1000 -1000 -1000 -10 0.910493
110 8 car -1 -1 -10 932 154 1026 191 -1 -1 -1 -1000 -1000 -1000 -10 0.999905
110 9 car -1 -1 -10 893 166 947 192 -1 -1 -1 -1000 -1000 -1000 -10 0.995402
110 10 car -1 -1 -10 510 177 537 201 -1 -1 -1 -1000 -1000 -1000 -10 0.999474
111 0 car -1 -1 -10 564 177 613 228 -1 -1 -1 -1000 -1000 -1000 -10 0.999904
111 7 car -1 -1 -10 1079 142 1242 205 -1 -1 -1 -1000 -1000 -1000 -10 0.993092
111 8 car -1 -1 -10 948 151 1046 191 -1 -1 -1 -1000 -1000 -1000 -10 0.999626
111 9 car -1 -1 -10 903 165 960 191 -1 -1 -1 -1000 -1000 -1000 -10 0.979991
111 10 car -1 -1 -10 506 178 533 201 -1 -1 -1 -1000 -1000 -1000 -10 0.999692
112 0 car -1 -1 -10 565 178 615 227 -1 -1 -1 -1000 -1000 -1000 -10 0.999926
112 7 car -1 -1 -10 1115 136 1242 208 -1 -1 -1 -1000 -1000 -1000 -10 0.991433
112 8 car -1 -1 -10 966 151 1064 193 -1 -1 -1 -1000 -1000 -1000 -10 0.999497
112 9 car -1 -1 -10 918 165 980 192 -1 -1 -1 -1000 -1000 -1000 -10 0.981092
112 10 car -1 -1 -10 500 178 530 204 -1 -1 -1 -1000 -1000 -1000 -10 0.99978
113 0 car -1 -1 -10 565 180 616 227 -1 -1 -1 -1000 -1000 -1000 -10 0.999929
113 7 car -1 -1 -10 1150 138 1242 208 -1 -1 -1 -1000 -1000 -1000 -10 0.984377
113 8 car -1 -1 -10 983 151 1087 196 -1 -1 -1 -1000 -1000 -1000 -10 0.998161
113 9 car -1 -1 -10 927 168 998 194 -1 -1 -1 -1000 -1000 -1000 -10 0.968049
113 10 car -1 -1 -10 493 180 528 207 -1 -1 -1 -1000 -1000 -1000 -10 0.999879
114 0 car -1 -1 -10 565 180 617 228 -1 -1 -1 -1000 -1000 -1000 -10 0.999924
114 7 car -1 -1 -10 1189 139 1242 211 -1 -1 -1 -1000 -1000 -1000 -10 0.996762
114 8 car -1 -1 -10 993 149 1120 199 -1 -1 -1 -1000 -1000 -1000 -10 0.999292
114 9 car -1 -1 -10 940 168 1017 197 -1 -1 -1 -1000 -1000 -1000 -10 0.999062
114 10 car -1 -1 -10 485 180 521 209 -1 -1 -1 -1000 -1000 -1000 -10 0.999847
115 0 car -1 -1 -10 566 177 617 227 -1 -1 -1 -1000 -1000 -1000 -10 0.999908
115 8 car -1 -1 -10 1011 148 1154 198 -1 -1 -1 -1000 -1000 -1000 -10 0.999514
115 9 car -1 -1 -10 955 164 1041 194 -1 -1 -1 -1000 -1000 -1000 -10 0.998222
115 10 car -1 -1 -10 475 178 514 209 -1 -1 -1 -1000 -1000 -1000 -10 0.999813
116 0 car -1 -1 -10 567 174 618 225 -1 -1 -1 -1000 -1000 -1000 -10 0.999861
116 8 car -1 -1 -10 1035 144 1182 196 -1 -1 -1 -1000 -1000 -1000 -10 0.999725
116 9 car -1 -1 -10 972 161 1066 195 -1 -1 -1 -1000 -1000 -1000 -10 0.997864
116 10 car -1 -1 -10 464 177 508 212 -1 -1 -1 -1000 -1000 -1000 -10 0.999704
117 0 car -1 -1 -10 567 175 619 227 -1 -1 -1 -1000 -1000 -1000 -10 0.999677
117 8 car -1 -1 -10 1062 140 1216 196 -1 -1 -1 -1000 -1000 -1000 -10 0.996833
117 9 car -1 -1 -10 990 158 1079 193 -1 -1 -1 -1000 -1000 -1000 -10 0.999403
117 10 car -1 -1 -10 451 180 500 218 -1 -1 -1 -1000 -1000 -1000 -10 0.998437
117 11 car -1 -1 -10 525 176 551 195 -1 -1 -1 -1000 -1000 -1000 -10 0.996226
118 0 car -1 -1 -10 568 177 619 227 -1 -1 -1 -1000 -1000 -1000 -10 0.999658
118 8 car -1 -1 -10 1090 139 1242 200 -1 -1 -1 -1000 -1000 -1000 -10 0.999493
118 9 car -1 -1 -10 1010 160 1111 197 -1 -1 -1 -1000 -1000 -1000 -10 0.998789
118 10 car -1 -1 -10 434 182 488 223 -1 -1 -1 -1000 -1000 -1000 -10 0.999809
118 11 car -1 -1 -10 521 178 548 198 -1 -1 -1 -1000 -1000 -1000 -10 0.999119
119 0 car -1 -1 -10 568 181 619 230 -1 -1 -1 -1000 -1000 -1000 -10 0.999856
119 8 car -1 -1 -10 1121 143 1242 208 -1 -1 -1 -1000 -1000 -1000 -10 0.999856
119 9 car -1 -1 -10 1020 161 1142 208 -1 -1 -1 -1000 -1000 -1000 -10 0.999036
119 10 car -1 -1 -10 415 187 475 233 -1 -1 -1 -1000 -1000 -1000 -10 0.999881
119 11 car -1 -1 -10 518 182 545 203 -1 -1 -1 -1000 -1000 -1000 -10 0.999671
120 0 car -1 -1 -10 568 181 620 230 -1 -1 -1 -1000 -1000 -1000 -10 0.999897
120 8 car -1 -1 -10 1157 145 1242 208 -1 -1 -1 -1000 -1000 -1000 -10 0.999283
120 9 car -1 -1 -10 1051 161 1166 208 -1 -1 -1 -1000 -1000 -1000 -10 0.996764
120 10 car -1 -1 -10 385 188 457 240 -1 -1 -1 -1000 -1000 -1000 -10 0.999965
120 11 car -1 -1 -10 513 182 542 205 -1 -1 -1 -1000 -1000 -1000 -10 0.999557
121 0 car -1 -1 -10 567 175 619 227 -1 -1 -1 -1000 -1000 -1000 -10 0.999766
121 8 car -1 -1 -10 1194 148 1242 210 -1 -1 -1 -1000 -1000 -1000 -10 0.961484
121 9 car -1 -1 -10 1075 160 1204 209 -1 -1 -1 -1000 -1000 -1000 -10 0.999934
121 10 car -1 -1 -10 350 181 436 246 -1 -1 -1 -1000 -1000 -1000 -10 0.999931
121 11 car -1 -1 -10 507 177 538 200 -1 -1 -1 -1000 -1000 -1000 -10 0.999717
122 0 car -1 -1 -10 569 173 620 226 -1 -1 -1 -1000 -1000 -1000 -10 0.999814
122 9 car -1 -1 -10 1104 159 1242 208 -1 -1 -1 -1000 -1000 -1000 -10 0.999978
122 10 car -1 -1 -10 297 179 412 259 -1 -1 -1 -1000 -1000 -1000 -10 0.999994
122 11 car -1 -1 -10 500 176 536 199 -1 -1 -1 -1000 -1000 -1000 -10 0.998697
123 0 car -1 -1 -10 568 173 621 226 -1 -1 -1 -1000 -1000 -1000 -10 0.99954
123 9 car -1 -1 -10 1128 155 1242 206 -1 -1 -1 -1000 -1000 -1000 -10 0.99989
123 10 car -1 -1 -10 216 187 374 280 -1 -1 -1 -1000 -1000 -1000 -10 0.999916
123 11 car -1 -1 -10 493 175 529 203 -1 -1 -1 -1000 -1000 -1000 -10 0.999834
124 0 car -1 -1 -10 569 172 621 226 -1 -1 -1 -1000 -1000 -1000 -10 0.999705
124 9 car -1 -1 -10 1163 149 1242 202 -1 -1 -1 -1000 -1000 -1000 -10 0.97249
124 10 car -1 -1 -10 85 193 315 323 -1 -1 -1 -1000 -1000 -1000 -10 0.999926
124 11 car -1 -1 -10 485 177 522 205 -1 -1 -1 -1000 -1000 -1000 -10 0.999975
125 0 car -1 -1 -10 569 174 621 227 -1 -1 -1 -1000 -1000 -1000 -10 0.999227
125 8 car -1 -1 -10 1205 154 1242 203 -1 -1 -1 -1000 -1000 -1000 -10 0.956577
125 10 car -1 -1 -10 0 205 216 375 -1 -1 -1 -1000 -1000 -1000 -10 0.999518
125 11 car -1 -1 -10 473 180 516 210 -1 -1 -1 -1000 -1000 -1000 -10 0.999797
126 0 car -1 -1 -10 569 177 622 229 -1 -1 -1 -1000 -1000 -1000 -10 0.999786
126 11 car -1 -1 -10 463 184 509 217 -1 -1 -1 -1000 -1000 -1000 -10 0.999699
127 0 car -1 -1 -10 568 179 622 230 -1 -1 -1 -1000 -1000 -1000 -10 0.999847
127 11 car -1 -1 -10 446 186 500 223 -1 -1 -1 -1000 -1000 -1000 -10 0.999792
128 0 car -1 -1 -10 568 179 621 230 -1 -1 -1 -1000 -1000 -1000 -10 0.999748
128 11 car -1 -1 -10 428 189 486 228 -1 -1 -1 -1000 -1000 -1000 -10 0.999921
129 0 car -1 -1 -10 568 176 622 231 -1 -1 -1 -1000 -1000 -1000 -10 0.999626
129 11 car -1 -1 -10 406 188 472 233 -1 -1 -1 -1000 -1000 -1000 -10 0.999993
130 0 car -1 -1 -10 568 175 621 230 -1 -1 -1 -1000 -1000 -1000 -10 0.999473
130 11 car -1 -1 -10 374 189 458 241 -1 -1 -1 -1000 -1000 -1000 -10 0.999972
131 0 car -1 -1 -10 568 174 621 229 -1 -1 -1 -1000 -1000 -1000 -10 0.999746
131 11 car -1 -1 -10 328 189 435 252 -1 -1 -1 -1000 -1000 -1000 -10 0.999994
132 0 car -1 -1 -10 567 176 621 229 -1 -1 -1 -1000 -1000 -1000 -10 0.999807
132 11 car -1 -1 -10 276 196 405 271 -1 -1 -1 -1000 -1000 -1000 -10 0.999997
132 12 car -1 -1 -10 807 161 844 184 -1 -1 -1 -1000 -1000 -1000 -10 0.763418
133 0 car -1 -1 -10 566 177 621 230 -1 -1 -1 -1000 -1000 -1000 -10 0.99986
133 11 car -1 -1 -10 183 200 374 301 -1 -1 -1 -1000 -1000 -1000 -10 0.999982
134 0 car -1 -1 -10 566 179 620 232 -1 -1 -1 -1000 -1000 -1000 -10 0.999891
134 11 car -1 -1 -10 27 203 318 341 -1 -1 -1 -1000 -1000 -1000 -10 0.999993
134 12 car -1 -1 -10 816 163 856 187 -1 -1 -1 -1000 -1000 -1000 -10 0.476765
135 0 car -1 -1 -10 566 180 619 233 -1 -1 -1 -1000 -1000 -1000 -10 0.99982
135 10 car -1 -1 -10 0 216 221 374 -1 -1 -1 -1000 -1000 -1000 -10 0.999735
135 12 car -1 -1 -10 824 166 860 190 -1 -1 -1 -1000 -1000 -1000 -10 0.454457
135 13 car -1 -1 -10 807 172 842 190 -1 -1 -1 -1000 -1000 -1000 -10 0.784739
136 0 car -1 -1 -10 567 179 620 234 -1 -1 -1 -1000 -1000 -1000 -10 0.999906
136 12 car -1 -1 -10 832 166 870 192 -1 -1 -1 -1000 -1000 -1000 -10 0.698847
136 13 car -1 -1 -10 811 171 849 192 -1 -1 -1 -1000 -1000 -1000 -10 0.872563
136 14 car -1 -1 -10 0 214 70 375 -1 -1 -1 -1000 -1000 -1000 -10 0.447504
137 0 car -1 -1 -10 568 179 621 233 -1 -1 -1 -1000 -1000 -1000 -10 0.999852
137 12 car -1 -1 -10 840 166 875 193 -1 -1 -1 -1000 -1000 -1000 -10 0.870527
137 13 car -1 -1 -10 822 170 852 192 -1 -1 -1 -1000 -1000 -1000 -10 0.980908
138 0 car -1 -1 -10 569 178 622 232 -1 -1 -1 -1000 -1000 -1000 -10 0.999918
138 12 car -1 -1 -10 845 165 882 192 -1 -1 -1 -1000 -1000 -1000 -10 0.974127
138 13 car -1 -1 -10 825 169 861 192 -1 -1 -1 -1000 -1000 -1000 -10 0.776959
138 15 car -1 -1 -10 644 178 670 198 -1 -1 -1 -1000 -1000 -1000 -10 0.990718
139 0 car -1 -1 -10 569 175 622 230 -1 -1 -1 -1000 -1000 -1000 -10 0.999875
139 12 car -1 -1 -10 854 164 891 192 -1 -1 -1 -1000 -1000 -1000 -10 0.842923
139 13 car -1 -1 -10 829 170 865 189 -1 -1 -1 -1000 -1000 -1000 -10 0.961688
139 15 car -1 -1 -10 645 174 671 196 -1 -1 -1 -1000 -1000 -1000 -10 0.998254
140 0 car -1 -1 -10 571 172 623 229 -1 -1 -1 -1000 -1000 -1000 -10 0.99993
140 12 car -1 -1 -10 858 162 899 188 -1 -1 -1 -1000 -1000 -1000 -10 0.98849
140 13 car -1 -1 -10 836 165 872 187 -1 -1 -1 -1000 -1000 -1000 -10 0.943148
140 15 car -1 -1 -10 647 174 673 194 -1 -1 -1 -1000 -1000 -1000 -10 0.997563
141 0 car -1 -1 -10 572 173 626 229 -1 -1 -1 -1000 -1000 -1000 -10 0.999906
141 12 car -1 -1 -10 865 161 912 187 -1 -1 -1 -1000 -1000 -1000 -10 0.976545
141 13 car -1 -1 -10 842 165 883 187 -1 -1 -1 -1000 -1000 -1000 -10 0.983605
141 15 car -1 -1 -10 649 173 678 196 -1 -1 -1 -1000 -1000 -1000 -10 0.998613
142 0 car -1 -1 -10 574 175 628 230 -1 -1 -1 -1000 -1000 -1000 -10 0.999798
142 12 car -1 -1 -10 876 161 919 188 -1 -1 -1 -1000 -1000 -1000 -10 0.996578
142 15 car -1 -1 -10 652 175 680 197 -1 -1 -1 -1000 -1000 -1000 -10 0.991199
142 16 car -1 -1 -10 850 167 888 188 -1 -1 -1 -1000 -1000 -1000 -10 0.967607
143 0 car -1 -1 -10 574 176 630 231 -1 -1 -1 -1000 -1000 -1000 -10 0.999926
143 12 car -1 -1 -10 884 161 933 190 -1 -1 -1 -1000 -1000 -1000 -10 0.995641
143 15 car -1 -1 -10 655 175 683 201 -1 -1 -1 -1000 -1000 -1000 -10 0.997809
143 16 car -1 -1 -10 858 167 899 189 -1 -1 -1 -1000 -1000 -1000 -10 0.991297
144 0 car -1 -1 -10 577 174 630 233 -1 -1 -1 -1000 -1000 -1000 -10 0.999955
144 12 car -1 -1 -10 894 160 945 191 -1 -1 -1 -1000 -1000 -1000 -10 0.990012
144 15 car -1 -1 -10 656 176 687 202 -1 -1 -1 -1000 -1000 -1000 -10 0.998602
144 16 car -1 -1 -10 864 167 909 190 -1 -1 -1 -1000 -1000 -1000 -10 0.99608
145 0 car -1 -1 -10 579 175 632 234 -1 -1 -1 -1000 -1000 -1000 -10 0.99998
145 12 car -1 -1 -10 907 161 957 194 -1 -1 -1 -1000 -1000 -1000 -10 0.995413
145 15 car -1 -1 -10 660 177 690 204 -1 -1 -1 -1000 -1000 -1000 -10 0.999718
145 16 car -1 -1 -10 873 169 918 193 -1 -1 -1 -1000 -1000 -1000 -10 0.998411
146 0 car -1 -1 -10 580 175 633 234 -1 -1 -1 -1000 -1000 -1000 -10 0.999945
146 12 car -1 -1 -10 917 162 968 193 -1 -1 -1 -1000 -1000 -1000 -10 0.995233
146 15 car -1 -1 -10 661 179 694 204 -1 -1 -1 -1000 -1000 -1000 -10 0.999738
146 16 car -1 -1 -10 886 167 928 194 -1 -1 -1 -1000 -1000 -1000 -10 0.997086
147 0 car -1 -1 -10 582 175 634 233 -1 -1 -1 -1000 -1000 -1000 -10 0.999976
147 12 car -1 -1 -10 927 162 978 193 -1 -1 -1 -1000 -1000 -1000 -10 0.960873
147 15 car -1 -1 -10 664 179 697 206 -1 -1 -1 -1000 -1000 -1000 -10 0.999892
147 16 car -1 -1 -10 891 169 941 193 -1 -1 -1 -1000 -1000 -1000 -10 0.897544
148 0 car -1 -1 -10 582 175 636 233 -1 -1 -1 -1000 -1000 -1000 -10 0.999982
148 12 car -1 -1 -10 941 162 1002 196 -1 -1 -1 -1000 -1000 -1000 -10 0.996654
148 15 car -1 -1 -10 667 177 701 207 -1 -1 -1 -1000 -1000 -1000 -10 0.999808
148 16 car -1 -1 -10 900 169 952 194 -1 -1 -1 -1000 -1000 -1000 -10 0.99924
149 0 car -1 -1 -10 584 177 639 233 -1 -1 -1 -1000 -1000 -1000 -10 0.999965
149 12 car -1 -1 -10 953 162 1020 200 -1 -1 -1 -1000 -1000 -1000 -10 0.9997
149 15 car -1 -1 -10 669 179 704 210 -1 -1 -1 -1000 -1000 -1000 -10 0.999935
149 16 car -1 -1 -10 908 171 963 197 -1 -1 -1 -1000 -1000 -1000 -10 0.998384
150 0 car -1 -1 -10 585 179 641 235 -1 -1 -1 -1000 -1000 -1000 -10 0.999943
150 12 car -1 -1 -10 967 166 1030 205 -1 -1 -1 -1000 -1000 -1000 -10 0.999894
150 15 car -1 -1 -10 671 182 708 215 -1 -1 -1 -1000 -1000 -1000 -10 0.999843
150 16 car -1 -1 -10 918 176 976 202 -1 -1 -1 -1000 -1000 -1000 -10 0.999408
151 0 car -1 -1 -10 586 178 641 235 -1 -1 -1 -1000 -1000 -1000 -10 0.999963
151 12 car -1 -1 -10 981 162 1055 205 -1 -1 -1 -1000 -1000 -1000 -10 0.999791
151 15 car -1 -1 -10 672 179 714 214 -1 -1 -1 -1000 -1000 -1000 -10 0.999551
151 16 car -1 -1 -10 929 172 991 200 -1 -1 -1 -1000 -1000 -1000 -10 0.993159
152 0 car -1 -1 -10 587 173 643 231 -1 -1 -1 -1000 -1000 -1000 -10 0.999975
152 12 car -1 -1 -10 996 158 1073 200 -1 -1 -1 -1000 -1000 -1000 -10 0.999933
152 15 car -1 -1 -10 675 176 719 211 -1 -1 -1 -1000 -1000 -1000 -10 0.999987
152 16 car -1 -1 -10 939 166 1008 195 -1 -1 -1 -1000 -1000 -1000 -10 0.998713
153 0 car -1 -1 -10 589 173 645 231 -1 -1 -1 -1000 -1000 -1000 -10 0.999983
153 12 car -1 -1 -10 1015 155 1094 200 -1 -1 -1 -1000 -1000 -1000 -10 0.999815
153 15 car -1 -1 -10 679 175 725 213 -1 -1 -1 -1000 -1000 -1000 -10 0.99994
153 16 car -1 -1 -10 953 164 1025 194 -1 -1 -1 -1000 -1000 -1000 -10 0.998877
154 0 car -1 -1 -10 591 174 646 232 -1 -1 -1 -1000 -1000 -1000 -10 0.999954
154 12 car -1 -1 -10 1032 152 1117 199 -1 -1 -1 -1000 -1000 -1000 -10 0.999764
154 15 car -1 -1 -10 683 177 731 215 -1 -1 -1 -1000 -1000 -1000 -10 0.999332
154 16 car -1 -1 -10 965 163 1043 197 -1 -1 -1 -1000 -1000 -1000 -10 0.998773
155 0 car -1 -1 -10 592 175 647 233 -1 -1 -1 -1000 -1000 -1000 -10 0.999944
155 12 car -1 -1 -10 1052 155 1144 201 -1 -1 -1 -1000 -1000 -1000 -10 0.999382
155 15 car -1 -1 -10 686 178 740 220 -1 -1 -1 -1000 -1000 -1000 -10 0.999889
155 16 car -1 -1 -10 981 161 1064 196 -1 -1 -1 -1000 -1000 -1000 -10 0.999139
156 0 car -1 -1 -10 593 177 650 232 -1 -1 -1 -1000 -1000 -1000 -10 0.999958
156 12 car -1 -1 -10 1069 150 1180 205 -1 -1 -1 -1000 -1000 -1000 -10 0.999554
156 15 car -1 -1 -10 691 178 746 223 -1 -1 -1 -1000 -1000 -1000 -10 0.999974
156 16 car -1 -1 -10 996 164 1087 199 -1 -1 -1 -1000 -1000 -1000 -10 0.999297
157 0 car -1 -1 -10 594 177 652 231 -1 -1 -1 -1000 -1000 -1000 -10 0.999969
157 12 car -1 -1 -10 1091 150 1226 208 -1 -1 -1 -1000 -1000 -1000 -10 0.999953
157 15 car -1 -1 -10 693 178 754 226 -1 -1 -1 -1000 -1000 -1000 -10 0.999929
157 16 car -1 -1 -10 1009 164 1104 202 -1 -1 -1 -1000 -1000 -1000 -10 0.999532
158 0 car -1 -1 -10 595 176 653 231 -1 -1 -1 -1000 -1000 -1000 -10 0.999977
158 12 car -1 -1 -10 1116 150 1242 207 -1 -1 -1 -1000 -1000 -1000 -10 0.999717
158 15 car -1 -1 -10 698 180 765 228 -1 -1 -1 -1000 -1000 -1000 -10 0.999952
158 16 car -1 -1 -10 1023 163 1130 202 -1 -1 -1 -1000 -1000 -1000 -10 0.99977
159 0 car -1 -1 -10 597 174 654 231 -1 -1 -1 -1000 -1000 -1000 -10 0.999971
159 12 car -1 -1 -10 1144 148 1242 210 -1 -1 -1 -1000 -1000 -1000 -10 0.999654
159 15 car -1 -1 -10 704 178 778 231 -1 -1 -1 -1000 -1000 -1000 -10 0.999871
159 16 car -1 -1 -10 1054 160 1157 202 -1 -1 -1 -1000 -1000 -1000 -10 0.997637
160 0 car -1 -1 -10 599 176 655 231 -1 -1 -1 -1000 -1000 -1000 -10 0.999979
160 12 car -1 -1 -10 1178 144 1242 213 -1 -1 -1 -1000 -1000 -1000 -10 0.966624
160 15 car -1 -1 -10 713 182 791 236 -1 -1 -1 -1000 -1000 -1000 -10 0.994742
160 16 car -1 -1 -10 1071 159 1192 206 -1 -1 -1 -1000 -1000 -1000 -10 0.998687
161 0 car -1 -1 -10 601 176 655 233 -1 -1 -1 -1000 -1000 -1000 -10 0.999965
161 15 car -1 -1 -10 715 178 810 246 -1 -1 -1 -1000 -1000 -1000 -10 0.999935
161 16 car -1 -1 -10 1093 161 1220 207 -1 -1 -1 -1000 -1000 -1000 -10 0.999865
161 17 pedestrian -1 -1 -10 738 178 763 240 -1 -1 -1 -1000 -1000 -1000 -10 0.397416
162 0 car -1 -1 -10 602 176 657 233 -1 -1 -1 -1000 -1000 -1000 -10 0.999971
162 15 car -1 -1 -10 725 180 823 253 -1 -1 -1 -1000 -1000 -1000 -10 0.99998
162 16 car -1 -1 -10 1119 161 1242 208 -1 -1 -1 -1000 -1000 -1000 -10 0.999721
163 0 car -1 -1 -10 603 176 657 233 -1 -1 -1 -1000 -1000 -1000 -10 0.999949
163 15 car -1 -1 -10 735 178 846 260 -1 -1 -1 -1000 -1000 -1000 -10 0.999978
163 16 car -1 -1 -10 1140 159 1242 209 -1 -1 -1 -1000 -1000 -1000 -10 0.999103
164 0 car -1 -1 -10 603 177 660 233 -1 -1 -1 -1000 -1000 -1000 -10 0.999947
164 15 car -1 -1 -10 748 179 872 272 -1 -1 -1 -1000 -1000 -1000 -10 0.999973
164 16 car -1 -1 -10 1177 160 1242 204 -1 -1 -1 -1000 -1000 -1000 -10 0.978303
164 18 pedestrian -1 -1 -10 781 173 810 272 -1 -1 -1 -1000 -1000 -1000 -10 0.738877
165 0 car -1 -1 -10 604 178 660 234 -1 -1 -1 -1000 -1000 -1000 -10 0.999948
165 15 car -1 -1 -10 756 185 912 283 -1 -1 -1 -1000 -1000 -1000 -10 0.999885
165 16 car -1 -1 -10 1214 158 1242 209 -1 -1 -1 -1000 -1000 -1000 -10 0.935195
165 19 pedestrian -1 -1 -10 806 171 837 291 -1 -1 -1 -1000 -1000 -1000 -10 0.887705
166 0 car -1 -1 -10 604 179 660 234 -1 -1 -1 -1000 -1000 -1000 -10 0.999798
166 15 car -1 -1 -10 777 185 954 302 -1 -1 -1 -1000 -1000 -1000 -10 0.999937
166 20 pedestrian -1 -1 -10 836 178 873 306 -1 -1 -1 -1000 -1000 -1000 -10 0.90336
167 0 car -1 -1 -10 604 179 660 235 -1 -1 -1 -1000 -1000 -1000 -10 0.99976
167 15 car -1 -1 -10 796 189 1016 323 -1 -1 -1 -1000 -1000 -1000 -10 0.999889
167 21 pedestrian -1 -1 -10 880 165 919 340 -1 -1 -1 -1000 -1000 -1000 -10 0.590336
168 0 car -1 -1 -10 604 178 660 235 -1 -1 -1 -1000 -1000 -1000 -10 0.999783
168 15 car -1 -1 -10 817 195 1109 356 -1 -1 -1 -1000 -1000 -1000 -10 0.999831
168 22 pedestrian -1 -1 -10 937 159 997 369 -1 -1 -1 -1000 -1000 -1000 -10 0.983739
169 0 car -1 -1 -10 603 177 660 235 -1 -1 -1 -1000 -1000 -1000 -10 0.999822
169 15 car -1 -1 -10 833 189 1242 372 -1 -1 -1 -1000 -1000 -1000 -10 0.998971
169 23 pedestrian -1 -1 -10 1034 166 1111 375 -1 -1 -1 -1000 -1000 -1000 -10 0.965
170 0 car -1 -1 -10 603 178 660 235 -1 -1 -1 -1000 -1000 -1000 -10 0.999743
170 15 car -1 -1 -10 897 189 1242 375 -1 -1 -1 -1000 -1000 -1000 -10 0.999676
171 0 car -1 -1 -10 603 180 662 239 -1 -1 -1 -1000 -1000 -1000 -10 0.99988
171 15 car -1 -1 -10 960 201 1242 370 -1 -1 -1 -1000 -1000 -1000 -10 0.99865
172 0 car -1 -1 -10 603 181 662 239 -1 -1 -1 -1000 -1000 -1000 -10 0.999955
172 15 car -1 -1 -10 1094 197 1242 371 -1 -1 -1 -1000 -1000 -1000 -10 0.996665
173 0 car -1 -1 -10 603 181 662 239 -1 -1 -1 -1000 -1000 -1000 -10 0.999955
174 0 car -1 -1 -10 602 180 662 239 -1 -1 -1 -1000 -1000 -1000 -10 0.999946
175 0 car -1 -1 -10 602 180 662 239 -1 -1 -1 -1000 -1000 -1000 -10 0.999919
176 0 car -1 -1 -10 602 180 662 240 -1 -1 -1 -1000 -1000 -1000 -10 0.999887
177 0 car -1 -1 -10 602 179 662 239 -1 -1 -1 -1000 -1000 -1000 -10 0.999739
178 0 car -1 -1 -10 602 178 661 236 -1 -1 -1 -1000 -1000 -1000 -10 0.999649
179 0 car -1 -1 -10 600 177 660 240 -1 -1 -1 -1000 -1000 -1000 -10 0.999547
180 0 car -1 -1 -10 600 178 661 240 -1 -1 -1 -1000 -1000 -1000 -10 0.999698
181 0 car -1 -1 -10 599 178 661 240 -1 -1 -1 -1000 -1000 -1000 -10 0.999746
182 0 car -1 -1 -10 599 175 661 238 -1 -1 -1 -1000 -1000 -1000 -10 0.999818
183 0 car -1 -1 -10 599 174 660 235 -1 -1 -1 -1000 -1000 -1000 -10 0.999939
184 0 car -1 -1 -10 600 172 659 235 -1 -1 -1 -1000 -1000 -1000 -10 0.999962
185 0 car -1 -1 -10 599 170 658 233 -1 -1 -1 -1000 -1000 -1000 -10 0.999968
186 0 car -1 -1 -10 599 170 658 234 -1 -1 -1 -1000 -1000 -1000 -10 0.999969
187 0 car -1 -1 -10 599 170 658 233 -1 -1 -1 -1000 -1000 -1000 -10 0.999972
188 0 car -1 -1 -10 599 170 658 233 -1 -1 -1 -1000 -1000 -1000 -10 0.999967
189 0 car -1 -1 -10 599 171 657 235 -1 -1 -1 -1000 -1000 -1000 -10 0.99997
190 0 car -1 -1 -10 599 172 657 235 -1 -1 -1 -1000 -1000 -1000 -10 0.999969
191 0 car -1 -1 -10 599 173 657 237 -1 -1 -1 -1000 -1000 -1000 -10 0.999971
192 0 car -1 -1 -10 598 175 660 238 -1 -1 -1 -1000 -1000 -1000 -10 0.999935
193 0 car -1 -1 -10 598 175 659 239 -1 -1 -1 -1000 -1000 -1000 -10 0.999912
194 0 car -1 -1 -10 598 175 659 239 -1 -1 -1 -1000 -1000 -1000 -10 0.999944
195 0 car -1 -1 -10 598 174 659 239 -1 -1 -1 -1000 -1000 -1000 -10 0.999953
196 0 car -1 -1 -10 598 175 660 239 -1 -1 -1 -1000 -1000 -1000 -10 0.99993
197 0 car -1 -1 -10 598 175 660 239 -1 -1 -1 -1000 -1000 -1000 -10 0.999924
198 0 car -1 -1 -10 599 174 659 238 -1 -1 -1 -1000 -1000 -1000 -10 0.999966
199 0 car -1 -1 -10 598 175 660 237 -1 -1 -1 -1000 -1000 -1000 -10 0.999971
200 0 car -1 -1 -10 600 173 659 236 -1 -1 -1 -1000 -1000 -1000 -10 0.999984
201 0 car -1 -1 -10 599 175 661 237 -1 -1 -1 -1000 -1000 -1000 -10 0.999965
202 0 car -1 -1 -10 598 174 661 237 -1 -1 -1 -1000 -1000 -1000 -10 0.999978
203 0 car -1 -1 -10 598 175 661 238 -1 -1 -1 -1000 -1000 -1000 -10 0.999966
204 0 car -1 -1 -10 598 175 660 239 -1 -1 -1 -1000 -1000 -1000 -10 0.999967
205 0 car -1 -1 -10 599 176 660 241 -1 -1 -1 -1000 -1000 -1000 -10 0.999951
206 0 car -1 -1 -10 598 175 660 238 -1 -1 -1 -1000 -1000 -1000 -10 0.999943
207 0 car -1 -1 -10 598 175 660 238 -1 -1 -1 -1000 -1000 -1000 -10 0.999967
208 0 car -1 -1 -10 598 175 659 237 -1 -1 -1 -1000 -1000 -1000 -10 0.999977
209 0 car -1 -1 -10 598 175 658 238 -1 -1 -1 -1000 -1000 -1000 -10 0.999976
210 0 car -1 -1 -10 598 176 657 238 -1 -1 -1 -1000 -1000 -1000 -10 0.999958
211 0 car -1 -1 -10 596 176 655 236 -1 -1 -1 -1000 -1000 -1000 -10 0.999987
212 0 car -1 -1 -10 595 176 653 236 -1 -1 -1 -1000 -1000 -1000 -10 0.999987
213 0 car -1 -1 -10 593 177 652 236 -1 -1 -1 -1000 -1000 -1000 -10 0.999981
214 0 car -1 -1 -10 592 177 652 236 -1 -1 -1 -1000 -1000 -1000 -10 0.999955
215 0 car -1 -1 -10 589 176 649 237 -1 -1 -1 -1000 -1000 -1000 -10 0.999967
216 0 car -1 -1 -10 590 175 645 236 -1 -1 -1 -1000 -1000 -1000 -10 0.999995
216 24 pedestrian -1 -1 -10 133 180 160 252 -1 -1 -1 -1000 -1000 -1000 -10 0.942015
217 0 car -1 -1 -10 588 175 644 235 -1 -1 -1 -1000 -1000 -1000 -10 0.999997
217 25 pedestrian -1 -1 -10 82 183 112 260 -1 -1 -1 -1000 -1000 -1000 -10 0.885226
218 0 car -1 -1 -10 586 175 644 235 -1 -1 -1 -1000 -1000 -1000 -10 0.999996
218 26 pedestrian -1 -1 -10 27 184 58 269 -1 -1 -1 -1000 -1000 -1000 -10 0.909084
219 0 car -1 -1 -10 585 176 643 235 -1 -1 -1 -1000 -1000 -1000 -10 0.999994
220 0 car -1 -1 -10 585 176 642 235 -1 -1 -1 -1000 -1000 -1000 -10 0.999988
221 0 car -1 -1 -10 584 176 642 235 -1 -1 -1 -1000 -1000 -1000 -10 0.999984
222 0 car -1 -1 -10 583 176 642 234 -1 -1 -1 -1000 -1000 -1000 -10 0.999981
223 0 car -1 -1 -10 583 177 641 235 -1 -1 -1 -1000 -1000 -1000 -10 0.99998
224 0 car -1 -1 -10 583 178 641 235 -1 -1 -1 -1000 -1000 -1000 -10 0.999971
225 0 car -1 -1 -10 583 177 641 235 -1 -1 -1 -1000 -1000 -1000 -10 0.999975
226 0 car -1 -1 -10 582 177 640 235 -1 -1 -1 -1000 -1000 -1000 -10 0.999967
227 0 car -1 -1 -10 579 177 639 235 -1 -1 -1 -1000 -1000 -1000 -10 0.999945
228 0 car -1 -1 -10 579 177 637 236 -1 -1 -1 -1000 -1000 -1000 -10 0.999946
229 0 car -1 -1 -10 579 178 637 236 -1 -1 -1 -1000 -1000 -1000 -10 0.999945
230 0 car -1 -1 -10 579 178 636 236 -1 -1 -1 -1000 -1000 -1000 -10 0.99996
231 0 car -1 -1 -10 579 178 634 235 -1 -1 -1 -1000 -1000 -1000 -10 0.999977
232 0 car -1 -1 -10 578 178 634 235 -1 -1 -1 -1000 -1000 -1000 -10 0.99998
233 0 car -1 -1 -10 578 178 633 234 -1 -1 -1 -1000 -1000 -1000 -10 0.999989
234 0 car -1 -1 -10 577 177 633 234 -1 -1 -1 -1000 -1000 -1000 -10 0.999987
235 0 car -1 -1 -10 577 178 633 233 -1 -1 -1 -1000 -1000 -1000 -10 0.99999
236 0 car -1 -1 -10 577 178 632 233 -1 -1 -1 -1000 -1000 -1000 -10 0.999987
237 0 car -1 -1 -10 577 178 631 233 -1 -1 -1 -1000 -1000 -1000 -10 0.999988
238 0 car -1 -1 -10 577 177 632 232 -1 -1 -1 -1000 -1000 -1000 -10 0.999987
239 0 car -1 -1 -10 578 176 631 231 -1 -1 -1 -1000 -1000 -1000 -10 0.999993
240 0 car -1 -1 -10 578 176 632 231 -1 -1 -1 -1000 -1000 -1000 -10 0.999992
241 0 car -1 -1 -10 578 176 632 231 -1 -1 -1 -1000 -1000 -1000 -10 0.999993
242 0 car -1 -1 -10 579 177 632 231 -1 -1 -1 -1000 -1000 -1000 -10 0.999991
243 0 car -1 -1 -10 579 177 632 231 -1 -1 -1 -1000 -1000 -1000 -10 0.999993
244 0 car -1 -1 -10 580 176 633 230 -1 -1 -1 -1000 -1000 -1000 -10 0.999995
245 0 car -1 -1 -10 581 175 633 230 -1 -1 -1 -1000 -1000 -1000 -10 0.999992
246 0 car -1 -1 -10 581 175 634 230 -1 -1 -1 -1000 -1000 -1000 -10 0.999992
247 0 car -1 -1 -10 582 174 635 230 -1 -1 -1 -1000 -1000 -1000 -10 0.999987
248 0 car -1 -1 -10 582 175 636 229 -1 -1 -1 -1000 -1000 -1000 -10 0.999985
249 0 car -1 -1 -10 582 174 637 229 -1 -1 -1 -1000 -1000 -1000 -10 0.999977
250 0 car -1 -1 -10 582 176 640 228 -1 -1 -1 -1000 -1000 -1000 -10 0.999983
251 0 car -1 -1 -10 583 176 640 228 -1 -1 -1 -1000 -1000 -1000 -10 0.999988
252 0 car -1 -1 -10 584 176 640 227 -1 -1 -1 -1000 -1000 -1000 -10 0.999989
253 0 car -1 -1 -10 586 176 639 228 -1 -1 -1 -1000 -1000 -1000 -10 0.999985
254 0 car -1 -1 -10 588 176 640 230 -1 -1 -1 -1000 -1000 -1000 -10 0.99999
255 0 car -1 -1 -10 590 177 642 229 -1 -1 -1 -1000 -1000 -1000 -10 0.999992
256 0 car -1 -1 -10 592 177 643 230 -1 -1 -1 -1000 -1000 -1000 -10 0.999995
257 0 car -1 -1 -10 592 176 644 229 -1 -1 -1 -1000 -1000 -1000 -10 0.999991
258 0 car -1 -1 -10 593 175 646 229 -1 -1 -1 -1000 -1000 -1000 -10 0.999982
259 0 car -1 -1 -10 594 178 649 228 -1 -1 -1 -1000 -1000 -1000 -10 0.999987
260 0 car -1 -1 -10 595 177 649 228 -1 -1 -1 -1000 -1000 -1000 -10 0.999995
261 0 car -1 -1 -10 596 177 649 228 -1 -1 -1 -1000 -1000 -1000 -10 0.99999
262 0 car -1 -1 -10 597 178 651 227 -1 -1 -1 -1000 -1000 -1000 -10 0.999976
263 0 car -1 -1 -10 599 178 652 227 -1 -1 -1 -1000 -1000 -1000 -10 0.999968
264 0 car -1 -1 -10 600 179 652 227 -1 -1 -1 -1000 -1000 -1000 -10 0.999973
265 0 car -1 -1 -10 601 179 653 227 -1 -1 -1 -1000 -1000 -1000 -10 0.999977
266 0 car -1 -1 -10 602 179 654 226 -1 -1 -1 -1000 -1000 -1000 -10 0.999968
266 27 car -1 -1 -10 578 176 603 192 -1 -1 -1 -1000 -1000 -1000 -10 0.969096
266 28 car -1 -1 -10 601 177 626 194 -1 -1 -1 -1000 -1000 -1000 -10 0.502968
267 0 car -1 -1 -10 603 178 655 227 -1 -1 -1 -1000 -1000 -1000 -10 0.999965
267 27 car -1 -1 -10 572 177 597 194 -1 -1 -1 -1000 -1000 -1000 -10 0.987246
268 0 car -1 -1 -10 603 178 656 227 -1 -1 -1 -1000 -1000 -1000 -10 0.999953
268 27 car -1 -1 -10 567 177 594 194 -1 -1 -1 -1000 -1000 -1000 -10 0.969781
268 29 car -1 -1 -10 592 176 619 196 -1 -1 -1 -1000 -1000 -1000 -10 0.993182
269 0 car -1 -1 -10 604 178 656 227 -1 -1 -1 -1000 -1000 -1000 -10 0.999907
269 27 car -1 -1 -10 560 177 588 196 -1 -1 -1 -1000 -1000 -1000 -10 0.969777
269 29 car -1 -1 -10 588 176 616 195 -1 -1 -1 -1000 -1000 -1000 -10 0.995706
270 0 car -1 -1 -10 605 179 659 227 -1 -1 -1 -1000 -1000 -1000 -10 0.999928
270 27 car -1 -1 -10 553 179 585 197 -1 -1 -1 -1000 -1000 -1000 -10 0.969692
270 29 car -1 -1 -10 582 177 613 196 -1 -1 -1 -1000 -1000 -1000 -10 0.997628
271 0 car -1 -1 -10 606 178 659 227 -1 -1 -1 -1000 -1000 -1000 -10 0.99996
271 27 car -1 -1 -10 547 178 577 197 -1 -1 -1 -1000 -1000 -1000 -10 0.99775
271 30 car -1 -1 -10 578 177 608 198 -1 -1 -1 -1000 -1000 -1000 -10 0.998091
272 0 car -1 -1 -10 606 178 659 227 -1 -1 -1 -1000 -1000 -1000 -10 0.999955
272 27 car -1 -1 -10 538 178 572 199 -1 -1 -1 -1000 -1000 -1000 -10 0.999596
272 30 car -1 -1 -10 570 177 604 198 -1 -1 -1 -1000 -1000 -1000 -10 0.999659
273 0 car -1 -1 -10 607 177 659 227 -1 -1 -1 -1000 -1000 -1000 -10 0.999963
273 27 car -1 -1 -10 529 179 568 200 -1 -1 -1 -1000 -1000 -1000 -10 0.994805
273 30 car -1 -1 -10 562 177 598 201 -1 -1 -1 -1000 -1000 -1000 -10 0.999882
274 0 car -1 -1 -10 607 177 659 227 -1 -1 -1 -1000 -1000 -1000 -10 0.99995
274 27 car -1 -1 -10 520 180 557 202 -1 -1 -1 -1000 -1000 -1000 -10 0.997651
274 30 car -1 -1 -10 555 178 592 203 -1 -1 -1 -1000 -1000 -1000 -10 0.999963
275 0 car -1 -1 -10 608 177 660 227 -1 -1 -1 -1000 -1000 -1000 -10 0.999949
275 27 car -1 -1 -10 509 180 548 204 -1 -1 -1 -1000 -1000 -1000 -10 0.999397
275 30 car -1 -1 -10 545 178 586 205 -1 -1 -1 -1000 -1000 -1000 -10 0.999984
276 0 car -1 -1 -10 610 175 659 226 -1 -1 -1 -1000 -1000 -1000 -10 0.99992
276 27 car -1 -1 -10 498 179 538 205 -1 -1 -1 -1000 -1000 -1000 -10 0.999547
276 30 car -1 -1 -10 534 178 580 206 -1 -1 -1 -1000 -1000 -1000 -10 0.999906
277 0 car -1 -1 -10 611 174 660 225 -1 -1 -1 -1000 -1000 -1000 -10 0.99992
277 27 car -1 -1 -10 483 179 530 208 -1 -1 -1 -1000 -1000 -1000 -10 0.998656
277 30 car -1 -1 -10 522 177 571 209 -1 -1 -1 -1000 -1000 -1000 -10 0.999899
278 0 car -1 -1 -10 612 175 660 225 -1 -1 -1 -1000 -1000 -1000 -10 0.999924
278 27 car -1 -1 -10 467 181 519 210 -1 -1 -1 -1000 -1000 -1000 -10 0.99825
278 30 car -1 -1 -10 510 178 562 214 -1 -1 -1 -1000 -1000 -1000 -10 0.999875
279 0 car -1 -1 -10 613 175 661 225 -1 -1 -1 -1000 -1000 -1000 -10 0.999928
279 27 car -1 -1 -10 448 182 504 215 -1 -1 -1 -1000 -1000 -1000 -10 0.99077
279 30 car -1 -1 -10 495 181 552 217 -1 -1 -1 -1000 -1000 -1000 -10 0.999981
280 0 car -1 -1 -10 614 175 662 225 -1 -1 -1 -1000 -1000 -1000 -10 0.999933
280 27 car -1 -1 -10 426 183 488 219 -1 -1 -1 -1000 -1000 -1000 -10 0.99988
280 30 car -1 -1 -10 475 180 540 225 -1 -1 -1 -1000 -1000 -1000 -10 0.999993
281 0 car -1 -1 -10 613 175 663 225 -1 -1 -1 -1000 -1000 -1000 -10 0.999943
281 27 car -1 -1 -10 398 182 470 226 -1 -1 -1 -1000 -1000 -1000 -10 0.999684
281 30 car -1 -1 -10 450 183 526 235 -1 -1 -1 -1000 -1000 -1000 -10 0.999986
282 0 car -1 -1 -10 614 175 663 227 -1 -1 -1 -1000 -1000 -1000 -10 0.999955
282 27 car -1 -1 -10 364 184 447 236 -1 -1 -1 -1000 -1000 -1000 -10 0.999443
282 30 car -1 -1 -10 413 182 507 248 -1 -1 -1 -1000 -1000 -1000 -10 0.999986
283 0 car -1 -1 -10 614 174 665 227 -1 -1 -1 -1000 -1000 -1000 -10 0.999937
283 27 car -1 -1 -10 311 184 416 243 -1 -1 -1 -1000 -1000 -1000 -10 0.997578
283 30 car -1 -1 -10 368 181 485 268 -1 -1 -1 -1000 -1000 -1000 -10 0.999996
284 0 car -1 -1 -10 614 174 666 228 -1 -1 -1 -1000 -1000 -1000 -10 0.999935
284 27 car -1 -1 -10 253 188 380 254 -1 -1 -1 -1000 -1000 -1000 -10 0.999774
284 30 car -1 -1 -10 291 186 452 287 -1 -1 -1 -1000 -1000 -1000 -10 0.999826
285 0 car -1 -1 -10 616 174 669 226 -1 -1 -1 -1000 -1000 -1000 -10 0.999912
285 27 car -1 -1 -10 154 190 322 281 -1 -1 -1 -1000 -1000 -1000 -10 0.999696
285 31 car -1 -1 -10 135 191 412 334 -1 -1 -1 -1000 -1000 -1000 -10 0.999838
286 0 car -1 -1 -10 618 173 669 225 -1 -1 -1 -1000 -1000 -1000 -10 0.999937
286 27 car -1 -1 -10 0 194 316 374 -1 -1 -1 -1000 -1000 -1000 -10 0.998452
286 32 car -1 -1 -10 23 191 235 315 -1 -1 -1 -1000 -1000 -1000 -10 0.583056
287 0 car -1 -1 -10 619 173 670 226 -1 -1 -1 -1000 -1000 -1000 -10 0.999918
287 32 car -1 -1 -10 0 206 168 360 -1 -1 -1 -1000 -1000 -1000 -10 0.998534
288 0 car -1 -1 -10 620 173 671 225 -1 -1 -1 -1000 -1000 -1000 -10 0.99992
289 0 car -1 -1 -10 620 173 671 225 -1 -1 -1 -1000 -1000 -1000 -10 0.999914
290 0 car -1 -1 -10 620 174 671 225 -1 -1 -1 -1000 -1000 -1000 -10 0.999892
291 0 car -1 -1 -10 620 175 670 225 -1 -1 -1 -1000 -1000 -1000 -10 0.999882
292 0 car -1 -1 -10 620 175 669 225 -1 -1 -1 -1000 -1000 -1000 -10 0.999891
293 0 car -1 -1 -10 619 175 669 225 -1 -1 -1 -1000 -1000 -1000 -10 0.999936
